0,1,207,207,0:00:05.120105
1,1,337,310,0:00:02.920777
2,1,326,314,0:00:05.580260
3,1,360,360,0:00:06.471053
4,1,33,33,0:00:00.419807
5,1,426,415,0:00:04.862714
6,1,367,363,0:00:07.177576
7,1,110,104,0:00:02.232678
8,1,143,143,0:00:02.730563
9,1,190,163,0:00:02.699252
10,1,316,289,0:00:24.167138
11,1,379,373,0:00:55.977371
12,1,415,366,0:01:19.084723
13,1,478,463,0:00:38.655807
14,1,85,76,0:00:03.850700
15,1,775,740,0:01:09.582680
16,1,598,585,0:01:01.940671
17,1,144,144,0:00:11.457894
18,1,251,242,0:00:15.845408
19,1,304,242,0:00:19.918671
20,1,1178,1145,0:00:11.477747
21,1,980,980,0:00:08.775747
22,1,1109,1088,0:00:11.081973
23,1,2194,2194,0:00:17.918750
24,1,62,62,0:00:00.718696
25,1,3181,3136,0:00:19.119028
26,1,3216,3198,0:00:25.204406
27,1,351,351,0:00:03.819483
28,1,143,143,0:00:02.622940
29,1,479,469,0:00:04.329761
30,1,1884,1805,0:01:40.339549
31,1,1837,1788,0:01:58.755811
32,1,1805,1549,0:01:42.162453
33,1,3555,3427,0:02:04.988260
34,1,56,55,0:00:04.080597
35,1,4959,4837,0:04:16.382844
36,1,5688,5535,0:03:29.864041
37,1,663,663,0:00:17.411997
38,1,242,242,0:00:13.120558
39,1,714,706,0:00:30.196453
40,1,3386,3386,0:00:15.908401
41,1,3849,3630,0:00:11.393387
42,1,3865,3781,0:00:12.001994
43,1,6709,6708,0:00:21.520570
44,1,210,210,0:00:00.633230
45,1,8804,8711,0:00:37.810247
46,1,10275,9919,0:00:38.174025
47,1,1364,1364,0:00:03.381235
48,1,358,340,0:00:02.717348
49,1,1495,1377,0:00:10.247929
50,1,5494,5396,0:02:16.384191
51,1,5482,5469,0:03:19.384317
52,1,6297,6146,0:02:36.078172
53,1,10724,10624,0:04:57.743448
54,1,288,285,0:00:07.020880
55,1,13712,12856,0:07:33.936999
56,1,17166,16662,0:08:36.993920
57,1,1948,1931,0:00:49.896281
58,1,680,639,0:00:24.656798
59,1,2702,2392,0:01:03.758752
60,1,1081,1070,0:00:24.412549
61,1,1329,1310,0:00:22.322863
62,1,1957,1932,0:00:47.431806
63,1,1163,1157,0:00:20.520518
64,1,485,474,0:00:06.640237
65,1,1340,1268,0:00:23.923189
66,1,1617,1515,0:00:22.702570
67,1,555,555,0:00:10.334230
68,1,872,836,0:00:18.042239
69,1,1261,1213,0:00:19.057855
70,1,1536,1432,0:04:04.237897
71,1,1867,1737,0:03:50.444866
72,1,3078,2749,0:08:21.999644
73,1,1934,1782,0:04:37.028200
74,1,732,649,0:01:01.672468
75,1,1854,1708,0:07:21.463116
76,1,2255,1996,0:05:12.840153
77,1,904,804,0:01:02.714810
78,1,1382,1288,0:04:05.073083
79,1,2255,2016,0:04:39.840061
80,1,4859,4822,0:00:40.261406
81,1,6355,5960,0:01:05.213305
82,1,12903,12339,0:01:33.859748
83,1,6218,6150,0:01:12.245375
84,1,1232,1158,0:00:09.835612
85,1,5945,5939,0:01:44.133058
86,1,6941,6794,0:01:11.068620
87,1,1916,1891,0:00:26.052178
88,1,1312,1261,0:00:12.829472
89,1,5860,5785,0:00:59.743475
90,1,8299,7800,0:07:50.349968
91,1,10099,9535,0:15:35.530632
92,1,20968,20169,0:20:52.724922
93,1,10868,10511,0:15:30.669972
94,1,1834,1629,0:01:42.474947
95,1,10140,9811,0:14:47.795725
96,1,11782,11117,0:14:02.351425
97,1,3067,2956,0:03:19.935636
98,1,2327,2043,0:03:45.369689
99,1,10255,9196,0:14:24.303673
100,1,14954,14807,0:01:38.656628
101,1,18468,18154,0:02:10.400025
102,1,37624,37239,0:03:36.892440
103,1,20191,19548,0:03:41.682131
104,1,3200,3199,0:00:17.923148
105,1,18164,18012,0:03:26.400488
106,1,20260,19992,0:02:40.434512
107,1,6148,5979,0:00:36.054065
108,1,3906,3852,0:00:31.841193
109,1,17818,17507,0:01:55.026077
110,1,24504,23844,0:14:10.140431
111,1,28992,28272,0:39:28.849346
112,1,62056,59851,0:52:18.669051
113,1,31453,30649,0:29:50.490455
114,1,5615,5357,0:03:02.905676
115,1,29728,28322,0:24:21.031385
116,1,34011,33165,0:47:24.768340
117,1,10625,9559,0:10:24.859536
118,1,6687,6059,0:08:14.198294
119,1,29502,28526,0:28:26.834038
120,1,2958,2850,0:02:18.663773
121,1,3902,3680,0:02:03.463537
122,1,3415,3272,0:01:41.490717
123,1,2910,2797,0:01:11.824434
124,1,1776,1722,0:01:14.475710
125,1,2810,2693,0:01:25.484433
126,1,2985,2801,0:01:43.587380
127,1,1690,1593,0:00:38.004124
128,1,2088,2064,0:01:04.620822
129,1,3109,2939,0:01:16.865404
130,1,4771,4315,0:10:04.542150
131,1,6162,5668,0:23:31.616766
132,1,5223,4811,0:08:40.632391
133,1,4088,3774,0:11:05.816833
134,1,2875,2685,0:10:32.949002
135,1,4515,4082,0:18:53.712089
136,1,4513,4197,0:14:38.254908
137,1,2741,2412,0:05:05.912935
138,1,3662,3272,0:18:52.030951
139,1,4567,4087,0:16:27.881011
140,1,17165,16845,0:03:12.896439
141,1,23603,22791,0:04:45.435517
142,1,13123,12943,0:01:57.221523
143,1,9970,9661,0:02:12.791673
144,1,4547,4502,0:01:27.680645
145,1,12709,12548,0:03:00.439002
146,1,14735,14341,0:03:41.862692
147,1,4244,4087,0:01:22.634281
148,1,5424,5228,0:01:54.149418
149,1,13541,13373,0:02:25.596001
150,1,28231,26787,1:08:22.852752
151,1,37961,36303,0:42:21.757633
152,1,21634,20131,1:08:49.600801
153,1,15873,15271,0:25:17.151007
154,1,7579,7226,0:23:57.830492
155,1,20837,20031,0:25:08.227667
156,1,22513,21883,0:27:47.495595
157,1,6964,6571,0:07:17.964195
158,1,8234,7534,0:09:03.490085
159,1,23273,21498,0:38:29.615925
160,1,50715,49942,0:06:55.759723
161,1,72934,71727,0:07:56.247851
162,1,37361,37212,0:05:39.358903
163,1,30126,29582,0:03:44.794400
164,1,14235,14149,0:02:20.349272
165,1,37508,36855,0:06:35.437618
166,1,42339,42116,0:09:03.941849
167,1,13268,12974,0:02:57.333175
168,1,15577,15218,0:01:42.216517
169,1,42250,41823,0:04:36.210591
170,1,86284,83271,1:35:58.575284
171,1,120030,116564,1:36:30.331639
172,1,63300,60900,0:51:49.393647
173,1,49435,47966,1:03:06.241027
174,1,25144,23967,0:18:45.793758
175,1,64458,62544,0:53:28.130931
176,1,72396,69765,0:52:40.128006
177,1,22646,21241,0:16:37.029034
178,1,24944,24068,0:41:29.342833
179,1,72360,69784,0:58:27.136890
180,1,5744,5574,0:04:27.118878
181,1,5352,5026,0:03:44.930461
182,1,4528,4373,0:03:44.648286
183,1,4669,4482,0:04:51.390508
184,1,3328,3107,0:03:18.056431
185,1,4559,4348,0:02:45.830440
186,1,5061,4863,0:04:13.397913
187,1,4242,3964,0:03:46.328100
188,1,4026,3889,0:04:25.614225
189,1,4179,4125,0:02:11.993631
190,1,9713,8941,0:29:55.002588
191,1,9125,8304,0:30:35.739083
192,1,7177,6527,0:38:32.385571
193,1,7624,7045,0:23:46.073803
194,1,5085,4719,0:12:20.409098
195,1,7231,6699,0:55:57.722429
196,1,8259,7737,0:18:00.427593
197,1,6912,6210,0:31:29.684224
198,1,6443,5885,0:12:22.278978
199,1,6446,5862,0:18:07.323630
200,1,35859,35261,0:15:06.366118
201,1,27638,27115,0:05:38.962185
202,1,15761,15444,0:05:12.175176
203,1,20552,20314,0:06:32.143803
204,1,10947,10637,0:02:27.792510
205,1,18310,18118,0:06:01.815593
206,1,18805,18575,0:04:50.083185
207,1,16007,15607,0:02:58.674794
208,1,12366,12237,0:02:57.231149
209,1,16074,15927,0:03:08.030176
210,1,61319,58086,1:07:28.474916
211,1,44575,42389,1:36:07.125259
212,1,25944,24422,0:43:33.683571
213,1,34742,32991,0:40:27.509217
214,1,17149,16544,0:20:33.672551
215,1,30051,28451,0:41:28.835248
216,1,31070,29623,1:08:45.463811
217,1,25000,23669,1:00:13.240450
218,1,20609,19394,0:23:29.474834
219,1,25953,24251,0:31:55.760420
220,1,111203,109822,0:13:56.239978
221,1,83511,81115,0:11:53.826065
222,1,46769,46073,0:07:11.575233
223,1,60280,59969,0:16:14.938245
224,1,31934,31223,0:08:04.667408
225,1,54664,53906,0:10:59.566779
226,1,58852,58252,0:12:06.048197
227,1,47623,46994,0:06:42.805296
228,1,36968,36366,0:04:45.873497
229,1,49434,47908,0:06:34.834710
230,1,185202,179977,3:15:00.689297
231,1,136698,132830,3:46:24.263831
232,1,77822,74813,1:31:57.457598
233,1,104906,100023,4:30:04.458659
234,1,53554,50964,2:08:08.252181
235,1,91891,87896,4:03:23.814008
236,1,98820,95092,1:38:27.964520
237,1,80487,76867,1:40:09.437734
238,1,59751,57926,1:13:52.156866
239,1,80991,78302,1:40:21.388895
0,2,201,201,0:00:06.484657
1,2,285,282,0:00:04.646518
2,2,304,304,0:00:15.883387
3,2,356,356,0:00:07.724586
4,2,30,30,0:00:00.627030
5,2,458,375,0:00:08.211485
6,2,327,327,0:00:07.403285
7,2,103,98,0:00:02.127657
8,2,-1,-1,-1
9,2,162,136,0:00:02.981718
10,2,250,248,0:00:25.363942
11,2,368,337,0:00:39.817659
12,2,372,355,0:00:47.193139
13,2,435,432,0:00:39.350139
14,2,63,56,0:00:04.204640
15,2,735,671,0:01:07.284603
16,2,562,523,0:01:07.518071
17,2,130,127,0:00:11.949793
18,2,221,220,0:00:14.766495
19,2,264,218,0:00:18.959017
20,2,1145,1143,0:00:11.183925
21,2,975,969,0:00:11.631446
22,2,1086,1086,0:00:11.299479
23,2,2112,2112,0:00:27.461303
24,2,57,57,0:00:00.762552
25,2,3108,3058,0:00:22.292093
26,2,3209,3132,0:00:23.992172
27,2,351,351,0:00:02.937330
28,2,-1,-1,-1
29,2,433,433,0:00:05.622917
30,2,1808,1725,0:01:38.221324
31,2,1837,1679,0:01:30.727138
32,2,1524,1481,0:04:28.423845
33,2,3528,3366,0:02:42.334608
34,2,52,51,0:00:04.381101
35,2,4835,4688,0:11:15.373005
36,2,5626,5306,0:04:15.936825
37,2,660,617,0:00:18.624132
38,2,220,220,0:00:14.572883
39,2,668,656,0:00:30.269087
40,2,3381,3380,0:00:28.226193
41,2,3570,3570,0:00:19.625900
42,2,3845,3678,0:00:19.418447
43,2,6823,6564,0:00:40.382442
44,2,210,210,0:00:01.164999
45,2,8914,8527,0:01:14.863006
46,2,9868,9849,0:01:09.394697
47,2,1364,1364,0:00:04.800116
48,2,-1,-1,-1
49,2,1367,1367,0:00:11.536029
50,2,5479,5260,0:03:24.441716
51,2,5412,5327,0:04:04.952177
52,2,6396,5877,0:04:39.609732
53,2,11415,10355,0:12:51.876144
54,2,274,274,0:00:08.154941
55,2,14252,12830,0:12:04.374189
56,2,17507,16278,0:09:57.808502
57,2,1984,1929,0:01:45.302860
58,2,619,601,0:00:44.680166
59,2,2571,2283,0:01:22.191019
60,2,1060,1026,0:00:30.861279
61,2,1313,1251,0:00:48.176904
62,2,1826,1805,0:01:16.761391
63,2,1104,1098,0:00:34.152080
64,2,468,458,0:00:09.823996
65,2,1259,1207,0:00:32.575964
66,2,1468,1435,0:00:35.255957
67,2,525,525,0:00:11.479754
68,2,-1,-1,-1
69,2,1228,1183,0:00:35.006721
70,2,1506,1344,0:03:59.676716
71,2,1816,1689,0:05:58.994314
72,2,2907,2662,0:09:37.378383
73,2,1852,1667,0:06:06.165730
74,2,678,613,0:01:27.171445
75,2,1841,1623,0:06:38.730974
76,2,2146,1911,0:04:59.523885
77,2,829,755,0:01:53.291467
78,2,1360,1254,0:02:36.549685
79,2,2146,1928,0:03:34.428534
80,2,4648,4643,0:00:52.627848
81,2,6184,5836,0:02:51.018850
82,2,12419,11996,0:04:30.641297
83,2,6046,6031,0:01:30.041425
84,2,1171,1167,0:00:11.662234
85,2,6062,5858,0:01:22.110014
86,2,6669,6665,0:01:19.886790
87,2,1879,1847,0:00:30.619255
88,2,-1,-1,-1
89,2,5678,5674,0:01:46.506549
90,2,8514,7578,0:16:59.897296
91,2,9744,9333,0:10:08.346081
92,2,20852,19656,0:25:17.378809
93,2,11105,10120,0:10:39.379302
94,2,1612,1531,0:02:22.107929
95,2,10099,9514,0:16:08.532821
96,2,11581,10981,0:20:52.998071
97,2,3101,2867,0:03:29.444961
98,2,2168,1950,0:04:10.030255
99,2,9794,9050,0:21:18.810745
100,2,14803,14627,0:03:12.348813
101,2,18147,17929,0:03:28.075532
102,2,37334,36903,0:09:40.019190
103,2,19576,19327,0:03:23.223215
104,2,3296,3138,0:01:03.560186
105,2,18374,17872,0:04:17.927465
106,2,20272,19673,0:07:23.942659
107,2,6123,5936,0:00:57.365241
108,2,-1,-1,-1
109,2,17577,17228,0:06:29.637344
110,2,25074,23412,0:53:21.404169
111,2,29685,28105,1:00:39.742767
112,2,62676,59628,1:32:30.824388
113,2,32040,30342,0:25:54.702230
114,2,6113,5251,0:08:18.914383
115,2,29018,28104,0:23:29.886684
116,2,34241,32880,0:31:55.696956
117,2,10148,9484,0:07:24.785591
118,2,6299,5865,0:13:07.140130
119,2,30079,28020,0:42:30.566865
120,2,2794,2778,0:02:23.971179
121,2,3574,3428,0:03:36.989896
122,2,-1,-1,-1
123,2,-1,-1,-1
124,2,1645,1633,0:01:19.195607
125,2,-1,-1,-1
126,2,2829,2720,0:02:30.746650
127,2,1523,1493,0:00:36.401834
128,2,-1,-1,-1
129,2,2869,2763,0:01:33.436390
130,2,4582,4174,0:18:17.104201
131,2,6269,5425,0:19:21.070748
132,2,5050,4433,0:13:20.253830
133,2,4125,3643,0:11:13.876959
134,2,2861,2575,0:09:28.113444
135,2,4258,3901,0:31:13.088283
136,2,4595,4041,0:19:28.525406
137,2,2554,2284,0:11:07.777023
138,2,3418,3125,0:19:55.331035
139,2,4486,3912,0:12:41.538242
140,2,16818,16510,0:05:06.808193
141,2,22956,22512,0:10:42.242079
142,2,-1,-1,-1
143,2,-1,-1,-1
144,2,4622,4450,0:01:18.247887
145,2,-1,-1,-1
146,2,14180,13876,0:06:09.210348
147,2,4093,4036,0:02:04.029950
148,2,-1,-1,-1
149,2,13454,13147,0:04:50.850385
150,2,28254,26234,1:09:39.122141
151,2,39454,35729,0:48:39.441177
152,2,21367,19915,0:44:24.284440
153,2,16364,15009,0:43:03.423947
154,2,7777,7035,0:16:46.628492
155,2,20575,19575,0:23:27.376149
156,2,23573,21648,1:32:50.827127
157,2,6846,6295,0:12:30.715614
158,2,8035,7402,0:36:02.244404
159,2,23310,20896,0:30:35.759462
160,2,49768,49198,0:12:09.749801
161,2,71717,70965,0:21:05.297002
162,2,-1,-1,-1
163,2,-1,-1,-1
164,2,14505,14070,0:03:50.770644
165,2,-1,-1,-1
166,2,42475,41822,0:09:41.988610
167,2,12897,12727,0:02:19.384163
168,2,-1,-1,-1
169,2,41814,41315,0:07:12.268957
170,2,85525,82174,1:27:13.059396
171,2,121595,115540,1:50:22.267758
172,2,63890,60345,1:03:31.271929
173,2,50291,47409,1:12:23.113702
174,2,26017,23478,0:44:33.413742
175,2,65395,62227,1:38:40.088836
176,2,72295,69402,2:09:24.281639
177,2,22341,20883,0:15:57.309080
178,2,25348,23884,0:39:48.963878
179,2,72053,69132,1:06:45.876852
180,2,5649,5393,0:10:01.284350
181,2,5026,4773,0:03:48.120551
182,2,-1,-1,-1
183,2,-1,-1,-1
184,2,3053,2929,0:02:29.459992
185,2,-1,-1,-1
186,2,4783,4657,0:03:04.840053
187,2,4054,3816,0:04:26.342820
188,2,-1,-1,-1
189,2,4019,3848,0:02:10.254790
190,2,9551,8595,0:33:52.761116
191,2,8859,7996,0:35:04.379985
192,2,7042,6289,0:39:26.175588
193,2,7642,6732,0:18:44.934327
194,2,5016,4485,0:32:53.282567
195,2,7441,6382,0:32:15.095130
196,2,8220,7436,0:24:35.980670
197,2,6656,5904,0:42:16.701970
198,2,6336,5662,0:13:22.762746
199,2,6259,5675,0:16:29.488838
200,2,35434,34733,0:23:16.789846
201,2,27048,26628,0:07:26.260913
202,2,-1,-1,-1
203,2,-1,-1,-1
204,2,10455,10372,0:02:31.827357
205,2,-1,-1,-1
206,2,18658,18341,0:06:50.213232
207,2,15642,15201,0:09:48.392530
208,2,-1,-1,-1
209,2,15993,15601,0:03:47.198875
210,2,60930,56820,4:26:12.240367
211,2,44356,41798,1:05:00.019322
212,2,25901,24037,1:00:45.507495
213,2,35403,32322,0:57:03.481277
214,2,17826,16046,0:34:45.305772
215,2,29979,28087,1:07:58.712019
216,2,30942,29077,1:14:22.568986
217,2,25831,23310,0:52:14.504801
218,2,20479,18929,0:41:46.560331
219,2,25676,23821,1:04:37.526903
220,2,110364,108608,0:25:42.654534
221,2,81778,79925,0:20:43.769635
222,2,-1,-1,-1
223,2,-1,-1,-1
224,2,31281,30782,0:05:40.091231
225,2,-1,-1,-1
226,2,58299,57483,0:21:14.880581
227,2,47129,46445,0:08:36.451672
228,2,-1,-1,-1
229,2,47940,47281,0:09:57.413802
230,2,188803,177364,6:47:43.763207
231,2,137659,132047,5:06:01.120120
232,2,77872,74111,1:32:28.432286
233,2,103749,98956,2:59:29.720963
234,2,53320,50577,1:22:28.050271
235,2,92083,87428,1:38:51.079094
236,2,99147,94162,3:12:55.176591
237,2,80512,75682,4:42:26.781362
238,2,61262,57503,1:18:57.150225
239,2,82127,77376,2:28:29.178749
0,3,197,197,0:00:04.939942
1,3,268,264,0:00:06.224363
2,3,304,302,0:00:07.812966
3,3,352,352,0:00:07.860222
4,3,-1,-1,-1
5,3,391,349,0:00:10.090361
6,3,320,318,0:00:08.337300
7,3,96,96,0:00:01.806814
8,3,-1,-1,-1
9,3,128,118,0:00:05.803860
10,3,238,231,0:00:32.359066
11,3,361,315,0:00:40.673698
12,3,420,336,0:01:49.226701
13,3,425,413,0:00:43.397524
14,3,47,47,0:00:03.762461
15,3,676,611,0:01:56.561238
16,3,553,474,0:01:15.140467
17,3,124,121,0:00:13.354220
18,3,198,198,0:00:16.860720
19,3,277,205,0:00:23.309713
20,3,1143,1143,0:00:12.821565
21,3,963,962,0:00:14.465279
22,3,1086,1086,0:00:13.309081
23,3,2091,2089,0:00:35.854899
24,3,-1,-1,-1
25,3,3026,3016,0:00:25.358584
26,3,3172,3097,0:00:42.966859
27,3,351,351,0:00:02.827273
28,3,-1,-1,-1
29,3,404,404,0:00:05.655620
30,3,1834,1651,0:03:28.763655
31,3,1745,1594,0:01:33.668925
32,3,1589,1410,0:02:29.329222
33,3,3415,3198,0:03:22.003547
34,3,56,51,0:00:04.828952
35,3,4894,4574,0:10:27.799646
36,3,5604,5205,0:05:36.830302
37,3,609,592,0:00:24.229905
38,3,199,198,0:00:17.660739
39,3,630,605,0:00:33.535045
40,3,3381,3380,0:00:32.907383
41,3,3526,3526,0:00:23.561655
42,3,3844,3612,0:00:24.328548
43,3,6463,6462,0:00:48.284454
44,3,-1,-1,-1
45,3,8635,8345,0:02:22.277002
46,3,9822,9677,0:01:30.148003
47,3,1340,1340,0:00:06.551561
48,3,-1,-1,-1
49,3,1367,1367,0:00:13.233445
50,3,5579,5119,0:04:14.977080
51,3,5357,5240,0:11:07.805165
52,3,6150,5691,0:04:33.373049
53,3,11009,10287,0:11:37.656090
54,3,278,274,0:00:08.672107
55,3,13633,12818,0:12:31.775385
56,3,17568,16009,0:16:14.023312
57,3,2087,1888,0:01:11.265177
58,3,635,582,0:00:36.574445
59,3,2449,2253,0:01:28.570648
60,3,-1,-1,-1
61,3,1231,1208,0:00:35.685242
62,3,1858,1758,0:01:13.127501
63,3,-1,-1,-1
64,3,-1,-1,-1
65,3,-1,-1,-1
66,3,-1,-1,-1
67,3,525,520,0:00:17.687411
68,3,-1,-1,-1
69,3,1176,1173,0:00:31.580626
70,3,1449,1307,0:09:26.679217
71,3,1753,1658,0:09:54.361162
72,3,2870,2618,0:12:14.229974
73,3,1823,1604,0:08:20.604129
74,3,644,603,0:01:56.914172
75,3,1828,1575,0:07:06.986545
76,3,2030,1867,0:09:26.074773
77,3,978,743,0:02:09.570082
78,3,1380,1203,0:03:53.981350
79,3,2069,1874,0:05:13.707930
80,3,-1,-1,-1
81,3,5827,5793,0:01:52.254061
82,3,12263,11750,0:02:49.436455
83,3,-1,-1,-1
84,3,-1,-1,-1
85,3,-1,-1,-1
86,3,-1,-1,-1
87,3,1879,1847,0:00:40.572252
88,3,-1,-1,-1
89,3,5652,5594,0:01:40.613612
90,3,8254,7423,0:16:46.706908
91,3,9615,9167,0:15:29.199285
92,3,20849,19447,0:33:38.675876
93,3,10957,9907,0:13:20.075061
94,3,1545,1471,0:02:29.290305
95,3,9852,9344,0:12:20.417823
96,3,11261,10804,0:36:32.599971
97,3,3114,2825,0:02:49.455560
98,3,2103,1890,0:05:58.256441
99,3,9561,8914,0:13:03.829644
100,3,-1,-1,-1
101,3,18084,17889,0:02:54.206128
102,3,36885,36491,0:07:14.037738
103,3,-1,-1,-1
104,3,-1,-1,-1
105,3,-1,-1,-1
106,3,-1,-1,-1
107,3,5936,5925,0:00:58.006834
108,3,-1,-1,-1
109,3,17203,17176,0:04:11.419021
110,3,25090,23126,0:28:26.002680
111,3,29044,28010,0:51:17.882338
112,3,62008,59363,2:47:51.281084
113,3,32286,29965,1:00:41.301325
114,3,5897,5136,0:05:18.920571
115,3,29361,27869,0:48:22.910706
116,3,33814,32535,0:58:06.405878
117,3,10418,9427,0:13:32.265732
118,3,6205,5796,0:06:34.522475
119,3,30218,27708,0:37:10.853427
120,3,-1,-1,-1
121,3,3517,3302,0:02:46.947115
122,3,-1,-1,-1
123,3,-1,-1,-1
124,3,-1,-1,-1
125,3,-1,-1,-1
126,3,-1,-1,-1
127,3,-1,-1,-1
128,3,-1,-1,-1
129,3,-1,-1,-1
130,3,4515,4063,0:21:03.464265
131,3,6021,5268,0:36:33.829776
132,3,4886,4173,0:13:14.444235
133,3,3843,3511,0:24:28.969165
134,3,2847,2492,0:08:03.934273
135,3,4308,3774,0:30:35.373771
136,3,4454,3965,0:29:18.160812
137,3,2642,2221,0:05:32.573662
138,3,3305,3005,0:12:51.969099
139,3,4511,3787,0:17:25.996262
140,3,-1,-1,-1
141,3,22565,22394,0:08:41.418808
142,3,-1,-1,-1
143,3,-1,-1,-1
144,3,-1,-1,-1
145,3,-1,-1,-1
146,3,-1,-1,-1
147,3,-1,-1,-1
148,3,-1,-1,-1
149,3,-1,-1,-1
150,3,27969,26132,0:46:14.310334
151,3,37847,35352,1:34:58.153597
152,3,21476,19599,2:09:31.165650
153,3,16080,14856,1:37:09.696047
154,3,7393,6912,0:39:27.769068
155,3,20787,19394,0:38:25.345942
156,3,22518,21486,0:45:29.425094
157,3,7014,6106,0:13:08.644200
158,3,7968,7379,0:20:49.564663
159,3,22817,20692,1:32:35.567710
160,3,-1,-1,-1
161,3,71375,70804,0:17:03.258783
162,3,-1,-1,-1
163,3,-1,-1,-1
164,3,-1,-1,-1
165,3,-1,-1,-1
166,3,-1,-1,-1
167,3,-1,-1,-1
168,3,-1,-1,-1
169,3,-1,-1,-1
170,3,85992,81972,2:45:14.279643
171,3,119469,114480,2:42:38.663575
172,3,65899,59866,3:01:03.233931
173,3,49513,47038,0:55:21.385438
174,3,25019,23261,0:32:23.653777
175,3,66604,61770,1:49:04.056877
176,3,72578,68910,1:36:47.112939
177,3,22252,20615,0:27:13.907297
178,3,25670,23747,0:41:54.944694
179,3,72631,68478,1:46:01.578952
180,3,-1,-1,-1
181,3,-1,-1,-1
182,3,-1,-1,-1
183,3,-1,-1,-1
184,3,-1,-1,-1
185,3,-1,-1,-1
186,3,-1,-1,-1
187,3,-1,-1,-1
188,3,-1,-1,-1
189,3,-1,-1,-1
190,3,9157,8267,0:31:41.570127
191,3,8941,7774,0:24:29.447460
192,3,6708,6219,0:20:58.016811
193,3,7213,6476,0:31:07.243933
194,3,4972,4352,0:22:47.322522
195,3,6912,6152,0:18:08.123466
196,3,8178,7177,0:44:58.830531
197,3,6400,5678,0:18:36.886454
198,3,6234,5530,0:34:41.486575
199,3,6138,5517,0:48:05.144391
200,3,-1,-1,-1
201,3,-1,-1,-1
202,3,-1,-1,-1
203,3,-1,-1,-1
204,3,-1,-1,-1
205,3,-1,-1,-1
206,3,-1,-1,-1
207,3,-1,-1,-1
208,3,-1,-1,-1
209,3,-1,-1,-1
210,3,59793,56035,1:34:19.762785
211,3,43858,41231,2:01:19.722845
212,3,25507,23729,1:45:41.865853
213,3,35614,31948,1:30:04.253564
214,3,16609,15835,0:28:42.343277
215,3,30484,27703,1:35:30.420105
216,3,31089,28510,0:56:10.079681
217,3,24990,23028,1:26:10.044169
218,3,20813,18688,0:40:32.985442
219,3,24980,23561,1:25:26.724246
220,3,-1,-1,-1
221,3,-1,-1,-1
222,3,-1,-1,-1
223,3,-1,-1,-1
224,3,-1,-1,-1
225,3,-1,-1,-1
226,3,-1,-1,-1
227,3,-1,-1,-1
228,3,-1,-1,-1
229,3,-1,-1,-1
230,3,188277,176528,8:08:43.350109
231,3,138473,131664,3:04:32.412355
232,3,76821,73739,2:20:22.127319
233,3,104403,98084,2:15:17.116095
234,3,53516,50142,2:38:26.962748
235,3,91073,86887,4:23:12.004884
236,3,100956,93515,5:27:24.059206
237,3,81045,75090,2:43:49.086987
238,3,60695,57338,4:18:22.034790
239,3,82283,76701,3:26:06.385855
