0,1,237,207,0:01:00.537709
1,1,322,310,0:01:10.271545
2,1,352,314,0:01:38.806313
3,1,399,360,0:01:34.826324
4,1,44,33,0:01:15.977117
5,1,460,415,0:01:40.930773
6,1,397,363,0:01:35.231154
7,1,110,104,0:01:16.245857
8,1,186,143,0:01:20.301731
9,1,207,163,0:01:17.472148
10,1,414,289,0:01:53.496032
11,1,518,373,0:02:12.250155
12,1,513,367,0:04:28.240418
13,1,580,463,0:02:24.969432
14,1,112,76,0:01:21.173532
15,1,911,740,0:02:59.212632
16,1,720,585,0:02:19.107869
17,1,201,144,0:01:27.933553
18,1,374,242,0:01:38.938779
19,1,281,242,0:01:42.171755
20,1,1176,1145,0:01:22.335886
21,1,998,980,0:01:18.485915
22,1,1134,1088,0:01:20.468836
23,1,2475,2194,0:01:26.572458
24,1,64,62,0:01:06.306034
25,1,3208,3136,0:01:43.498702
26,1,3262,3198,0:01:49.883427
27,1,422,351,0:01:30.879136
28,1,169,143,0:01:22.188996
29,1,537,469,0:01:33.544689
30,1,2036,1805,0:03:54.422865
31,1,2139,1788,0:02:37.786814
32,1,1770,1547,0:02:19.024515
33,1,3603,3427,0:03:08.242678
34,1,89,55,0:01:18.999323
35,1,5272,4837,0:08:12.171375
36,1,6207,5535,0:03:38.036676
37,1,733,663,0:01:17.830192
38,1,339,242,0:01:31.564531
39,1,804,706,0:01:35.283528
40,1,3515,3386,0:01:22.685083
41,1,3787,3630,0:01:28.070442
42,1,3964,3781,0:01:34.895271
43,1,6735,6708,0:01:59.968127
44,1,240,210,0:01:25.363092
45,1,8829,8711,0:02:37.751679
46,1,10268,9918,0:02:45.663510
47,1,1392,1364,0:01:32.650216
48,1,379,340,0:01:34.399657
49,1,1389,1377,0:01:42.522533
50,1,5803,5396,0:04:42.310286
51,1,6112,5468,0:07:45.842832
52,1,6465,6132,0:06:30.210508
53,1,11042,10621,0:07:38.097997
54,1,383,285,0:01:10.395645
55,1,13929,12856,0:07:24.934912
56,1,17839,16662,0:06:59.740310
57,1,2183,1930,0:02:02.596375
58,1,771,639,0:02:16.814411
59,1,2639,2392,0:02:26.699011
60,1,1169,1070,0:03:24.875513
61,1,1461,1310,0:04:05.821958
62,1,2094,1931,0:07:01.787557
63,1,1361,1157,0:05:06.839676
64,1,521,474,0:02:26.352230
65,1,1406,1268,0:03:23.346384
66,1,1573,1515,0:03:49.081309
67,1,654,555,0:02:45.660446
68,1,885,836,0:03:27.515816
69,1,1365,1213,0:03:19.105032
70,1,1786,1437,0:08:00.877051
71,1,2130,1738,0:11:04.209732
72,1,3229,2752,0:22:42.703214
73,1,2154,1781,0:11:53.887230
74,1,847,649,0:06:56.539119
75,1,2067,1708,0:09:34.159206
76,1,2475,1996,0:08:55.996593
77,1,1043,802,0:04:52.916270
78,1,1610,1289,0:06:08.430568
79,1,2458,2014,0:12:09.635647
80,1,5182,4822,0:03:24.401649
81,1,6204,5965,0:03:34.928615
82,1,12771,12339,0:04:34.548136
83,1,6438,6150,0:03:41.750960
84,1,1303,1158,0:02:05.615883
85,1,6211,5939,0:03:25.281673
86,1,7096,6794,0:03:47.740963
87,1,1963,1891,0:02:34.312370
88,1,1375,1261,0:02:46.854093
89,1,6036,5784,0:06:16.882803
90,1,8437,7794,0:12:33.968446
91,1,10563,9542,0:15:57.955467
92,1,21468,20168,0:25:46.046059
93,1,11416,10512,0:25:27.068526
94,1,1847,1633,0:04:02.516236
95,1,10743,9827,0:14:13.920044
96,1,12212,11117,0:15:40.473102
97,1,3410,2955,0:06:49.014222
98,1,2438,2045,0:05:07.401233
99,1,10134,9197,0:09:43.279814
100,1,15225,14807,0:03:09.309517
101,1,18587,18154,0:04:03.067423
102,1,38066,37239,0:04:17.111988
103,1,20117,19548,0:03:54.580773
104,1,3359,3214,0:02:03.502587
105,1,18357,18012,0:03:48.173986
106,1,20455,19992,0:04:14.747193
107,1,6168,5979,0:02:43.317881
108,1,4333,3852,0:02:16.645665
109,1,18359,17507,0:03:17.638099
110,1,25610,23845,0:21:53.650423
111,1,30488,28271,0:27:35.271517
112,1,62943,59840,0:36:23.156861
113,1,32668,30649,0:26:20.323116
114,1,5856,5358,0:06:35.966920
115,1,30695,28323,0:31:40.653676
116,1,34456,33166,0:25:07.154208
117,1,10585,9559,0:06:57.885833
118,1,6751,6058,0:11:10.172116
119,1,30376,28525,0:47:31.461456
120,1,3157,2851,0:08:32.453868
121,1,3936,3683,0:11:13.678517
122,1,3484,3274,0:10:42.440872
123,1,2988,2798,0:08:28.271386
124,1,1839,1720,0:08:42.068630
125,1,2959,2690,0:19:57.144813
126,1,3018,2800,0:17:03.867090
127,1,1855,1593,0:04:55.174651
128,1,2269,2073,0:07:17.560286
129,1,3174,2940,0:09:45.356532
130,1,5188,4331,0:31:21.330339
131,1,6538,5672,0:34:20.421287
132,1,5766,4804,0:53:25.995477
133,1,4523,3758,0:35:34.710359
134,1,3198,2687,0:35:36.310904
135,1,5065,4084,0:41:34.309845
136,1,5170,4196,1:01:14.422254
137,1,2860,2410,0:12:29.969039
138,1,3948,3276,0:20:51.230158
139,1,4942,4091,0:15:15.796914
140,1,17482,16845,0:12:57.761846
141,1,23751,22791,0:13:43.208304
142,1,13220,12948,0:16:02.653808
143,1,10095,9681,0:15:36.337886
144,1,4992,4502,0:05:42.380008
145,1,12902,12593,0:07:41.861231
146,1,15300,14361,0:24:34.958568
147,1,4336,4086,0:07:32.208838
148,1,5614,5228,0:06:21.449532
149,1,14031,13375,0:21:18.067516
150,1,29344,26782,1:28:40.743081
151,1,40269,36259,1:05:42.862188
152,1,21895,20088,1:28:44.377758
153,1,16561,15270,1:59:23.004567
154,1,8033,7220,0:17:25.382688
155,1,21987,20063,0:39:55.568119
156,1,24359,21891,0:30:17.676124
157,1,7291,6563,0:20:09.958129
158,1,8577,7532,0:20:59.891375
159,1,23534,21488,0:31:29.656904
160,1,51350,49968,0:12:21.413047
161,1,73239,71741,0:17:37.407153
162,1,38356,37204,0:13:39.282272
163,1,30794,29582,0:09:11.878288
164,1,14692,14114,0:07:45.616725
165,1,37644,36850,0:13:07.203037
166,1,43587,42106,0:12:18.909388
167,1,13727,12974,0:06:01.200432
168,1,15862,15218,0:06:43.288050
169,1,42629,41821,0:14:26.031233
170,1,87928,83194,1:16:17.960996
171,1,122240,116519,4:07:52.852640
172,1,64894,60831,0:55:25.626192
173,1,50855,47920,3:55:14.971790
174,1,25788,23933,0:39:56.587770
175,1,66274,62549,1:16:57.842232
176,1,75061,69717,1:53:06.032990
177,1,22634,21197,1:07:34.145629
178,1,25777,24068,1:09:01.461482
179,1,72921,69810,1:09:46.338069
180,1,6130,5573,0:33:31.668670
181,1,5479,5029,0:29:13.604952
182,1,4857,4373,0:25:46.038514
183,1,4896,4484,0:15:19.918345
184,1,3494,3112,0:13:22.281890
185,1,4813,4348,0:23:00.428242
186,1,5549,4875,0:20:24.051397
187,1,4417,3964,0:13:38.692790
188,1,4211,3894,0:12:15.835323
189,1,4528,4128,0:14:25.946828
190,1,10549,8935,1:48:56.980189
191,1,9767,8304,0:58:39.041111
192,1,8183,6520,0:51:57.057755
193,1,8224,7044,0:35:27.352151
194,1,5597,4717,0:54:46.515016
195,1,8242,6704,1:01:43.781495
196,1,9167,7703,0:45:53.889290
197,1,7604,6210,0:30:27.082492
198,1,7070,5866,1:07:40.306252
199,1,7063,5858,0:59:12.402922
200,1,36870,35260,0:41:43.913978
201,1,28614,27117,0:21:03.929450
202,1,16320,15452,0:15:15.724680
203,1,21338,20314,0:39:33.915330
204,1,11477,10672,0:16:12.977265
205,1,18792,18099,0:13:51.137564
206,1,19380,18575,0:18:15.432930
207,1,16561,15620,0:14:14.854138
208,1,12912,12218,0:18:50.612930
209,1,16950,15926,0:10:38.954953
210,1,62652,58078,1:22:39.011989
211,1,45747,42391,1:16:30.210085
212,1,27080,24423,1:06:52.353369
213,1,35884,32984,1:11:10.355038
214,1,18393,16552,0:27:50.352495
215,1,31492,28455,1:19:27.940573
216,1,31939,29571,1:22:04.326205
217,1,26117,23642,1:06:38.209405
218,1,21635,19354,0:34:59.225578
219,1,27396,24203,0:49:13.894698
220,1,112109,109731,0:31:23.730584
221,1,83017,81114,0:21:34.904197
222,1,48137,46071,0:13:53.318629
223,1,61497,60041,0:42:23.549845
224,1,32180,31211,0:15:19.474314
225,1,55362,53905,0:20:53.373621
226,1,60059,58190,0:22:52.560829
227,1,48617,46954,0:18:07.215273
228,1,38091,36355,0:16:02.315878
229,1,50189,47908,0:13:29.673318
230,1,190647,180011,4:59:18.685777
231,1,139264,132415,4:34:24.488247
232,1,79217,74654,1:34:36.569424
233,1,105751,100005,1:42:14.109748
234,1,54621,50951,0:52:56.136641
235,1,94086,87878,2:20:40.909135
236,1,100061,95024,3:01:26.050211
237,1,81710,76912,2:07:38.436430
238,1,62450,57876,2:00:03.377285
239,1,83727,78268,1:13:59.631032
0,2,230,201,0:01:15.046459
1,2,296,282,0:01:15.734032
2,2,346,310,0:01:30.880101
3,2,409,356,0:01:30.872795
4,2,31,30,0:01:10.044252
5,2,450,375,0:01:13.083670
6,2,420,327,0:01:34.172478
7,2,108,98,0:01:12.719791
8,2,-1,-1,-1
9,2,179,136,0:01:14.796895
10,2,369,248,0:01:44.432303
11,2,533,337,0:01:51.138926
12,2,550,354,0:02:28.601884
13,2,499,432,0:01:58.624287
14,2,94,56,0:01:05.506518
15,2,936,671,0:02:46.616185
16,2,678,523,0:02:12.168707
17,2,169,127,0:01:19.203437
18,2,290,220,0:01:48.927159
19,2,323,218,0:01:39.107566
20,2,1260,1143,0:01:26.784253
21,2,1028,972,0:01:16.483300
22,2,1115,1086,0:01:19.500294
23,2,2299,2112,0:01:28.964754
24,2,59,57,0:01:01.993385
25,2,3176,3058,0:01:32.767949
26,2,3308,3132,0:01:19.430621
27,2,425,351,0:01:16.244273
28,2,-1,-1,-1
29,2,443,433,0:01:16.407966
30,2,2076,1725,0:03:14.763539
31,2,1995,1678,0:02:41.150610
32,2,1894,1497,0:04:12.396790
33,2,3752,3252,0:02:59.164877
34,2,71,51,0:01:09.866257
35,2,5591,4688,0:04:48.720898
36,2,5832,5306,0:04:38.406041
37,2,716,617,0:01:27.599862
38,2,304,220,0:01:27.473008
39,2,757,657,0:02:21.123099
40,2,3436,3380,0:01:33.036251
41,2,3747,3570,0:01:31.561587
42,2,3766,3678,0:01:24.521349
43,2,6861,6564,0:01:44.003785
44,2,224,210,0:01:01.785231
45,2,8547,8527,0:01:52.369463
46,2,9888,9849,0:02:44.892374
47,2,1477,1364,0:01:09.757093
48,2,-1,-1,-1
49,2,1434,1367,0:01:08.999947
50,2,6024,5324,0:03:07.064462
51,2,6091,5325,0:04:05.231866
52,2,6499,5877,0:05:00.795864
53,2,11163,10355,0:06:36.305866
54,2,310,274,0:01:02.034355
55,2,14093,12830,0:05:36.954245
56,2,17405,16278,0:06:08.185608
57,2,2173,1929,0:01:52.458431
58,2,778,601,0:01:39.117141
59,2,2587,2283,0:03:52.528626
60,2,1079,1032,0:03:54.513468
61,2,1421,1251,0:02:57.330759
62,2,2102,1805,0:03:44.770381
63,2,1340,1098,0:02:52.660004
64,2,518,458,0:01:50.252686
65,2,1390,1207,0:03:00.744139
66,2,1621,1455,0:03:00.739173
67,2,602,525,0:02:08.411643
68,2,-1,-1,-1
69,2,1372,1183,0:02:39.013985
70,2,1867,1336,0:07:17.576388
71,2,2167,1686,0:11:06.529578
72,2,3300,2657,0:09:04.028373
73,2,2270,1666,0:14:26.575587
74,2,799,615,0:03:52.140556
75,2,2074,1626,0:08:24.873936
76,2,2414,1925,0:20:20.534514
77,2,1052,756,0:04:39.508351
78,2,1648,1267,0:05:10.394716
79,2,2462,1924,0:06:17.803069
80,2,4819,4643,0:03:25.883734
81,2,6261,5836,0:06:23.365451
82,2,13068,11996,0:05:14.804089
83,2,6310,6032,0:03:41.730091
84,2,1346,1156,0:03:37.081502
85,2,6373,5838,0:04:24.133938
86,2,6880,6711,0:04:33.874094
87,2,1986,1847,0:02:57.589260
88,2,-1,-1,-1
89,2,6066,5674,0:04:12.393699
90,2,8673,7631,0:16:23.790595
91,2,10526,9342,0:13:15.182577
92,2,21169,19760,0:20:43.830438
93,2,11462,10128,0:10:59.089614
94,2,1812,1576,0:05:38.579590
95,2,10747,9512,0:10:41.700318
96,2,12028,10967,0:12:20.826145
97,2,3328,2881,0:04:31.632917
98,2,2576,1954,0:11:09.845427
99,2,10149,9015,0:14:40.297404
100,2,15394,14627,0:03:58.772004
101,2,19149,17977,0:05:03.227344
102,2,39027,36654,0:05:34.394821
103,2,19945,19322,0:04:40.306121
104,2,3410,3146,0:03:44.479728
105,2,19010,17899,0:10:18.572223
106,2,20460,19673,0:05:19.706971
107,2,6232,5936,0:02:25.220677
108,2,-1,-1,-1
109,2,18201,17281,0:04:20.696607
110,2,25905,23451,0:20:39.352636
111,2,31543,28107,0:33:23.911753
112,2,63960,59615,1:22:50.274939
113,2,32935,30391,0:30:59.184075
114,2,5872,5230,0:06:49.892591
115,2,31158,28105,0:28:20.660409
116,2,36292,32906,0:32:06.711166
117,2,10566,9482,0:06:33.582594
118,2,7030,5864,0:07:53.332809
119,2,30146,28021,0:18:15.797983
120,2,3304,2777,0:10:33.306676
121,2,3952,3431,0:20:21.018347
122,2,-1,-1,-1
123,2,-1,-1,-1
124,2,1890,1644,0:05:22.880993
125,2,-1,-1,-1
126,2,3117,2722,0:09:55.530798
127,2,1712,1491,0:05:58.547439
128,2,-1,-1,-1
129,2,3270,2760,0:07:26.400127
130,2,5093,4184,0:21:13.680408
131,2,6456,5475,0:21:40.025399
132,2,5725,4451,0:31:28.391626
133,2,4700,3590,0:50:50.016329
134,2,3224,2566,0:15:03.555006
135,2,4845,3896,0:45:49.458394
136,2,5241,4047,0:18:25.797269
137,2,3018,2286,0:25:49.002605
138,2,4032,3118,0:34:01.734288
139,2,4946,3910,0:35:36.847888
140,2,17310,16510,0:10:03.429060
141,2,23575,22497,0:18:02.427327
142,2,-1,-1,-1
143,2,-1,-1,-1
144,2,5065,4450,0:07:21.956060
145,2,-1,-1,-1
146,2,15214,13876,0:17:31.864478
147,2,4325,4038,0:06:46.218559
148,2,-1,-1,-1
149,2,14079,13146,0:10:20.850746
150,2,29591,26266,0:36:53.965159
151,2,40174,35713,1:01:11.357785
152,2,22167,19851,1:08:03.181394
153,2,16781,15000,0:28:17.699592
154,2,8281,6998,0:29:35.698493
155,2,22304,19549,0:43:29.445603
156,2,23880,21595,1:11:10.413134
157,2,7210,6283,0:19:01.433184
158,2,8817,7420,0:36:15.598354
159,2,24164,20899,1:06:21.950266
160,2,51921,49197,0:12:04.521094
161,2,73653,70965,0:18:18.238741
162,2,-1,-1,-1
163,2,-1,-1,-1
164,2,15005,14076,0:09:13.810841
165,2,-1,-1,-1
166,2,43141,41807,0:17:03.754023
167,2,13684,12727,0:08:27.630129
168,2,-1,-1,-1
169,2,43205,41352,0:16:33.584609
170,2,89389,82097,1:39:31.759555
171,2,124171,115494,2:36:40.915696
172,2,66105,60282,2:54:41.000384
173,2,51125,47461,0:54:29.647005
174,2,26901,23478,0:40:59.162965
175,2,66854,62217,1:04:08.115300
176,2,75655,69408,0:57:10.647730
177,2,23100,20941,0:24:59.163092
178,2,26265,23881,0:43:43.178003
179,2,75676,69123,1:12:55.543126
180,2,6075,5368,0:20:30.416392
181,2,5407,4793,0:20:54.516237
182,2,-1,-1,-1
183,2,-1,-1,-1
184,2,3284,2929,0:15:52.809862
185,2,-1,-1,-1
186,2,5458,4660,0:14:34.745765
187,2,4254,3816,0:18:30.263384
188,2,-1,-1,-1
189,2,4646,3846,0:20:20.733039
190,2,10546,8539,0:51:19.974102
191,2,9833,7964,1:35:34.323448
192,2,8086,6314,0:49:13.734280
193,2,8390,6679,0:46:01.223946
194,2,5850,4505,0:34:23.759245
195,2,7582,6393,0:53:40.080639
196,2,9375,7399,1:02:23.314724
197,2,7704,5902,0:35:53.224335
198,2,7452,5667,1:45:38.397981
199,2,7120,5658,0:32:45.538769
200,2,37487,34736,0:32:29.811803
201,2,28157,26653,0:38:03.258754
202,2,-1,-1,-1
203,2,-1,-1,-1
204,2,11191,10376,0:27:03.992430
205,2,-1,-1,-1
206,2,19686,18335,0:28:25.921802
207,2,16320,15284,0:23:28.470253
208,2,-1,-1,-1
209,2,16839,15579,0:21:46.680420
210,2,63829,56903,1:47:39.451568
211,2,46687,41661,1:34:33.795122
212,2,27197,24019,1:14:44.211576
213,2,36599,32297,2:10:50.709346
214,2,18386,16040,0:36:19.522822
215,2,31454,28060,1:30:41.258250
216,2,32717,29044,1:38:37.655694
217,2,26874,23175,1:19:06.394295
218,2,22284,18899,1:25:47.604522
219,2,28106,23760,1:07:50.171991
220,2,112533,108794,0:25:31.483178
221,2,84466,79949,0:46:04.514375
222,2,-1,-1,-1
223,2,-1,-1,-1
224,2,32681,30748,0:13:14.668415
225,2,-1,-1,-1
226,2,60707,57689,0:24:14.205551
227,2,49483,46539,0:25:25.534357
228,2,-1,-1,-1
229,2,49812,47281,0:14:31.584685
230,2,194289,177471,5:47:33.795712
231,2,140815,131582,5:24:11.685280
232,2,80043,73958,1:38:34.555540
233,2,107664,98975,2:24:20.836380
234,2,56333,50579,0:57:08.834611
235,2,95588,87057,2:12:46.631638
236,2,103620,94093,1:45:24.310496
237,2,84070,75771,1:22:33.559662
238,2,62883,57406,1:14:51.674051
239,2,85640,77329,1:26:08.018409
0,3,229,197,0:01:03.498084
1,3,298,264,0:01:00.229805
2,3,342,309,0:01:09.796530
3,3,382,352,0:01:11.193093
4,3,-1,-1,-1
5,3,435,349,0:01:21.931689
6,3,337,318,0:01:25.281309
7,3,103,96,0:00:55.044883
8,3,-1,-1,-1
9,3,186,118,0:01:03.314456
10,3,342,231,0:01:32.816591
11,3,536,315,0:01:49.477990
12,3,520,341,0:04:11.299555
13,3,504,413,0:01:29.745104
14,3,67,47,0:01:06.472480
15,3,896,612,0:02:36.035442
16,3,668,474,0:02:13.717898
17,3,138,121,0:01:11.425155
18,3,307,198,0:01:17.496685
19,3,359,206,0:01:52.277918
20,3,1305,1143,0:01:05.219394
21,3,1137,962,0:01:12.518664
22,3,1165,1086,0:01:11.944456
23,3,2355,2091,0:01:45.264706
24,3,-1,-1,-1
25,3,3222,3016,0:01:20.620808
26,3,3292,3097,0:01:35.025942
27,3,389,351,0:01:10.640768
28,3,-1,-1,-1
29,3,513,404,0:00:55.292771
30,3,2028,1715,0:02:13.315592
31,3,1953,1594,0:03:04.182871
32,3,1839,1410,0:06:37.825864
33,3,3695,3198,0:03:13.155810
34,3,75,51,0:01:02.316297
35,3,5465,4576,0:05:17.380559
36,3,5703,5205,0:03:32.919951
37,3,699,602,0:01:30.388601
38,3,322,198,0:01:13.547978
39,3,785,605,0:02:22.610534
40,3,3462,3380,0:01:31.844328
41,3,3760,3561,0:01:30.423789
42,3,3928,3612,0:01:13.110376
43,3,6758,6550,0:01:37.601630
44,3,-1,-1,-1
45,3,8669,8343,0:01:47.650744
46,3,10499,9677,0:01:49.740327
47,3,1467,1340,0:00:56.541096
48,3,-1,-1,-1
49,3,1567,1367,0:01:17.286562
50,3,5839,5119,0:08:59.634009
51,3,5920,5242,0:04:09.411192
52,3,6899,5691,0:03:17.794744
53,3,11532,10282,0:06:52.623338
54,3,357,274,0:01:24.099919
55,3,14308,12811,0:05:51.133643
56,3,18591,16068,0:06:13.596733
57,3,2157,1888,0:02:04.915469
58,3,724,582,0:01:26.639913
59,3,2609,2253,0:01:41.337048
60,3,-1,-1,-1
61,3,1360,1208,0:04:19.062488
62,3,1993,1758,0:06:53.108573
63,3,-1,-1,-1
64,3,-1,-1,-1
65,3,-1,-1,-1
66,3,-1,-1,-1
67,3,634,520,0:02:50.469273
68,3,-1,-1,-1
69,3,1287,1173,0:02:22.810938
70,3,1920,1304,0:14:24.857998
71,3,2178,1655,0:07:19.255610
72,3,3283,2609,0:15:56.499677
73,3,2177,1607,0:06:14.210421
74,3,867,604,0:03:08.804793
75,3,2137,1577,0:06:18.817807
76,3,2544,1884,0:07:51.175283
77,3,974,745,0:04:32.505600
78,3,1655,1203,0:18:53.410812
79,3,2364,1876,0:05:40.911216
80,3,-1,-1,-1
81,3,6200,5793,0:05:45.542841
82,3,13070,11750,0:05:34.623002
83,3,-1,-1,-1
84,3,-1,-1,-1
85,3,-1,-1,-1
86,3,-1,-1,-1
87,3,2050,1847,0:02:10.359655
88,3,-1,-1,-1
89,3,6007,5594,0:03:32.959566
90,3,8938,7426,0:09:52.193533
91,3,10321,9187,0:19:44.322433
92,3,21464,19457,0:18:26.013511
93,3,11306,9924,0:10:16.571867
94,3,1929,1473,0:06:00.807675
95,3,10693,9339,0:27:10.155153
96,3,12427,10801,0:27:39.392606
97,3,3452,2816,0:05:27.009480
98,3,2414,1898,0:07:25.907809
99,3,10143,8880,0:20:25.172583
100,3,-1,-1,-1
101,3,18814,17889,0:03:58.263123
102,3,38062,36491,0:05:55.446969
103,3,-1,-1,-1
104,3,-1,-1,-1
105,3,-1,-1,-1
106,3,-1,-1,-1
107,3,6259,5927,0:02:43.125752
108,3,-1,-1,-1
109,3,17901,17234,0:03:52.830692
110,3,26881,23104,0:19:31.597622
111,3,31520,28009,0:54:43.746820
112,3,63984,59480,0:49:00.276291
113,3,34204,29968,0:30:24.001504
114,3,6041,5169,0:06:15.897812
115,3,31293,27869,0:34:32.505263
116,3,36107,32530,0:22:25.152587
117,3,10668,9400,0:09:27.610617
118,3,7103,5795,0:08:20.990264
119,3,31146,27774,0:23:57.137963
120,3,-1,-1,-1
121,3,3836,3302,0:11:56.710017
122,3,-1,-1,-1
123,3,-1,-1,-1
124,3,-1,-1,-1
125,3,-1,-1,-1
126,3,-1,-1,-1
127,3,-1,-1,-1
128,3,-1,-1,-1
129,3,-1,-1,-1
130,3,5108,4047,0:23:13.125759
131,3,6656,5279,0:37:40.237794
132,3,5571,4202,0:33:28.231120
133,3,4707,3509,0:28:22.815745
134,3,3273,2497,0:10:29.240206
135,3,4892,3818,0:17:02.051487
136,3,5259,3962,0:25:03.780894
137,3,2770,2221,0:19:13.914125
138,3,3977,3017,0:22:17.314830
139,3,5209,3785,0:24:46.144853
140,3,-1,-1,-1
141,3,23887,22391,0:11:57.504266
142,3,-1,-1,-1
143,3,-1,-1,-1
144,3,-1,-1,-1
145,3,-1,-1,-1
146,3,-1,-1,-1
147,3,-1,-1,-1
148,3,-1,-1,-1
149,3,-1,-1,-1
150,3,29886,25962,1:29:14.489761
151,3,40083,35318,1:29:04.824823
152,3,22904,19645,1:35:58.038703
153,3,16877,14909,1:12:52.671955
154,3,8310,6920,0:16:37.930200
155,3,23118,19360,0:57:27.588392
156,3,24301,21464,1:14:23.271340
157,3,7223,6094,0:27:00.220102
158,3,9131,7380,0:36:37.720415
159,3,24585,20638,0:51:03.100782
160,3,-1,-1,-1
161,3,73233,70729,0:19:02.127861
162,3,-1,-1,-1
163,3,-1,-1,-1
164,3,-1,-1,-1
165,3,-1,-1,-1
166,3,-1,-1,-1
167,3,-1,-1,-1
168,3,-1,-1,-1
169,3,-1,-1,-1
170,3,89392,81812,3:05:20.709748
171,3,125600,114621,2:16:52.996524
172,3,67478,59928,1:18:41.188914
173,3,53259,47038,1:06:08.600376
174,3,26723,23319,0:32:15.205460
175,3,69349,61815,1:27:42.160584
176,3,75547,68868,2:16:01.751754
177,3,23528,20629,0:45:51.211473
178,3,26853,23736,1:16:33.376090
179,3,75627,68606,0:51:53.747209
180,3,-1,-1,-1
181,3,-1,-1,-1
182,3,-1,-1,-1
183,3,-1,-1,-1
184,3,-1,-1,-1
185,3,-1,-1,-1
186,3,-1,-1,-1
187,3,-1,-1,-1
188,3,-1,-1,-1
189,3,-1,-1,-1
190,3,10543,8265,1:14:36.095685
191,3,9946,7766,1:12:57.865742
192,3,8000,6208,0:45:17.889051
193,3,8456,6476,0:49:58.671055
194,3,5519,4349,0:53:13.097453
195,3,8079,6167,0:59:26.016774
196,3,8819,7175,1:32:14.132659
197,3,7358,5673,0:28:00.885179
198,3,7154,5527,0:56:46.702203
199,3,7289,5516,0:42:47.157733
200,3,-1,-1,-1
201,3,-1,-1,-1
202,3,-1,-1,-1
203,3,-1,-1,-1
204,3,-1,-1,-1
205,3,-1,-1,-1
206,3,-1,-1,-1
207,3,-1,-1,-1
208,3,-1,-1,-1
209,3,-1,-1,-1
210,3,64590,56142,2:12:07.314905
211,3,46579,41119,4:04:27.234854
212,3,27111,23794,0:47:06.878777
213,3,37128,31972,1:29:00.322815
214,3,18614,15751,2:14:36.012323
215,3,32718,27778,1:01:00.959213
216,3,32900,28650,1:12:04.730431
217,3,26525,22934,1:08:30.137394
218,3,22076,18568,0:58:59.045857
219,3,27591,23525,1:59:18.567032
220,3,-1,-1,-1
221,3,-1,-1,-1
222,3,-1,-1,-1
223,3,-1,-1,-1
224,3,-1,-1,-1
225,3,-1,-1,-1
226,3,-1,-1,-1
227,3,-1,-1,-1
228,3,-1,-1,-1
229,3,-1,-1,-1
230,3,193857,176664,5:26:44.132065
231,3,142645,130951,6:57:47.324712
232,3,82421,73610,1:34:06.253702
233,3,109203,98081,5:06:52.242274
234,3,56702,50165,2:43:45.279332
235,3,95807,86688,2:09:42.949399
236,3,104275,93376,2:19:27.058233
237,3,85402,75106,1:26:26.195756
238,3,63600,57252,1:25:34.814097
239,3,84886,76831,2:02:48.120193
