0,1,237,207,0:00:24.717174
1,1,335,310,0:00:27.797408
2,1,363,314,0:00:29.923285
3,1,374,360,0:00:37.188921
4,1,34,33,0:00:17.609262
5,1,481,415,0:00:57.769755
6,1,425,363,0:00:48.814418
7,1,110,104,0:00:27.547410
8,1,169,143,0:00:29.382397
9,1,211,163,0:00:51.036733
10,1,370,289,0:01:09.170598
11,1,519,373,0:01:16.986101
12,1,521,370,0:03:20.020467
13,1,566,463,0:01:17.141466
14,1,101,76,0:00:29.734709
15,1,919,740,0:01:36.619991
16,1,706,585,0:01:34.486444
17,1,200,144,0:00:42.273551
18,1,299,242,0:00:55.946606
19,1,358,242,0:00:56.726304
20,1,1245,1145,0:00:39.666246
21,1,1095,980,0:00:44.635745
22,1,1125,1088,0:00:45.725953
23,1,2464,2194,0:00:53.174928
24,1,71,62,0:00:22.043863
25,1,3217,3136,0:00:59.344807
26,1,3338,3198,0:01:05.538520
27,1,371,351,0:00:33.766260
28,1,169,143,0:00:29.985801
29,1,522,469,0:00:37.665262
30,1,2057,1805,0:01:41.144939
31,1,1990,1788,0:01:59.795525
32,1,1664,1547,0:02:11.070274
33,1,3809,3427,0:02:19.667761
34,1,69,55,0:00:29.220023
35,1,5356,4841,0:03:37.853379
36,1,6089,5535,0:04:16.857799
37,1,743,663,0:00:49.412145
38,1,287,242,0:00:59.104005
39,1,842,706,0:01:08.292206
40,1,3403,3386,0:00:47.770489
41,1,3653,3630,0:00:48.425327
42,1,3862,3781,0:00:54.215657
43,1,6880,6708,0:01:15.420994
44,1,218,210,0:00:22.616649
45,1,8848,8711,0:01:27.281978
46,1,10085,9918,0:01:32.028728
47,1,1393,1364,0:00:33.391221
48,1,348,340,0:00:36.314464
49,1,1432,1377,0:00:41.270759
50,1,5787,5396,0:02:21.886262
51,1,6025,5468,0:05:05.775153
52,1,6737,6146,0:03:05.517879
53,1,11287,10621,0:06:58.428392
54,1,348,285,0:00:39.060015
55,1,14051,12856,0:05:58.515570
56,1,17527,16662,0:06:11.250481
57,1,2006,1930,0:01:22.137478
58,1,731,639,0:01:23.711605
59,1,2623,2392,0:02:02.181975
60,1,1190,1072,0:03:01.934011
61,1,1405,1310,0:03:32.171525
62,1,2098,1932,0:04:17.597645
63,1,1297,1157,0:03:29.184889
64,1,498,474,0:01:50.606827
65,1,1354,1268,0:02:56.964307
66,1,1647,1515,0:04:27.072678
67,1,662,555,0:01:58.807249
68,1,915,836,0:02:15.465667
69,1,1305,1213,0:02:29.250893
70,1,1784,1433,0:12:42.648326
71,1,2113,1737,0:12:45.348671
72,1,3382,2754,0:12:15.415639
73,1,2073,1783,0:07:11.846272
74,1,865,652,0:03:23.054301
75,1,2197,1709,0:08:44.787676
76,1,2410,1998,0:07:58.767646
77,1,1036,807,0:06:12.337388
78,1,1682,1289,0:08:34.179614
79,1,2368,2015,0:06:34.062681
80,1,5264,4822,0:03:49.874146
81,1,6353,5965,0:03:30.161779
82,1,13190,12339,0:04:19.786499
83,1,6351,6150,0:03:53.393356
84,1,1239,1158,0:02:05.502922
85,1,6262,5939,0:03:34.913676
86,1,7030,6794,0:03:53.914869
87,1,1984,1891,0:02:08.819334
88,1,1367,1261,0:02:24.460439
89,1,6015,5785,0:03:13.407987
90,1,8511,7796,0:09:47.430054
91,1,10252,9543,0:13:45.352342
92,1,21467,20168,0:24:09.734599
93,1,11487,10513,0:16:28.271632
94,1,1978,1629,0:04:15.421734
95,1,10515,9824,0:13:52.084177
96,1,12149,11117,0:11:18.536914
97,1,3392,2955,0:04:34.997748
98,1,2574,2045,0:06:40.856341
99,1,10269,9195,0:10:52.994199
100,1,15386,14807,0:03:14.230827
101,1,18791,18154,0:04:39.464148
102,1,38313,37220,0:05:44.426551
103,1,20540,19548,0:06:42.313227
104,1,3410,3199,0:01:51.642684
105,1,18261,18012,0:04:13.054972
106,1,20773,19992,0:03:53.548510
107,1,6228,5979,0:02:00.661795
108,1,4078,3852,0:01:57.715082
109,1,18105,17507,0:03:13.135107
110,1,25879,23845,0:14:47.440953
111,1,30869,28272,0:21:19.741399
112,1,62675,59839,1:09:13.674870
113,1,32927,30648,0:30:44.151317
114,1,6196,5358,0:04:14.048250
115,1,30538,28324,0:35:30.534825
116,1,34753,33164,0:24:17.688366
117,1,10355,9559,0:09:42.321242
118,1,6868,6058,0:08:33.213296
119,1,30542,28531,0:33:18.950990
120,1,3197,2851,0:08:02.771732
121,1,4012,3680,0:08:38.349925
122,1,3609,3274,0:08:19.490379
123,1,3052,2797,0:07:41.500771
124,1,1875,1720,0:05:12.597597
125,1,2945,2690,0:07:06.775457
126,1,3028,2802,0:09:57.987423
127,1,1787,1593,0:04:34.176587
128,1,2196,2084,0:07:41.406364
129,1,3204,2949,0:06:07.415600
130,1,5204,4317,0:34:50.400687
131,1,6653,5663,0:38:57.185223
132,1,5838,4825,0:16:16.674749
133,1,4509,3770,0:49:46.691924
134,1,3279,2698,0:12:10.438956
135,1,5023,4085,0:20:56.716781
136,1,5344,4200,0:29:46.101703
137,1,2915,2407,0:12:09.595663
138,1,3975,3273,0:22:18.966466
139,1,5004,4092,0:35:26.681047
140,1,17721,16880,0:09:25.205233
141,1,23521,22789,0:15:22.565067
142,1,13423,12966,0:08:29.271322
143,1,10097,9677,0:07:28.410555
144,1,4933,4502,0:06:36.161915
145,1,13114,12593,0:13:08.731224
146,1,15135,14360,0:20:02.450181
147,1,4359,4084,0:06:02.861234
148,1,5472,5228,0:06:45.560937
149,1,14105,13372,0:12:43.977832
150,1,29050,26781,0:51:44.549509
151,1,39517,36259,1:14:46.260707
152,1,22110,20139,0:51:05.103699
153,1,16686,15274,0:43:40.900137
154,1,8269,7212,0:13:47.432892
155,1,22098,20060,0:47:42.495603
156,1,24008,21897,0:38:17.743859
157,1,7393,6558,0:38:40.477345
158,1,8330,7532,0:15:45.368726
159,1,23168,21492,0:41:55.890244
160,1,51388,49968,0:09:37.137826
161,1,74149,71742,0:17:45.526233
162,1,38077,37196,0:15:47.427457
163,1,30405,29582,0:08:30.367574
164,1,14592,14114,0:06:03.527511
165,1,37959,36851,0:11:23.663736
166,1,43286,42106,0:10:47.232307
167,1,13576,12974,0:12:47.551743
168,1,15817,15218,0:06:27.605036
169,1,43012,41822,0:14:22.665615
170,1,88382,83225,0:59:17.160926
171,1,122895,116523,2:48:35.659935
172,1,64357,60825,1:30:53.757757
173,1,51449,47924,1:39:03.430220
174,1,25985,23948,0:31:02.967658
175,1,65593,62539,1:34:27.208322
176,1,74964,69719,0:55:57.221121
177,1,22845,21200,0:34:29.318028
178,1,25726,24069,0:48:20.307745
179,1,73031,69769,1:32:38.189909
180,1,6112,5574,0:14:42.025653
181,1,5466,5029,0:21:04.219541
182,1,4840,4373,0:21:38.631868
183,1,4890,4481,0:17:26.321420
184,1,3517,3096,0:22:55.838586
185,1,4774,4348,0:10:27.635050
186,1,5472,4867,0:19:33.983827
187,1,4436,3964,0:09:31.358139
188,1,4188,3888,0:11:50.203613
189,1,4654,4135,0:14:10.885838
190,1,10645,8943,1:20:49.576149
191,1,9608,8305,0:35:16.062052
192,1,8205,6527,0:51:21.848754
193,1,8376,7035,1:30:40.019506
194,1,5603,4722,0:26:52.068922
195,1,8214,6696,0:38:31.684914
196,1,9214,7704,0:57:40.797193
197,1,7427,6208,0:56:22.868794
198,1,7393,5884,1:07:26.361341
199,1,7169,5860,0:38:07.192647
200,1,36925,35260,0:38:30.921110
201,1,27997,27117,0:15:35.195266
202,1,16124,15439,0:15:54.674490
203,1,21310,20325,0:12:42.124800
204,1,11250,10643,0:22:26.405646
205,1,18935,18119,0:26:25.029084
206,1,19224,18575,0:13:50.908308
207,1,16748,15637,0:17:57.184735
208,1,12881,12240,0:12:35.385131
209,1,16724,15926,0:10:56.965153
210,1,63119,58093,1:08:46.657502
211,1,46030,42401,3:57:07.904255
212,1,27135,24411,2:01:59.046214
213,1,36042,32981,1:15:47.534352
214,1,18352,16547,0:45:54.707656
215,1,31452,28449,1:12:46.725756
216,1,32660,29572,2:01:38.128547
217,1,25971,23639,1:27:16.350427
218,1,21426,19365,0:43:11.104615
219,1,27019,24195,0:55:03.223722
220,1,112080,109731,0:27:29.718481
221,1,83693,81114,0:15:31.632738
222,1,48040,46071,0:13:22.092542
223,1,61808,60056,0:18:15.658147
224,1,32050,31219,0:14:23.664889
225,1,55477,53910,0:13:54.770977
226,1,60362,58190,0:17:49.696948
227,1,48610,46955,0:17:02.007810
228,1,37916,36355,0:10:14.298418
229,1,49893,47908,0:10:19.214668
230,1,190819,179892,3:43:43.300724
231,1,138880,132413,2:32:39.661130
232,1,79756,74660,1:23:00.858291
233,1,107205,100008,1:16:27.804699
234,1,54852,50958,1:21:09.550459
235,1,93319,87841,3:31:50.448853
236,1,100461,95011,4:59:24.580918
237,1,82097,76897,2:01:17.359974
238,1,62879,57884,1:13:17.526912
239,1,83323,78290,1:03:09.671138
0,2,235,201,0:00:33.272590
1,2,296,282,0:00:35.543089
2,2,343,310,0:00:37.418382
3,2,397,356,0:00:40.223642
4,2,32,30,0:00:24.813984
5,2,433,375,0:00:39.221419
6,2,467,327,0:00:47.110848
7,2,115,98,0:00:25.330200
8,2,-1,-1,-1
9,2,216,136,0:00:29.287638
10,2,370,248,0:01:13.533126
11,2,495,337,0:01:09.710086
12,2,451,358,0:01:39.448268
13,2,536,432,0:01:13.017098
14,2,102,56,0:00:26.507899
15,2,865,671,0:01:40.212913
16,2,674,523,0:01:39.232228
17,2,182,127,0:00:40.049152
18,2,276,220,0:00:52.943263
19,2,325,218,0:01:10.626288
20,2,1244,1143,0:00:47.979636
21,2,1030,972,0:00:48.378830
22,2,1155,1086,0:00:59.111166
23,2,2328,2112,0:01:10.057869
24,2,58,57,0:00:19.400803
25,2,3252,3058,0:01:06.259917
26,2,3350,3132,0:01:04.223073
27,2,376,351,0:00:31.073795
28,2,-1,-1,-1
29,2,541,433,0:00:46.375892
30,2,2181,1725,0:02:14.576378
31,2,2002,1679,0:01:57.561078
32,2,1693,1481,0:07:04.926857
33,2,3701,3248,0:03:34.833462
34,2,90,51,0:00:30.032101
35,2,5154,4688,0:05:03.879286
36,2,6067,5306,0:03:55.664036
37,2,742,617,0:00:50.745994
38,2,336,220,0:01:00.966074
39,2,800,657,0:01:25.847573
40,2,3546,3380,0:01:01.111746
41,2,3780,3570,0:00:52.879360
42,2,3967,3711,0:00:59.074490
43,2,6930,6564,0:01:29.690890
44,2,225,210,0:00:24.756254
45,2,9132,8527,0:01:35.731257
46,2,10169,9813,0:02:36.681074
47,2,1502,1364,0:00:39.294905
48,2,-1,-1,-1
49,2,1379,1367,0:00:45.626920
50,2,6079,5362,0:02:59.661496
51,2,6191,5324,0:04:41.477613
52,2,6508,5877,0:03:07.818667
53,2,11654,10360,0:08:31.600578
54,2,313,274,0:00:34.571590
55,2,14277,12830,0:06:07.704090
56,2,17586,16278,0:06:53.763888
57,2,2286,1929,0:01:53.935703
58,2,767,601,0:01:30.867435
59,2,2743,2283,0:01:57.673105
60,2,1111,1032,0:02:28.638083
61,2,1406,1251,0:02:57.210648
62,2,2207,1805,0:03:08.866087
63,2,1199,1098,0:02:26.203592
64,2,543,458,0:01:27.617071
65,2,1338,1207,0:02:41.433050
66,2,1561,1435,0:03:48.454680
67,2,665,525,0:01:48.250734
68,2,-1,-1,-1
69,2,1370,1183,0:02:37.317038
70,2,1813,1351,0:05:16.211260
71,2,2095,1686,0:10:34.894794
72,2,3336,2659,0:08:48.236872
73,2,2047,1671,0:07:16.302560
74,2,834,614,0:03:27.194980
75,2,2205,1624,0:08:12.855939
76,2,2582,1926,0:07:11.389129
77,2,1017,761,0:05:13.674686
78,2,1649,1265,0:04:48.940651
79,2,2445,1925,0:10:47.179761
80,2,5100,4643,0:02:51.872350
81,2,6147,5836,0:03:55.210021
82,2,12998,11996,0:04:51.512746
83,2,6384,6031,0:03:12.947590
84,2,1343,1167,0:02:21.460863
85,2,6226,5858,0:03:19.863281
86,2,6868,6665,0:03:51.457228
87,2,1962,1847,0:01:51.537623
88,2,-1,-1,-1
89,2,5991,5674,0:04:00.316525
90,2,8696,7603,0:13:02.482472
91,2,10471,9342,0:32:34.836414
92,2,21821,19758,0:22:32.312932
93,2,11437,10123,0:12:49.099009
94,2,2008,1562,0:07:33.951255
95,2,10312,9512,0:19:10.001724
96,2,12317,10974,0:11:49.977082
97,2,3462,2879,0:04:18.838198
98,2,2590,1952,0:06:55.294709
99,2,10439,9049,0:17:11.366617
100,2,15261,14627,0:03:50.798635
101,2,18896,17977,0:03:58.056571
102,2,38513,36654,0:06:49.989795
103,2,20072,19322,0:05:03.636371
104,2,3330,3146,0:02:02.668504
105,2,18436,17926,0:05:05.557155
106,2,20800,19673,0:05:21.343926
107,2,6344,5936,0:02:20.230245
108,2,-1,-1,-1
109,2,17793,17269,0:06:31.505376
110,2,26039,23412,0:38:07.388136
111,2,31150,28106,0:54:35.840572
112,2,62031,59608,1:18:42.618224
113,2,34014,30362,0:20:06.930387
114,2,6019,5233,0:05:55.675541
115,2,30949,28103,0:37:19.297862
116,2,35163,32897,1:03:40.936013
117,2,10490,9481,0:07:29.245415
118,2,7037,5866,0:09:30.806739
119,2,30232,28019,0:48:16.160936
120,2,3296,2778,0:06:35.336734
121,2,3833,3442,0:10:51.890171
122,2,-1,-1,-1
123,2,-1,-1,-1
124,2,1883,1639,0:07:30.995475
125,2,-1,-1,-1
126,2,3028,2722,0:07:15.889885
127,2,1666,1491,0:04:52.091128
128,2,-1,-1,-1
129,2,3193,2759,0:13:53.604834
130,2,5053,4177,0:18:46.993629
131,2,6679,5459,0:21:35.898484
132,2,5596,4439,0:30:31.485234
133,2,4543,3620,0:27:03.032677
134,2,3322,2603,0:23:19.412557
135,2,4907,3905,0:21:22.425291
136,2,5439,4048,0:31:24.574004
137,2,3054,2279,0:17:36.844580
138,2,3911,3131,0:19:56.263495
139,2,5031,3896,0:19:54.534171
140,2,17634,16510,0:14:22.192613
141,2,23563,22497,0:13:36.278337
142,2,-1,-1,-1
143,2,-1,-1,-1
144,2,4903,4450,0:05:30.955355
145,2,-1,-1,-1
146,2,15184,13876,0:07:57.796038
147,2,4470,4057,0:06:35.944504
148,2,-1,-1,-1
149,2,14111,13146,0:18:41.840587
150,2,29549,26240,0:43:24.317587
151,2,39830,35713,1:12:41.622806
152,2,22555,19840,0:40:08.555462
153,2,16927,14999,0:49:11.409025
154,2,8151,6993,0:30:36.013718
155,2,22523,19540,0:23:44.637186
156,2,23774,21590,0:36:38.109178
157,2,7375,6334,0:16:39.200518
158,2,9079,7425,0:29:21.429551
159,2,23381,20885,0:47:45.621691
160,2,51258,49197,0:12:06.794623
161,2,73933,70965,0:15:56.340350
162,2,-1,-1,-1
163,2,-1,-1,-1
164,2,14927,14069,0:13:46.239140
165,2,-1,-1,-1
166,2,42844,41809,0:28:22.479331
167,2,13529,12727,0:06:03.498978
168,2,-1,-1,-1
169,2,42915,41352,0:19:09.534455
170,2,89131,82100,2:04:11.772892
171,2,123040,115493,1:30:32.845713
172,2,65741,60296,0:57:11.018597
173,2,52594,47486,0:55:40.550769
174,2,26622,23544,0:22:04.997312
175,2,67088,62226,1:44:00.822386
176,2,76179,69396,2:57:43.051571
177,2,23181,21016,0:27:22.036297
178,2,26371,23885,1:10:35.037350
179,2,74084,69141,1:01:32.102861
180,2,6093,5380,0:25:55.592708
181,2,5318,4795,0:10:40.887531
182,2,-1,-1,-1
183,2,-1,-1,-1
184,2,3373,2930,0:21:32.940282
185,2,-1,-1,-1
186,2,5258,4664,0:11:12.287743
187,2,4318,3825,0:11:23.946737
188,2,-1,-1,-1
189,2,4416,3845,0:14:22.276585
190,2,10338,8576,0:52:28.955625
191,2,9527,7978,0:49:17.498747
192,2,8194,6319,0:47:13.245355
193,2,8271,6693,0:57:14.913930
194,2,5432,4514,0:21:21.952393
195,2,8141,6370,0:37:09.668117
196,2,9173,7390,0:48:59.388956
197,2,7392,5889,1:03:02.730620
198,2,7403,5666,0:42:34.608994
199,2,7335,5675,0:23:59.014154
200,2,36650,34735,0:23:42.450057
201,2,28678,26701,0:17:49.416880
202,2,-1,-1,-1
203,2,-1,-1,-1
204,2,11240,10380,0:11:27.694410
205,2,-1,-1,-1
206,2,19709,18339,0:18:35.768240
207,2,16596,15303,0:22:52.169987
208,2,-1,-1,-1
209,2,16722,15590,0:20:10.656703
210,2,63564,56896,1:39:24.530361
211,2,46576,41737,1:17:25.253446
212,2,27691,23973,1:06:41.722008
213,2,35700,32282,2:31:30.707510
214,2,18922,16046,0:31:55.277528
215,2,32138,28087,1:00:57.294421
216,2,33149,29025,2:16:06.826243
217,2,26429,23178,1:13:03.103293
218,2,22260,18891,0:48:30.979214
219,2,27341,23761,1:06:03.737080
220,2,113378,108685,0:51:29.268619
221,2,84074,79972,0:22:46.610129
222,2,-1,-1,-1
223,2,-1,-1,-1
224,2,32731,30817,0:11:56.586763
225,2,-1,-1,-1
226,2,60942,57616,0:15:31.661910
227,2,48946,46526,0:16:50.965959
228,2,-1,-1,-1
229,2,50341,47325,0:16:14.886006
230,2,193830,177527,4:19:30.453252
231,2,142087,131587,3:59:14.626898
232,2,80250,73974,2:07:02.898485
233,2,107176,98950,2:24:00.626450
234,2,56695,50556,1:08:52.964830
235,2,94523,87030,3:49:43.372814
236,2,103232,94020,4:00:03.567091
237,2,83977,75894,1:13:39.436912
238,2,63428,57398,1:30:58.303919
239,2,84773,77329,1:12:41.359422
0,3,229,197,0:00:30.502337
1,3,310,264,0:00:35.131487
2,3,348,309,0:00:37.854746
3,3,398,352,0:00:41.472786
4,3,-1,-1,-1
5,3,420,349,0:00:46.293846
6,3,412,318,0:00:43.566428
7,3,110,97,0:00:25.031115
8,3,-1,-1,-1
9,3,151,118,0:00:30.227717
10,3,350,231,0:01:03.377644
11,3,522,315,0:01:11.598774
12,3,463,337,0:02:07.059985
13,3,498,413,0:01:11.542744
14,3,67,47,0:00:28.253144
15,3,787,611,0:02:12.350733
16,3,605,474,0:01:41.143925
17,3,167,121,0:00:41.132005
18,3,291,198,0:00:58.158710
19,3,353,205,0:01:22.520885
20,3,1194,1143,0:00:47.610836
21,3,1051,962,0:00:52.365016
22,3,1152,1086,0:00:53.025158
23,3,2288,2091,0:01:07.707104
24,3,-1,-1,-1
25,3,3178,3016,0:01:01.584703
26,3,3321,3097,0:01:04.982728
27,3,416,351,0:00:32.788850
28,3,-1,-1,-1
29,3,445,404,0:00:32.218516
30,3,1827,1715,0:03:07.402808
31,3,1868,1595,0:02:20.842440
32,3,1867,1445,0:04:44.485407
33,3,3711,3198,0:02:50.937464
34,3,72,51,0:00:29.523593
35,3,5081,4576,0:05:49.990952
36,3,6142,5205,0:03:41.774988
37,3,709,602,0:00:48.636877
38,3,343,198,0:00:50.030875
39,3,700,605,0:01:13.935307
40,3,3580,3380,0:01:03.122486
41,3,3806,3526,0:01:01.775810
42,3,3921,3704,0:00:56.910568
43,3,7075,6462,0:01:45.161398
44,3,-1,-1,-1
45,3,9023,8343,0:01:29.565790
46,3,10137,9677,0:01:38.142381
47,3,1463,1340,0:00:31.480426
48,3,-1,-1,-1
49,3,1533,1367,0:00:46.725767
50,3,6389,5243,0:02:57.780654
51,3,5956,5239,0:04:21.368159
52,3,6761,5691,0:05:52.364124
53,3,11729,10282,0:11:27.019417
54,3,332,274,0:00:47.185362
55,3,14049,12811,0:06:09.999537
56,3,17980,16068,0:06:44.237871
57,3,2305,1888,0:01:36.993315
58,3,708,582,0:01:09.300636
59,3,2774,2253,0:01:31.567440
60,3,-1,-1,-1
61,3,1423,1208,0:02:46.761800
62,3,2013,1758,0:05:35.579094
63,3,-1,-1,-1
64,3,-1,-1,-1
65,3,-1,-1,-1
66,3,-1,-1,-1
67,3,632,520,0:02:06.189107
68,3,-1,-1,-1
69,3,1322,1173,0:02:06.595836
70,3,1817,1306,0:07:38.260954
71,3,2148,1658,0:09:03.140684
72,3,3281,2611,0:12:16.084919
73,3,2292,1617,0:08:51.540195
74,3,862,612,0:03:30.876805
75,3,2221,1579,0:09:55.946743
76,3,2442,1877,0:07:51.567018
77,3,963,746,0:06:02.064486
78,3,1632,1203,0:10:23.702426
79,3,2392,1873,0:07:28.508169
80,3,-1,-1,-1
81,3,6176,5793,0:06:54.955357
82,3,12954,11825,0:04:31.206474
83,3,-1,-1,-1
84,3,-1,-1,-1
85,3,-1,-1,-1
86,3,-1,-1,-1
87,3,2052,1847,0:01:58.042873
88,3,-1,-1,-1
89,3,6003,5594,0:04:00.412095
90,3,9291,7361,0:09:38.256008
91,3,10696,9170,0:11:59.263343
92,3,21223,19459,0:49:06.473393
93,3,11883,9937,0:10:37.731741
94,3,1963,1476,0:06:44.245969
95,3,10760,9336,0:18:11.522288
96,3,12083,10805,0:12:26.979392
97,3,3510,2817,0:04:51.054745
98,3,2423,1894,0:09:54.184687
99,3,10396,8902,0:10:25.021169
100,3,-1,-1,-1
101,3,18721,17889,0:03:48.133741
102,3,38684,36491,0:05:53.815931
103,3,-1,-1,-1
104,3,-1,-1,-1
105,3,-1,-1,-1
106,3,-1,-1,-1
107,3,6141,5925,0:02:50.297652
108,3,-1,-1,-1
109,3,18217,17234,0:05:16.844465
110,3,27034,23102,0:31:13.035041
111,3,31131,28009,0:46:06.263792
112,3,63531,59377,0:47:17.928749
113,3,34096,29977,0:36:42.793509
114,3,6365,5180,0:09:44.674383
115,3,30775,27870,0:23:38.403598
116,3,34842,32539,0:50:38.943877
117,3,10917,9403,0:06:57.240102
118,3,7143,5795,0:08:45.286197
119,3,30302,27797,0:18:32.474361
120,3,-1,-1,-1
121,3,3787,3308,0:06:53.247806
122,3,-1,-1,-1
123,3,-1,-1,-1
124,3,-1,-1,-1
125,3,-1,-1,-1
126,3,-1,-1,-1
127,3,-1,-1,-1
128,3,-1,-1,-1
129,3,-1,-1,-1
130,3,5289,4098,0:16:46.084649
131,3,6817,5283,0:19:13.566068
132,3,5564,4201,0:22:04.944162
133,3,4706,3513,0:33:59.494907
134,3,3343,2495,0:21:12.047198
135,3,4823,3798,0:27:10.695763
136,3,5188,3943,0:19:44.018498
137,3,3012,2208,0:13:51.878081
138,3,3732,3023,0:18:52.542342
139,3,4668,3795,0:16:03.054312
140,3,-1,-1,-1
141,3,23629,22391,0:17:41.001355
142,3,-1,-1,-1
143,3,-1,-1,-1
144,3,-1,-1,-1
145,3,-1,-1,-1
146,3,-1,-1,-1
147,3,-1,-1,-1
148,3,-1,-1,-1
149,3,-1,-1,-1
150,3,30510,25961,0:53:13.245237
151,3,40453,35288,1:47:35.698885
152,3,23010,19652,1:36:03.796292
153,3,17161,14898,0:44:39.870741
154,3,8308,6930,0:22:24.217620
155,3,21626,19380,0:31:24.391685
156,3,25190,21510,0:41:57.038908
157,3,7598,6095,0:14:17.169945
158,3,9164,7375,0:28:10.073681
159,3,24033,20662,0:35:45.284990
160,3,-1,-1,-1
161,3,74187,70729,0:19:17.861809
162,3,-1,-1,-1
163,3,-1,-1,-1
164,3,-1,-1,-1
165,3,-1,-1,-1
166,3,-1,-1,-1
167,3,-1,-1,-1
168,3,-1,-1,-1
169,3,-1,-1,-1
170,3,90349,81816,1:26:38.240733
171,3,123617,114813,1:55:06.497592
172,3,66146,59875,1:15:07.071962
173,3,52044,47086,0:56:27.792836
174,3,26792,23352,0:23:08.575322
175,3,68869,61731,1:17:57.948241
176,3,76702,68705,1:41:18.719833
177,3,23470,20724,0:26:56.080955
178,3,27319,23800,1:08:56.108720
179,3,75038,68440,2:05:30.521129
180,3,-1,-1,-1
181,3,-1,-1,-1
182,3,-1,-1,-1
183,3,-1,-1,-1
184,3,-1,-1,-1
185,3,-1,-1,-1
186,3,-1,-1,-1
187,3,-1,-1,-1
188,3,-1,-1,-1
189,3,-1,-1,-1
190,3,10424,8239,0:37:10.296514
191,3,10016,7797,1:04:21.162839
192,3,8030,6175,0:53:03.958994
193,3,8310,6504,0:52:47.263909
194,3,5736,4383,0:36:02.119573
195,3,8185,6177,1:32:01.519072
196,3,9212,7175,0:32:21.074329
197,3,7371,5680,0:55:19.351166
198,3,7310,5518,0:25:27.265056
199,3,7437,5521,0:45:50.383494
200,3,-1,-1,-1
201,3,-1,-1,-1
202,3,-1,-1,-1
203,3,-1,-1,-1
204,3,-1,-1,-1
205,3,-1,-1,-1
206,3,-1,-1,-1
207,3,-1,-1,-1
208,3,-1,-1,-1
209,3,-1,-1,-1
210,3,63591,56088,1:29:21.211461
211,3,46648,41186,1:41:36.519048
212,3,27758,23798,2:04:21.178593
213,3,36329,31940,1:20:08.777942
214,3,18958,15765,0:55:32.161059
215,3,32607,27725,1:26:42.568022
216,3,32883,28586,1:19:33.076488
217,3,27137,22928,1:03:22.262415
218,3,21506,18605,1:23:38.779132
219,3,27942,23501,1:02:47.553225
220,3,-1,-1,-1
221,3,-1,-1,-1
222,3,-1,-1,-1
223,3,-1,-1,-1
224,3,-1,-1,-1
225,3,-1,-1,-1
226,3,-1,-1,-1
227,3,-1,-1,-1
228,3,-1,-1,-1
229,3,-1,-1,-1
230,3,194553,176504,5:23:37.872468
231,3,141922,131062,4:26:23.923803
232,3,81633,73574,2:31:26.389069
233,3,108868,98096,2:07:57.390432
234,3,57308,50175,1:58:33.813841
235,3,96757,86754,2:05:22.849675
236,3,105190,93331,1:43:48.098147
237,3,85595,75147,1:50:32.993178
238,3,64761,57223,1:24:47.897360
239,3,85538,76812,2:24:08.442205
