Graph Ids,C2,C3,G\_N2V,G\_N2V*,G\_HOPE,G\_SDNE,G\_SDNE*,G\_SPEC,GUROBI OPTIMAL,GUROBI TIME
incgraph\_2\_0.06\_5\_30\_1.20\_1\_1,207.0,207.0,207.0,207.0,207.0,207.0,207.0,207.0,207,1227
incgraph\_2\_0.06\_5\_30\_1.20\_2\_1,310.0,310.0,310.0,310.0,310.0,310.0,310.0,310.0,310,0.61
incgraph\_2\_0.06\_5\_30\_1.20\_3\_1,314.0,314.0,314.0,314.0,314.0,314.0,314.0,314.0,310,899
incgraph\_2\_0.06\_5\_30\_1.20\_4\_1,360.0,360.0,360.0,360.0,360.0,360.0,360.0,360.0,360,915
incgraph\_2\_0.06\_5\_30\_1.20\_5\_1,33.0,33.0,33.0,33.0,33.0,33.0,33.0,33.0,33,123
incgraph\_2\_0.06\_5\_30\_1.20\_6\_1,415.0,415.0,415.13,415.03,415.0,415.0,415.0,415.0,415,991
incgraph\_2\_0.06\_5\_30\_1.20\_7\_1,363.0,363.0,363.0,363.0,363.0,363.0,363.0,363.0,363,1392
incgraph\_2\_0.06\_5\_30\_1.20\_8\_1,104.0,104.0,104.0,104.0,104.0,104.0,104.0,104.0,104,279
incgraph\_2\_0.06\_5\_30\_1.20\_9\_1,143.0,143.0,143.0,143.0,143.0,143.0,143.0,143.0,143,0.53
incgraph\_2\_0.06\_5\_30\_1.20\_10\_1,163.0,163.0,163.47,163.4,163.0,163.0,163.0,163.0,163,422
incgraph\_2\_0.06\_5\_30\_1.60\_1\_1,289.0,289.0,289.0,289.0,289.0,289.0,289.0,289.0,289,1649
incgraph\_2\_0.06\_5\_30\_1.60\_2\_1,373.0,373.0,373.0,373.0,373.0,373.0,373.0,373.0,373,2268
incgraph\_2\_0.06\_5\_30\_1.60\_3\_1,367.0,366.83,369.27,369.73,369.07,368.5,368.43,369.57,366,2639
incgraph\_2\_0.06\_5\_30\_1.60\_4\_1,463.0,463.0,463.0,463.0,463.0,463.0,463.0,463.0,463,2095
incgraph\_2\_0.06\_5\_30\_1.60\_5\_1,76.0,76.0,76.0,76.0,76.0,76.0,76.0,76.0,76,301
incgraph\_2\_0.06\_5\_30\_1.60\_6\_1,740.0,740.0,740.0,740.0,740.0,740.0,740.0,740.0,740,3984
incgraph\_2\_0.06\_5\_30\_1.60\_7\_1,585.0,585.0,585.0,585.0,585.0,585.0,585.0,585.0,585,3907
incgraph\_2\_0.06\_5\_30\_1.60\_8\_1,144.0,144.0,144.0,144.0,144.0,144.0,144.0,144.0,144,592
incgraph\_2\_0.06\_5\_30\_1.60\_9\_1,242.0,242.0,242.0,242.0,242.0,242.0,242.0,242.0,242,1391
incgraph\_2\_0.06\_5\_30\_1.60\_10\_1,242.0,242.0,242.0,242.0,242.0,242.0,242.03,242.0,242,1253
incgraph\_2\_0.17\_5\_30\_1.20\_1\_1,1145.0,1145.0,1145.0,1145.0,1145.0,1145.0,1145.0,1145.0,1145,658
incgraph\_2\_0.17\_5\_30\_1.20\_2\_1,980.0,980.0,980.0,980.0,980.0,980.0,980.0,980.0,980,844
incgraph\_2\_0.17\_5\_30\_1.20\_3\_1,1088.0,1088.0,1088.0,1088.0,1088.0,1088.0,1088.0,1088.0,1088,1279
incgraph\_2\_0.17\_5\_30\_1.20\_4\_1,2194.0,2194.0,2194.0,2194.0,2194.0,2194.0,2194.0,2194.0,2194,1298
incgraph\_2\_0.17\_5\_30\_1.20\_5\_1,62.0,62.0,62.0,62.0,62.0,62.0,62.0,62.0,62,115
incgraph\_2\_0.17\_5\_30\_1.20\_6\_1,3136.0,3136.0,3136.0,3136.0,3136.0,3136.0,3136.0,3136.0,3136,1635
incgraph\_2\_0.17\_5\_30\_1.20\_7\_1,3198.0,3198.0,3198.0,3198.0,3198.0,3198.0,3198.0,3198.0,3198,2169
incgraph\_2\_0.17\_5\_30\_1.20\_8\_1,351.0,351.0,351.0,351.0,351.0,351.0,351.0,351.0,351,288
incgraph\_2\_0.17\_5\_30\_1.20\_9\_1,143.0,143.0,143.0,143.0,143.0,143.0,143.0,143.0,143,524
incgraph\_2\_0.17\_5\_30\_1.20\_10\_1,469.0,469.0,469.0,469.0,469.0,469.0,469.0,469.0,469,679
incgraph\_2\_0.17\_5\_30\_1.60\_1\_1,1805.0,1805.17,1805.1,1805.13,1805.1,1805.03,1805.0,1805.1,1805,2109
incgraph\_2\_0.17\_5\_30\_1.60\_2\_1,1788.0,1788.03,1788.0,1788.0,1788.0,1788.0,1788.0,1788.0,1788,2625
incgraph\_2\_0.17\_5\_30\_1.60\_3\_1,1547.9,1547.33,1547.27,1547.47,1547.4,1547.3,1547.27,1547.47,1547,3.21
incgraph\_2\_0.17\_5\_30\_1.60\_4\_1,3427.0,3427.0,3427.0,3427.0,3427.13,3427.13,3427.0,3427.0,3427,4344
incgraph\_2\_0.17\_5\_30\_1.60\_5\_1,55.0,55.0,55.07,55.0,55.0,55.0,55.0,55.0,55,275
incgraph\_2\_0.17\_5\_30\_1.60\_6\_1,4838.63,4837.4,4837.97,4838.07,4838.63,4838.3,4838.03,4838.6,4837,5214
incgraph\_2\_0.17\_5\_30\_1.60\_7\_1,5535.0,5535.07,5535.0,5535.0,5535.0,5535.0,5535.07,5535.0,5535,5231
incgraph\_2\_0.17\_5\_30\_1.60\_8\_1,663.0,663.0,663.0,663.0,663.0,663.0,663.0,663.0,663,821
incgraph\_2\_0.17\_5\_30\_1.60\_9\_1,242.0,242.0,242.0,242.0,242.0,242.0,242.0,242.0,242,1434
incgraph\_2\_0.17\_5\_30\_1.60\_10\_1,706.0,706.0,706.07,706.07,706.53,706.53,706.4,707.27,706,1527
incgraph\_2\_0.30\_5\_30\_1.20\_1\_1,3386.0,3390.67,3386.0,3386.0,3386.93,3386.0,3386.0,3387.87,3386,1.44
incgraph\_2\_0.30\_5\_30\_1.20\_2\_1,3630.0,3630.0,3630.0,3630.0,3630.0,3630.0,3630.0,3630.0,3630,2004
incgraph\_2\_0.30\_5\_30\_1.20\_3\_1,3781.0,3781.0,3781.0,3781.0,3781.0,3781.0,3781.0,3781.0,3781,1762
incgraph\_2\_0.30\_5\_30\_1.20\_4\_1,6708.0,6708.0,6708.0,6708.0,6708.0,6708.0,6708.0,6708.0,6708,3122
incgraph\_2\_0.30\_5\_30\_1.20\_5\_1,210.0,210.0,210.0,210.0,210.0,210.0,210.0,210.0,210,217
incgraph\_2\_0.30\_5\_30\_1.20\_6\_1,8711.0,8711.0,8711.0,8711.0,8711.0,8711.0,8711.0,8711.0,8711,3297
incgraph\_2\_0.30\_5\_30\_1.20\_7\_1,9918.0,9926.67,9918.0,9918.0,9918.0,9918.0,9918.0,9918.0,9918,4413
incgraph\_2\_0.30\_5\_30\_1.20\_8\_1,1364.0,1364.0,1364.0,1364.0,1364.0,1364.0,1364.0,1364.0,1364,833
incgraph\_2\_0.30\_5\_30\_1.20\_9\_1,340.0,340.0,340.0,340.0,340.0,340.0,340.0,340.0,340,763
incgraph\_2\_0.30\_5\_30\_1.20\_10\_1,1377.0,1377.0,1377.0,1377.0,1377.0,1377.0,1377.0,1377.0,1377,891
incgraph\_2\_0.30\_5\_30\_1.60\_1\_1,5396.0,5396.0,5396.13,5396.13,5396.0,5396.0,5396.13,5396.07,5396,3504
incgraph\_2\_0.30\_5\_30\_1.60\_2\_1,5468.17,5468.37,5468.13,5468.13,5468.2,5468.33,5468.3,5468.1,5468,4201
incgraph\_2\_0.30\_5\_30\_1.60\_3\_1,6134.7,6136.1,6143.6,6144.27,6136.97,6137.4,6135.97,6138.23,6128,4575
incgraph\_2\_0.30\_5\_30\_1.60\_4\_1,10621.03,10622.17,10621.13,10621.07,10621.5,10621.3,10621.17,10621.4,10621,21616
incgraph\_2\_0.30\_5\_30\_1.60\_5\_1,285.0,285.0,285.0,285.0,285.0,285.0,285.0,285.0,285,626
incgraph\_2\_0.30\_5\_30\_1.60\_6\_1,12856.0,12856.0,12856.0,12856.0,12856.0,12856.0,12856.0,12856.0,12856,7536
incgraph\_2\_0.30\_5\_30\_1.60\_7\_1,16662.0,16662.0,16662.0,16662.0,16662.0,16662.0,16662.0,16662.0,16662,8502
incgraph\_2\_0.30\_5\_30\_1.60\_8\_1,1930.0,1930.03,1930.0,1930.0,1930.0,1930.0,1930.0,1930.0,1930,1293
incgraph\_2\_0.30\_5\_30\_1.60\_9\_1,646.47,639.27,639.0,639.0,639.87,639.07,639.33,639.73,639,1473
incgraph\_2\_0.30\_5\_30\_1.60\_10\_1,2392.0,2392.0,2392.0,2392.0,2392.0,2392.0,2392.0,2392.0,2392,1495
,,,,,,,,,,
incgraph\_6\_0.06\_5\_30\_1.20\_1\_1,1071.53,1070.0,1071.93,1071.73,1071.13,1071.03,1071.27,1070.6,1070,1722
incgraph\_6\_0.06\_5\_30\_1.20\_2\_1,1310.0,1310.0,1310.0,1310.0,1310.0,1310.0,1310.0,1310.0,1310,2194
incgraph\_6\_0.06\_5\_30\_1.20\_3\_1,1934.2,1931.37,1934.7,1934.07,1933.3,1933.93,1933.8,1933.47,1931,3419
incgraph\_6\_0.06\_5\_30\_1.20\_4\_1,1157.53,1157.0,1157.0,1157.0,1157.0,1157.0,1157.0,1157.0,1157,1909
incgraph\_6\_0.06\_5\_30\_1.20\_5\_1,474.0,474.0,474.0,474.0,474.0,474.0,474.0,474.0,474,0.72
incgraph\_6\_0.06\_5\_30\_1.20\_6\_1,1268.0,1268.0,1268.0,1268.0,1268.0,1268.0,1268.0,1268.0,1268,1983
incgraph\_6\_0.06\_5\_30\_1.20\_7\_1,1515.0,1515.07,1515.0,1515.0,1515.23,1515.23,1515.23,1515.47,1515,2353
incgraph\_6\_0.06\_5\_30\_1.20\_8\_1,555.0,555.0,555.0,555.0,555.0,555.0,555.0,555.0,555,719
incgraph\_6\_0.06\_5\_30\_1.20\_9\_1,836.0,836.33,836.0,836.0,836.0,836.0,836.0,836.0,836,1771
incgraph\_6\_0.06\_5\_30\_1.20\_10\_1,1213.0,1213.0,1213.0,1213.0,1213.0,1213.0,1213.0,1213.0,1213,1899
incgraph\_6\_0.06\_5\_30\_1.60\_1\_1,1435.4,1434.63,1434.27,1433.7,1434.77,1433.13,1433.87,1434.67,1428,5272
incgraph\_6\_0.06\_5\_30\_1.60\_2\_1,1738.0,1740.97,1738.93,1738.7,1738.6,1738.97,1738.27,1738.57,1733,7221
incgraph\_6\_0.06\_5\_30\_1.60\_3\_1,2751.87,2752.4,2751.8,2752.1,2751.77,2751.07,2751.07,2751.53,2747,9115
incgraph\_6\_0.06\_5\_30\_1.60\_4\_1,1780.87,1780.67,1781.33,1781.63,1782.6,1781.37,1781.6,1782.43,1777,4841
incgraph\_6\_0.06\_5\_30\_1.60\_5\_1,650.07,648.5,649.9,649.3,648.23,652.07,652.37,648.43,646,2253
incgraph\_6\_0.06\_5\_30\_1.60\_6\_1,1708.3,1708.67,1709.77,1708.87,1708.17,1708.67,1708.67,1708.0,1706,6086
incgraph\_6\_0.06\_5\_30\_1.60\_7\_1,1996.7,1995.5,1996.77,1997.1,1997.1,1995.87,1996.6,1997.13,1988,8221
incgraph\_6\_0.06\_5\_30\_1.60\_8\_1,804.03,803.1,804.67,805.47,804.13,803.8,804.0,803.87,802,1951
incgraph\_6\_0.06\_5\_30\_1.60\_9\_1,1289.17,1288.53,1289.63,1289.6,1289.07,1289.1,1289.23,1288.67,1288,4662
incgraph\_6\_0.06\_5\_30\_1.60\_10\_1,2014.93,2014.8,2015.27,2015.17,2014.67,2015.9,2015.47,2015.0,2012,5166
incgraph\_6\_0.17\_5\_30\_1.20\_1\_1,4822.0,4822.0,4822.0,4822.0,4822.0,4822.0,4822.0,4822.0,4822,2755
incgraph\_6\_0.17\_5\_30\_1.20\_2\_1,5965.0,5960.13,5965.0,5965.0,5965.0,5965.0,5965.0,5965.0,5960,3417
incgraph\_6\_0.17\_5\_30\_1.20\_3\_1,12339.0,12339.0,12339.0,12339.0,12339.0,12339.0,12339.0,12339.0,12339,5465
incgraph\_6\_0.17\_5\_30\_1.20\_4\_1,6150.0,6150.0,6150.0,6150.0,6150.0,6150.0,6150.0,6150.0,6150,3331
incgraph\_6\_0.17\_5\_30\_1.20\_5\_1,1158.0,1158.0,1158.0,1158.0,1158.0,1158.0,1158.0,1158.0,1158,1077
incgraph\_6\_0.17\_5\_30\_1.20\_6\_1,5939.0,5943.5,5939.0,5939.0,5939.0,5939.0,5939.0,5939.0,5939,3159
incgraph\_6\_0.17\_5\_30\_1.20\_7\_1,6794.0,6795.1,6794.0,6794.0,6794.0,6794.0,6794.0,6794.0,6794,4334
incgraph\_6\_0.17\_5\_30\_1.20\_8\_1,1891.0,1891.0,1891.0,1891.0,1891.0,1891.03,1891.0,1891.0,1891,1228
incgraph\_6\_0.17\_5\_30\_1.20\_9\_1,1261.0,1261.0,1261.0,1261.0,1261.0,1261.0,1261.0,1261.0,1261,1183
incgraph\_6\_0.17\_5\_30\_1.20\_10\_1,5784.8,5784.73,5784.6,5784.53,5784.17,5784.13,5784.07,5784.17,5784,2032
incgraph\_6\_0.17\_5\_30\_1.60\_1\_1,7794.83,7797.27,7795.27,7795.37,7795.5,7795.23,7795.4,7795.2,7794,5186
incgraph\_6\_0.17\_5\_30\_1.60\_2\_1,9544.17,9535.7,9540.67,9540.7,9539.4,9538.97,9540.5,9540.7,9535,9917
incgraph\_6\_0.17\_5\_30\_1.60\_3\_1,20167.53,20167.83,20168.33,20168.17,20168.03,20168.03,20167.73,20167.2,20165,16841
incgraph\_6\_0.17\_5\_30\_1.60\_4\_1,10513.33,10510.8,10512.97,10512.6,10513.2,10512.3,10512.97,10512.5,10508,14472
incgraph\_6\_0.17\_5\_30\_1.60\_5\_1,1631.03,1629.03,1633.0,1632.47,1633.4,1632.57,1632.77,1632.27,1628,2758
incgraph\_6\_0.17\_5\_30\_1.60\_6\_1,9829.43,9810.93,9824.43,9823.13,9822.23,9820.17,9822.37,9819.77,9809,13687
incgraph\_6\_0.17\_5\_30\_1.60\_7\_1,11116.73,11117.77,11116.33,11116.5,11115.97,11116.47,11116.5,11116.33,11115,15568
incgraph\_6\_0.17\_5\_30\_1.60\_8\_1,2954.37,2954.67,2954.73,2954.63,2954.47,2954.43,2954.43,2955.43,2954,3321
incgraph\_6\_0.17\_5\_30\_1.60\_9\_1,2044.63,2043.53,2045.07,2044.83,2044.37,2044.4,2044.5,2044.7,2043,6627
incgraph\_6\_0.17\_5\_30\_1.60\_10\_1,9196.27,9196.03,9196.2,9196.07,9196.03,9196.37,9196.13,9195.9,9194,8813
incgraph\_6\_0.30\_5\_30\_1.20\_1\_1,14808.1,14807.43,14807.0,14807.0,14807.0,14807.0,14807.0,14807.0,14807,5759
incgraph\_6\_0.30\_5\_30\_1.20\_2\_1,18188.0,18154.0,18155.17,18154.0,18154.0,18155.13,18156.27,18154.0,18154,6533
incgraph\_6\_0.30\_5\_30\_1.20\_3\_1,37239.0,37224.5,37226.97,37226.33,37226.97,37229.5,37227.6,37233.3,37220,13378
incgraph\_6\_0.30\_5\_30\_1.20\_4\_1,19548.0,19552.93,19549.73,19549.73,19548.0,19548.87,19548.87,19549.73,19548,7232
incgraph\_6\_0.30\_5\_30\_1.20\_5\_1,3199.0,3199.0,3199.0,3199.0,3199.5,3199.5,3201.0,3199.5,3199,1565
incgraph\_6\_0.30\_5\_30\_1.20\_6\_1,18012.0,18026.8,18012.0,18012.0,18012.0,18012.0,18012.0,18012.0,18012,7441
incgraph\_6\_0.30\_5\_30\_1.20\_7\_1,20097.0,19992.0,19992.0,19992.0,19992.0,19999.0,19992.0,19992.0,19992,7527
incgraph\_6\_0.30\_5\_30\_1.20\_8\_1,5979.0,5979.0,5979.0,5979.0,5979.0,5979.13,5979.0,5979.0,5979,2.17
incgraph\_6\_0.30\_5\_30\_1.20\_9\_1,3852.0,3852.0,3852.0,3852.0,3852.0,3852.0,3852.0,3852.0,3852,2.25
incgraph\_6\_0.30\_5\_30\_1.20\_10\_1,17507.0,17507.1,17507.0,17507.0,17507.0,17507.0,17507.0,17507.03,17507,5925
incgraph\_6\_0.30\_5\_30\_1.60\_1\_1,23845.0,23851.0,23845.0,23845.0,23844.97,23845.13,23845.03,23845.13,23844,38211
incgraph\_6\_0.30\_5\_30\_1.60\_2\_1,28271.97,28272.93,28271.87,28272.07,28271.93,28271.8,28271.87,28271.73,28273,44079
incgraph\_6\_0.30\_5\_30\_1.60\_3\_1,59841.77,59843.87,59841.07,59840.8,59841.53,59841.17,59841.33,59841.9,59843,610.39
incgraph\_6\_0.30\_5\_30\_1.60\_4\_1,30648.87,30648.13,30649.1,30649.57,30649.87,30649.1,30649.5,30650.07,30645,30185
incgraph\_6\_0.30\_5\_30\_1.60\_5\_1,5357.53,5357.2,5357.87,5357.43,5357.6,5357.77,5357.77,5358.2,5357,4.02
incgraph\_6\_0.30\_5\_30\_1.60\_6\_1,28323.1,28322.33,28322.77,28322.7,28323.0,28322.77,28323.07,28322.47,28322,19256
incgraph\_6\_0.30\_5\_30\_1.60\_7\_1,33163.5,33166.7,33163.7,33163.47,33163.3,33163.47,33163.57,33163.3,33163,81402
incgraph\_6\_0.30\_5\_30\_1.60\_8\_1,9559.1,9559.67,9559.03,9559.0,9559.0,9559.0,9559.03,9559.0,9559,7259
incgraph\_6\_0.30\_5\_30\_1.60\_9\_1,6059.07,6058.93,6058.23,6058.27,6058.57,6058.27,6058.2,6058.3,6058,10975
incgraph\_6\_0.30\_5\_30\_1.60\_10\_1,28529.1,28531.27,28527.43,28527.03,28528.07,28527.23,28528.13,28527.83,28524,86724
,,,,,,,,,,
incgraph\_13\_0.06\_5\_30\_1.20\_1\_1,2850.13,2850.23,2850.97,2850.77,2850.3,2850.33,2850.53,2850.2,2850,6267
incgraph\_13\_0.06\_5\_30\_1.20\_2\_1,3682.6,3678.23,3683.1,3683.0,3680.27,3680.4,3682.23,3682.5,3664,6969
incgraph\_13\_0.06\_5\_30\_1.20\_3\_1,3272.67,3272.0,3273.2,3273.33,3272.53,3272.4,3272.33,3272.73,3272,5102
incgraph\_13\_0.06\_5\_30\_1.20\_4\_1,2798.4,2798.3,2797.07,2797.0,2797.17,2797.1,2797.03,2797.03,2797,4228
incgraph\_13\_0.06\_5\_30\_1.20\_5\_1,1722.6,1721.9,1721.97,1721.97,1722.03,1722.13,1722.13,1721.53,1720,2427
incgraph\_13\_0.06\_5\_30\_1.20\_6\_1,2688.07,2684.63,2688.17,2687.37,2687.43,2686.23,2686.1,2688.77,2682,4199
incgraph\_13\_0.06\_5\_30\_1.20\_7\_1,2800.03,2806.07,2800.57,2801.4,2800.63,2800.03,2800.13,2800.53,2800,5221
incgraph\_13\_0.06\_5\_30\_1.20\_8\_1,1593.0,1593.3,1593.0,1593.0,1593.0,1593.0,1593.0,1593.0,1593,1667
incgraph\_13\_0.06\_5\_30\_1.20\_9\_1,2077.73,2063.6,2066.9,2064.6,2070.0,2078.23,2075.4,2071.13,2057,3462
incgraph\_13\_0.06\_5\_30\_1.20\_10\_1,2945.0,2943.63,2942.4,2944.97,2939.9,2942.13,2941.83,2939.87,2938,4805
incgraph\_13\_0.06\_5\_30\_1.60\_1\_1,4338.7,4313.7,4325.07,4326.3,4325.4,4323.2,4327.1,4324.43,4296,18778
incgraph\_13\_0.06\_5\_30\_1.60\_2\_1,5675.7,5671.3,5671.53,5671.6,5675.03,5673.6,5672.57,5675.23,5642,28905
incgraph\_13\_0.06\_5\_30\_1.60\_3\_1,4815.53,4810.97,4818.73,4819.57,4818.27,4816.1,4814.9,4818.3,4791,17533
incgraph\_13\_0.06\_5\_30\_1.60\_4\_1,3768.7,3778.33,3768.43,3771.3,3770.53,3766.17,3764.87,3771.77,3742,14742
incgraph\_13\_0.06\_5\_30\_1.60\_5\_1,2696.87,2692.0,2696.07,2697.0,2696.33,2697.17,2695.53,2693.2,2681,9541
incgraph\_13\_0.06\_5\_30\_1.60\_6\_1,4093.93,4080.4,4082.87,4082.83,4085.23,4087.23,4085.87,4085.9,4069,16396
incgraph\_13\_0.06\_5\_30\_1.60\_7\_1,4203.8,4194.27,4202.43,4199.03,4199.5,4203.17,4203.13,4200.2,4176,17126
incgraph\_13\_0.06\_5\_30\_1.60\_8\_1,2409.77,2406.07,2408.97,2408.73,2408.5,2407.93,2407.3,2407.93,2395,6034
incgraph\_13\_0.06\_5\_30\_1.60\_9\_1,3271.87,3267.3,3273.23,3274.1,3274.5,3271.07,3271.23,3274.57,3252,10861
incgraph\_13\_0.06\_5\_30\_1.60\_10\_1,4094.63,4090.17,4092.97,4092.77,4092.3,4093.77,4093.5,4092.27,4078,14347
incgraph\_13\_0.17\_5\_30\_1.20\_1\_1,16856.07,16849.8,16866.77,16866.77,16849.2,16851.77,16854.1,16853.97,16845,8628
incgraph\_13\_0.17\_5\_30\_1.20\_2\_1,22796.87,22791.6,22790.63,22793.07,22791.73,22790.0,22789.77,22790.6,22789,12649
incgraph\_13\_0.17\_5\_30\_1.20\_3\_1,12995.37,12943.2,12966.4,12966.7,12960.1,12967.6,12971.67,12959.47,12943,7356
incgraph\_13\_0.17\_5\_30\_1.20\_4\_1,9674.57,9673.03,9656.53,9656.1,9648.2,9660.43,9661.8,9651.67,9637,6767
incgraph\_13\_0.17\_5\_30\_1.20\_5\_1,4502.2,4502.2,4502.07,4502.1,4502.13,4502.2,4502.27,4502.13,4502,4176
incgraph\_13\_0.17\_5\_30\_1.20\_6\_1,12599.0,12552.9,12583.13,12580.6,12586.17,12582.97,12583.83,12583.63,12542,8049
incgraph\_13\_0.17\_5\_30\_1.20\_7\_1,14384.9,14342.8,14361.33,14360.3,14368.17,14369.77,14365.77,14355.87,14339,9573
incgraph\_13\_0.17\_5\_30\_1.20\_8\_1,4086.0,4085.37,4085.4,4085.57,4082.37,4082.33,4083.5,4082.83,4080,3.57
incgraph\_13\_0.17\_5\_30\_1.20\_9\_1,5229.13,5229.97,5228.0,5228.0,5229.63,5228.77,5228.17,5228.27,5228,5597
incgraph\_13\_0.17\_5\_30\_1.20\_10\_1,13380.07,13372.7,13376.97,13376.67,13376.13,13372.93,13373.57,13375.43,13372,8573
incgraph\_13\_0.17\_5\_30\_1.60\_1\_1,26787.07,26827.17,26783.0,26785.53,26790.5,26790.13,26786.97,26793.83,26768,26537
incgraph\_13\_0.17\_5\_30\_1.60\_2\_1,36281.93,36266.73,36264.57,36264.77,36261.83,36261.0,36261.1,36264.27,36243,33617
incgraph\_13\_0.17\_5\_30\_1.60\_3\_1,20176.7,20178.4,20140.93,20145.37,20136.17,20132.93,20137.47,20131.1,20058,47318
incgraph\_13\_0.17\_5\_30\_1.60\_4\_1,15276.43,15274.17,15274.6,15273.33,15275.83,15274.03,15275.33,15274.03,15269,17899
incgraph\_13\_0.17\_5\_30\_1.60\_5\_1,7212.47,7238.63,7215.53,7213.2,7215.23,7216.93,7216.47,7215.07,7197,11761
incgraph\_13\_0.17\_5\_30\_1.60\_6\_1,20055.6,20032.07,20051.27,20050.3,20042.77,20045.67,20044.0,20047.33,20025,21395
incgraph\_13\_0.17\_5\_30\_1.60\_7\_1,21893.0,21889.13,21892.4,21894.77,21888.8,21894.13,21891.23,21892.17,21870,47804
incgraph\_13\_0.17\_5\_30\_1.60\_8\_1,6554.73,6571.53,6560.47,6558.87,6556.4,6558.0,6556.27,6558.53,6548,10875
incgraph\_13\_0.17\_5\_30\_1.60\_9\_1,7540.4,7532.33,7532.5,7532.27,7533.23,7533.5,7534.7,7531.6,7518,16849
incgraph\_13\_0.17\_5\_30\_1.60\_10\_1,21499.43,21497.0,21497.17,21496.57,21497.4,21497.13,21496.33,21495.73,21477,38.99
incgraph\_13\_0.30\_5\_30\_1.20\_1\_1,49968.0,49941.33,49962.57,49957.83,49964.6,49966.43,49962.23,49963.13,49939,22964
incgraph\_13\_0.30\_5\_30\_1.20\_2\_1,71798.83,71727.1,71737.47,71734.17,71737.47,71733.5,71731.43,71736.77,71727,26659
incgraph\_13\_0.30\_5\_30\_1.20\_3\_1,37219.47,37203.3,37209.77,37207.07,37207.9,37206.43,37203.53,37207.83,37196,15.26
incgraph\_13\_0.30\_5\_30\_1.20\_4\_1,29582.0,29582.13,29582.0,29582.03,29582.0,29582.0,29582.0,29582.0,29582,11916
incgraph\_13\_0.30\_5\_30\_1.20\_5\_1,14114.0,14142.3,14114.0,14114.0,14114.0,14114.0,14114.0,14114.0,14114,6764
incgraph\_13\_0.30\_5\_30\_1.20\_6\_1,36850.93,36863.4,36854.1,36852.8,36854.23,36852.73,36852.53,36850.8,36850,14447
incgraph\_13\_0.30\_5\_30\_1.20\_7\_1,42106.0,42117.83,42106.07,42106.03,42106.0,42106.0,42106.0,42106.0,42106,18386
incgraph\_13\_0.30\_5\_30\_1.20\_8\_1,12979.6,12992.23,12975.17,12975.83,12976.27,12975.4,12976.0,12976.1,12967,5534
incgraph\_13\_0.30\_5\_30\_1.20\_9\_1,15218.0,15230.17,15218.0,15218.0,15218.0,15218.0,15218.0,15218.0,15218,7857
incgraph\_13\_0.30\_5\_30\_1.20\_10\_1,41821.4,41865.9,41827.47,41827.63,41823.53,41826.53,41824.7,41836.37,41821,14865
incgraph\_13\_0.30\_5\_30\_1.60\_1\_1,83208.83,83268.57,83224.27,83233.33,83223.77,83229.67,83221.7,83224.3,83185,555898
incgraph\_13\_0.30\_5\_30\_1.60\_2\_1,116536.6,116554.2,116525.2,116527.13,116527.07,116523.97,116523.03,116524.67,116495,676211
incgraph\_13\_0.30\_5\_30\_1.60\_3\_1,60823.73,60853.07,60823.13,60827.0,60827.5,60824.67,60825.2,60825.3,60818,168.62
incgraph\_13\_0.30\_5\_30\_1.60\_4\_1,47911.23,47974.53,47951.7,47946.47,47944.1,47946.03,47939.07,47947.1,47903,72798
incgraph\_13\_0.30\_5\_30\_1.60\_5\_1,23939.57,23940.4,23937.07,23938.73,23953.9,23940.73,23938.6,23948.73,23931,46099
incgraph\_13\_0.30\_5\_30\_1.60\_6\_1,62536.4,62555.23,62541.47,62541.67,62540.5,62542.6,62539.93,62543.93,62528,418.77
incgraph\_13\_0.30\_5\_30\_1.60\_7\_1,69713.9,69776.47,69715.87,69715.07,69714.93,69715.7,69715.1,69715.2,69712,463423
incgraph\_13\_0.30\_5\_30\_1.60\_8\_1,21208.2,21229.77,21201.73,21202.07,21203.23,21200.33,21201.43,21201.8,21194,93617
incgraph\_13\_0.30\_5\_30\_1.60\_9\_1,24069.23,24105.53,24093.6,24084.9,24098.97,24086.47,24069.07,24086.03,24063,27612
incgraph\_13\_0.30\_5\_30\_1.60\_10\_1,69785.0,69797.2,69770.7,69772.07,69771.67,69773.7,69768.0,69770.17,69748,193332
,,,,,,,,,,
incgraph\_20\_0.06\_5\_30\_1.20\_1\_1,5572.43,5575.47,5572.83,5573.07,5572.8,5572.73,5572.77,5572.67,5572,8416
incgraph\_20\_0.06\_5\_30\_1.20\_2\_1,5030.03,5030.9,5031.93,5032.7,5031.23,5031.7,5030.67,5030.33,5026,9201
incgraph\_20\_0.06\_5\_30\_1.20\_3\_1,4373.17,4380.77,4373.4,4373.47,4373.37,4373.27,4373.23,4373.17,4373,7346
incgraph\_20\_0.06\_5\_30\_1.20\_4\_1,4492.3,4480.7,4483.17,4483.1,4482.33,4481.73,4483.13,4482.27,4469,8113
incgraph\_20\_0.06\_5\_30\_1.20\_5\_1,3101.17,3098.2,3099.53,3099.0,3100.13,3097.07,3097.13,3097.53,3095,5333
incgraph\_20\_0.06\_5\_30\_1.20\_6\_1,4356.87,4348.63,4355.2,4351.73,4352.73,4351.7,4349.67,4352.4,4347,6417
incgraph\_20\_0.06\_5\_30\_1.20\_7\_1,4874.83,4863.93,4870.93,4868.73,4869.57,4869.57,4869.97,4869.57,4863,8448
incgraph\_20\_0.06\_5\_30\_1.20\_8\_1,3964.0,3965.3,3964.0,3964.0,3964.0,3964.03,3964.0,3964.0,3964,5565
incgraph\_20\_0.06\_5\_30\_1.20\_9\_1,3888.2,3893.0,3888.47,3888.3,3888.97,3888.83,3888.87,3889.3,3888,7493
incgraph\_20\_0.06\_5\_30\_1.20\_10\_1,4127.87,4124.83,4127.53,4127.57,4127.9,4128.23,4127.83,4126.73,4123,6381
incgraph\_20\_0.06\_5\_30\_1.60\_1\_1,8943.3,8949.83,8941.93,8941.07,8943.67,8946.27,8942.6,8944.1,8903,29092
incgraph\_20\_0.06\_5\_30\_1.60\_2\_1,8306.2,8308.87,8305.8,8305.53,8303.2,8302.17,8303.43,8302.97,8263,24976
incgraph\_20\_0.06\_5\_30\_1.60\_3\_1,6525.27,6529.67,6526.07,6526.03,6527.17,6528.63,6528.73,6525.6,6507,21695
incgraph\_20\_0.06\_5\_30\_1.60\_4\_1,7037.47,7053.13,7040.63,7038.13,7043.23,7041.2,7039.93,7042.6,7016,20878
incgraph\_20\_0.06\_5\_30\_1.60\_5\_1,4715.6,4718.53,4717.5,4715.97,4715.23,4715.4,4715.63,4715.73,4693,15671
incgraph\_20\_0.06\_5\_30\_1.60\_6\_1,6699.6,6704.4,6703.63,6701.93,6700.33,6701.57,6700.3,6701.23,6675,23232
incgraph\_20\_0.06\_5\_30\_1.60\_7\_1,7706.87,7728.33,7707.1,7704.87,7705.83,7704.83,7704.03,7705.3,7693,26156
incgraph\_20\_0.06\_5\_30\_1.60\_8\_1,6209.63,6213.8,6207.4,6210.43,6209.13,6209.7,6208.37,6209.97,6188,18191
incgraph\_20\_0.06\_5\_30\_1.60\_9\_1,5874.1,5881.0,5877.9,5879.9,5877.2,5876.67,5878.8,5877.23,5832,17643
incgraph\_20\_0.06\_5\_30\_1.60\_10\_1,5853.1,5855.9,5854.07,5855.37,5858.2,5859.73,5859.13,5856.97,5832,18742
incgraph\_20\_0.17\_5\_30\_1.20\_1\_1,35260.0,35272.7,35260.9,35260.67,35260.6,35261.27,35260.43,35261.17,35260,21.15
incgraph\_20\_0.17\_5\_30\_1.20\_2\_1,27117.0,27124.77,27116.3,27116.6,27116.73,27115.77,27116.13,27116.93,27115,16477
incgraph\_20\_0.17\_5\_30\_1.20\_3\_1,15451.23,15442.93,15440.27,15440.53,15441.77,15441.8,15441.2,15442.03,15439,12111
incgraph\_20\_0.17\_5\_30\_1.20\_4\_1,20326.43,20318.77,20336.1,20333.0,20324.13,20320.7,20320.2,20319.63,20311,12591
incgraph\_20\_0.17\_5\_30\_1.20\_5\_1,10683.0,10637.33,10657.63,10656.33,10652.13,10661.57,10664.13,10652.5,10637,6802
incgraph\_20\_0.17\_5\_30\_1.20\_6\_1,18116.53,18113.33,18112.17,18108.53,18110.5,18108.37,18111.7,18112.33,18095,11072
incgraph\_20\_0.17\_5\_30\_1.20\_7\_1,18575.57,18575.0,18575.03,18575.0,18575.07,18575.07,18575.03,18575.0,18575,12334
incgraph\_20\_0.17\_5\_30\_1.20\_8\_1,15659.47,15613.47,15642.83,15641.1,15650.8,15642.0,15641.43,15635.1,15602,9237
incgraph\_20\_0.17\_5\_30\_1.20\_9\_1,12232.8,12231.8,12227.47,12228.6,12221.0,12222.33,12225.53,12219.6,12213,8392
incgraph\_20\_0.17\_5\_30\_1.20\_10\_1,15926.0,15937.37,15926.0,15926.0,15926.0,15926.0,15926.0,15926.0,15926,7789
incgraph\_20\_0.17\_5\_30\_1.60\_1\_1,58094.57,58069.8,58086.53,58085.83,58085.67,58083.2,58084.03,58089.7,58031,60.13
incgraph\_20\_0.17\_5\_30\_1.60\_2\_1,42413.17,42406.43,42412.63,42410.43,42413.27,42404.47,42405.0,42409.63,42363,53049
incgraph\_20\_0.17\_5\_30\_1.60\_3\_1,24377.03,24441.6,24399.87,24396.6,24393.8,24401.5,24404.47,24393.83,24316,33987
incgraph\_20\_0.17\_5\_30\_1.60\_4\_1,32981.03,32998.4,32982.37,32983.0,32981.8,32982.67,32982.63,32983.73,32957,45994
incgraph\_20\_0.17\_5\_30\_1.60\_5\_1,16563.97,16546.8,16549.23,16552.4,16553.33,16548.93,16548.13,16553.07,16519,27.05
incgraph\_20\_0.17\_5\_30\_1.60\_6\_1,28444.27,28465.87,28447.13,28447.87,28444.77,28451.33,28444.83,28452.5,28402,58495
incgraph\_20\_0.17\_5\_30\_1.60\_7\_1,29567.87,29607.63,29571.87,29572.83,29571.97,29572.33,29573.8,29572.0,29547,39746
incgraph\_20\_0.17\_5\_30\_1.60\_8\_1,23638.23,23664.0,23640.3,23639.77,23643.33,23643.33,23643.5,23641.57,23621,26608
incgraph\_20\_0.17\_5\_30\_1.60\_9\_1,19373.23,19369.6,19362.03,19360.5,19365.6,19364.93,19366.3,19368.77,19345,33682
incgraph\_20\_0.17\_5\_30\_1.60\_10\_1,24215.67,24242.2,24208.13,24205.8,24207.07,24207.83,24205.3,24207.47,24189,44816
incgraph\_20\_0.30\_5\_30\_1.20\_1\_1,109751.67,109764.83,109751.03,109750.0,109765.1,109761.73,109756.1,109750.8,109731,40741
incgraph\_20\_0.30\_5\_30\_1.20\_2\_1,81114.37,81114.43,81114.07,81114.0,81114.07,81114.17,81114.2,81114.1,81114,32702
incgraph\_20\_0.30\_5\_30\_1.20\_3\_1,46071.1,46073.77,46071.0,46071.0,46071.07,46071.0,46071.0,46071.0,46071,17447
incgraph\_20\_0.30\_5\_30\_1.20\_4\_1,60060.8,60008.13,60045.5,60039.87,60033.77,60048.9,60043.3,60031.57,59970,22402
incgraph\_20\_0.30\_5\_30\_1.20\_5\_1,31219.97,31223.33,31216.3,31219.07,31216.83,31217.63,31217.93,31216.03,31168,11655
incgraph\_20\_0.30\_5\_30\_1.20\_6\_1,53914.2,53908.2,53911.73,53910.63,53910.0,53911.53,53909.83,53909.03,53905,19.91
incgraph\_20\_0.30\_5\_30\_1.20\_7\_1,58375.0,58230.37,58214.03,58215.57,58220.57,58217.2,58215.27,58220.43,58191,22413
incgraph\_20\_0.30\_5\_30\_1.20\_8\_1,47022.93,46991.63,46997.93,46998.83,46989.67,46993.0,46987.37,46988.27,46922,16809
incgraph\_20\_0.30\_5\_30\_1.20\_9\_1,36360.3,36362.13,36355.27,36355.0,36355.0,36355.27,36355.0,36355.0,36355,14935
incgraph\_20\_0.30\_5\_30\_1.20\_10\_1,47908.0,47940.8,47908.0,47908.0,47908.0,47908.0,47908.0,47908.0,47908,18649
incgraph\_20\_0.30\_5\_30\_1.60\_1\_1,179901.27,179909.03,179961.47,179955.1,179950.23,179976.3,179966.33,179968.53,179802,604718
incgraph\_20\_0.30\_5\_30\_1.60\_2\_1,132416.07,132725.3,132418.4,132417.93,132416.83,132418.47,132418.23,132417.2,132405,812839
incgraph\_20\_0.30\_5\_30\_1.60\_3\_1,74656.23,74777.7,74634.3,74635.97,74639.13,74647.53,74646.93,74637.57,74537,190.8
incgraph\_20\_0.30\_5\_30\_1.60\_4\_1,100005.13,100023.8,100006.5,100005.9,100006.47,100006.43,100005.33,100006.87,100002,138.86
incgraph\_20\_0.30\_5\_30\_1.60\_5\_1,50978.53,50976.7,50957.2,50955.57,50953.93,50954.4,50954.2,50957.13,50948,97317
incgraph\_20\_0.30\_5\_30\_1.60\_6\_1,87969.83,87904.07,87856.8,87852.67,87857.53,87860.93,87852.73,87856.07,87780,187273
incgraph\_20\_0.30\_5\_30\_1.60\_7\_1,94997.03,95033.87,95023.63,95018.97,95022.9,95031.2,95025.97,95028.8,94934,306362
incgraph\_20\_0.30\_5\_30\_1.60\_8\_1,76960.67,76865.9,76893.23,76891.17,76895.3,76892.13,76897.3,76892.67,76838,162069
incgraph\_20\_0.30\_5\_30\_1.60\_9\_1,57886.43,57923.63,57882.0,57882.17,57884.47,57880.4,57878.23,57884.33,57856,148688
incgraph\_20\_0.30\_5\_30\_1.60\_10\_1,78248.4,78287.53,78239.83,78240.4,78227.93,78234.4,78234.03,78231.87,78201,142823
,,,,,,,,,,
incgraph\_2\_0.06\_5\_30\_1.20\_1\_2,201.0,201.0,201.0,201.0,201.0,201.0,201.0,201.0,201,1736
incgraph\_2\_0.06\_5\_30\_1.20\_2\_2,282.0,282.0,282.0,282.0,282.0,282.0,282.0,282.0,282,667
incgraph\_2\_0.06\_5\_30\_1.20\_3\_2,310.0,304.2,310.0,310.0,310.0,310.0,310.0,310.0,299,887
incgraph\_2\_0.06\_5\_30\_1.20\_4\_2,356.0,356.0,356.0,356.0,356.0,356.0,356.0,356.0,356,0.66
incgraph\_2\_0.06\_5\_30\_1.20\_5\_2,30.0,30.0,30.17,30.0,30.0,30.0,30.0,30.0,30,214
incgraph\_2\_0.06\_5\_30\_1.20\_6\_2,375.0,375.0,375.0,375.0,375.0,375.0,375.0,375.0,375,1022
incgraph\_2\_0.06\_5\_30\_1.20\_7\_2,327.0,327.0,327.0,327.0,327.0,327.0,327.0,327.0,327,1618
incgraph\_2\_0.06\_5\_30\_1.20\_8\_2,98.0,98.0,98.0,98.0,98.0,98.0,98.0,98.0,98,187
incgraph\_2\_0.06\_5\_30\_1.20\_10\_2,136.0,136.0,138.53,136.93,136.0,136.0,136.0,136.0,136,411
incgraph\_2\_0.06\_5\_30\_1.60\_1\_2,248.0,248.0,248.0,248.0,248.0,248.0,248.0,248.0,248,1202
incgraph\_2\_0.06\_5\_30\_1.60\_2\_2,337.0,337.0,337.0,337.0,337.0,337.0,337.0,337.0,337,2225
incgraph\_2\_0.06\_5\_30\_1.60\_3\_2,354.0,347.2,354.9,355.53,353.4,353.93,354.2,353.63,346,2288
incgraph\_2\_0.06\_5\_30\_1.60\_4\_2,432.0,432.0,432.0,432.0,432.0,432.0,432.0,432.0,432,1867
incgraph\_2\_0.06\_5\_30\_1.60\_5\_2,56.0,56.0,56.0,56.0,56.0,56.0,56.0,56.0,56,286
incgraph\_2\_0.06\_5\_30\_1.60\_6\_2,671.0,671.0,671.0,671.0,671.0,671.0,671.0,671.0,671,2669
incgraph\_2\_0.06\_5\_30\_1.60\_7\_2,523.0,523.0,523.0,523.0,523.0,523.0,523.0,523.0,523,2906
incgraph\_2\_0.06\_5\_30\_1.60\_8\_2,127.0,127.0,127.0,127.0,127.0,127.0,127.0,127.0,127,614
incgraph\_2\_0.06\_5\_30\_1.60\_9\_2,220.0,220.0,220.0,220.0,220.0,220.0,220.0,220.0,220,1354
incgraph\_2\_0.06\_5\_30\_1.60\_10\_2,218.0,218.0,218.0,218.0,218.0,218.37,218.2,218.0,218,1303
incgraph\_2\_0.17\_5\_30\_1.20\_1\_2,1143.0,1143.0,1143.0,1143.0,1143.0,1143.0,1143.0,1143.0,1143,838
incgraph\_2\_0.17\_5\_30\_1.20\_2\_2,969.0,969.0,972.0,972.0,969.0,971.9,971.9,969.0,969,892
incgraph\_2\_0.17\_5\_30\_1.20\_3\_2,1086.0,1079.93,1086.0,1086.0,1086.0,1086.0,1086.0,1086.0,1072,959
incgraph\_2\_0.17\_5\_30\_1.20\_4\_2,2112.0,2112.0,2112.0,2112.0,2112.0,2112.0,2112.0,2112.0,2112,1325
incgraph\_2\_0.17\_5\_30\_1.20\_5\_2,57.0,57.0,57.0,57.0,57.0,57.0,57.0,57.0,57,214
incgraph\_2\_0.17\_5\_30\_1.20\_6\_2,3058.0,3058.0,3058.0,3058.0,3058.0,3058.0,3058.0,3058.0,3058,1488
incgraph\_2\_0.17\_5\_30\_1.20\_7\_2,3132.0,3132.0,3132.0,3132.0,3132.0,3132.0,3132.0,3132.0,3132,1821
incgraph\_2\_0.17\_5\_30\_1.20\_8\_2,351.0,351.0,351.0,351.0,351.0,351.0,351.0,351.0,351,301
incgraph\_2\_0.17\_5\_30\_1.20\_10\_2,433.0,433.0,433.0,433.0,433.0,433.0,433.0,433.0,433,505
incgraph\_2\_0.17\_5\_30\_1.60\_1\_2,1725.0,1725.03,1725.13,1725.1,1725.0,1725.03,1725.03,1725.03,1725,1934
incgraph\_2\_0.17\_5\_30\_1.60\_2\_2,1678.0,1678.1,1678.0,1678.03,1678.0,1678.07,1678.07,1678.0,1678,2573
incgraph\_2\_0.17\_5\_30\_1.60\_3\_2,1530.93,1482.17,1509.07,1499.4,1489.83,1510.8,1513.83,1509.53,1481,3753
incgraph\_2\_0.17\_5\_30\_1.60\_4\_2,3248.0,3338.87,3252.73,3253.0,3254.2,3250.0,3253.4,3253.0,3248,3.32
incgraph\_2\_0.17\_5\_30\_1.60\_5\_2,51.0,51.0,51.07,51.0,51.0,51.0,51.0,51.0,51,399
incgraph\_2\_0.17\_5\_30\_1.60\_6\_2,4689.87,4688.93,4688.93,4688.87,4689.27,4689.2,4689.33,4689.27,4688,4892
incgraph\_2\_0.17\_5\_30\_1.60\_7\_2,5306.0,5306.0,5306.0,5306.0,5306.0,5306.0,5306.0,5306.0,5306,5219
incgraph\_2\_0.17\_5\_30\_1.60\_8\_2,617.0,617.0,617.0,617.0,617.0,617.0,617.0,617.0,617,758
incgraph\_2\_0.17\_5\_30\_1.60\_9\_2,220.0,220.0,220.0,220.0,220.0,220.0,220.0,220.0,220,1196
incgraph\_2\_0.17\_5\_30\_1.60\_10\_2,656.07,656.0,656.33,656.43,656.83,656.5,656.5,657.43,656,1548
incgraph\_2\_0.30\_5\_30\_1.20\_1\_2,3380.0,3380.0,3380.0,3380.0,3380.0,3380.0,3380.0,3380.0,3380,1463
incgraph\_2\_0.30\_5\_30\_1.20\_2\_2,3570.0,3572.13,3570.0,3570.0,3570.0,3570.0,3570.0,3570.0,3570,1791
incgraph\_2\_0.30\_5\_30\_1.20\_3\_2,3711.0,3678.0,3696.7,3697.8,3711.0,3690.1,3685.7,3679.1,3678,2137
incgraph\_2\_0.30\_5\_30\_1.20\_4\_2,6564.0,6564.0,6564.0,6564.0,6564.0,6564.0,6564.0,6564.0,6564,2858
incgraph\_2\_0.30\_5\_30\_1.20\_5\_2,210.0,210.0,210.0,210.0,210.0,210.0,210.0,210.0,210,222
incgraph\_2\_0.30\_5\_30\_1.20\_6\_2,8527.0,8527.2,8527.0,8527.0,8527.0,8527.0,8527.0,8527.0,8527,3439
incgraph\_2\_0.30\_5\_30\_1.20\_7\_2,9868.0,9849.0,9827.4,9814.2,9826.4,9838.2,9837.2,9829.27,9813,4544
incgraph\_2\_0.30\_5\_30\_1.20\_8\_2,1364.0,1364.0,1364.0,1364.0,1364.0,1364.0,1364.0,1364.0,1364,924
incgraph\_2\_0.30\_5\_30\_1.20\_10\_2,1367.0,1367.0,1367.0,1367.0,1367.0,1367.0,1367.0,1367.0,1367,805
incgraph\_2\_0.30\_5\_30\_1.60\_1\_2,5323.5,5260.0,5326.53,5326.57,5316.8,5320.47,5315.13,5315.03,5260,5.15
incgraph\_2\_0.30\_5\_30\_1.60\_2\_2,5324.23,5342.03,5324.07,5324.03,5324.13,5324.3,5324.37,5324.03,5324,4679
incgraph\_2\_0.30\_5\_30\_1.60\_3\_2,5877.53,5877.0,5877.0,5877.0,5877.07,5877.0,5877.0,5877.0,5877,5867
incgraph\_2\_0.30\_5\_30\_1.60\_4\_2,10356.17,10356.33,10356.6,10358.23,10356.17,10364.03,10362.5,10355.6,10355,11815
incgraph\_2\_0.30\_5\_30\_1.60\_5\_2,274.0,274.0,274.0,274.0,274.0,274.0,274.0,274.0,274,632
incgraph\_2\_0.30\_5\_30\_1.60\_6\_2,12830.0,12830.0,12830.0,12830.0,12830.0,12830.0,12830.0,12830.0,12830,12094
incgraph\_2\_0.30\_5\_30\_1.60\_7\_2,16278.0,16278.0,16278.0,16278.0,16278.0,16278.0,16278.0,16278.0,16278,7932
incgraph\_2\_0.30\_5\_30\_1.60\_8\_2,1929.0,1929.07,1929.0,1929.0,1929.03,1929.0,1929.03,1929.0,1929,2131
incgraph\_2\_0.30\_5\_30\_1.60\_9\_2,609.0,600.33,601.0,601.0,601.0,601.13,601.27,601.0,599,1596
incgraph\_2\_0.30\_5\_30\_1.60\_10\_2,2285.03,2283.0,2283.0,2283.0,2283.0,2283.03,2283.03,2283.13,2283,1759
,,,,,,,,,,
incgraph\_6\_0.06\_5\_30\_1.20\_1\_2,1032.73,1026.17,1031.5,1031.47,1029.7,1030.57,1030.17,1029.97,1024,1803
incgraph\_6\_0.06\_5\_30\_1.20\_2\_2,1251.0,1251.07,1251.0,1251.0,1251.0,1251.0,1251.0,1251.0,1251,2445
incgraph\_6\_0.06\_5\_30\_1.20\_3\_2,1805.0,1805.8,1805.1,1805.0,1805.13,1805.0,1805.03,1805.03,1805,3236
incgraph\_6\_0.06\_5\_30\_1.20\_4\_2,1098.0,1098.0,1098.0,1098.0,1098.0,1098.0,1098.0,1098.0,1098,2033
incgraph\_6\_0.06\_5\_30\_1.20\_5\_2,458.0,458.0,458.0,458.0,458.0,458.0,458.0,458.0,458,971
incgraph\_6\_0.06\_5\_30\_1.20\_6\_2,1207.0,1207.0,1207.0,1207.0,1207.0,1207.0,1207.0,1207.0,1207,1857
incgraph\_6\_0.06\_5\_30\_1.20\_7\_2,1450.2,1435.0,1445.27,1444.33,1440.03,1437.67,1440.4,1437.0,1435,2215
incgraph\_6\_0.06\_5\_30\_1.20\_8\_2,525.0,525.0,525.27,525.0,525.0,525.0,525.0,525.0,525,791
incgraph\_6\_0.06\_5\_30\_1.20\_10\_2,1183.17,1183.0,1183.17,1183.0,1183.0,1183.0,1183.0,1183.0,1183,1444
incgraph\_6\_0.06\_5\_30\_1.60\_1\_2,1341.3,1340.87,1340.73,1340.63,1341.5,1339.87,1340.4,1341.17,1333,4097
incgraph\_6\_0.06\_5\_30\_1.60\_2\_2,1686.4,1688.5,1687.47,1687.37,1687.53,1687.37,1686.9,1686.63,1659,5.93
incgraph\_6\_0.06\_5\_30\_1.60\_3\_2,2665.17,2659.73,2659.87,2659.4,2660.23,2660.1,2659.13,2660.6,2650,9615
incgraph\_6\_0.06\_5\_30\_1.60\_4\_2,1665.53,1665.8,1665.87,1666.67,1666.77,1665.97,1666.77,1667.1,1661,5613
incgraph\_6\_0.06\_5\_30\_1.60\_5\_2,615.27,613.77,613.43,613.4,613.93,615.1,615.5,613.5,611,1437
incgraph\_6\_0.06\_5\_30\_1.60\_6\_2,1622.7,1625.27,1624.17,1624.2,1623.1,1623.23,1623.57,1623.23,1621,5082
incgraph\_6\_0.06\_5\_30\_1.60\_7\_2,1924.43,1913.7,1923.9,1923.3,1924.73,1921.7,1922.23,1920.3,1901,7441
incgraph\_6\_0.06\_5\_30\_1.60\_8\_2,757.63,757.23,757.33,758.37,756.9,756.3,756.7,756.9,752,2047
incgraph\_6\_0.06\_5\_30\_1.60\_9\_2,1264.2,1254.53,1265.7,1265.13,1263.93,1265.07,1264.23,1263.97,1248,8027
incgraph\_6\_0.06\_5\_30\_1.60\_10\_2,1923.43,1926.0,1924.23,1924.83,1924.57,1924.47,1924.03,1923.97,1921,3456
incgraph\_6\_0.17\_5\_30\_1.20\_1\_2,4643.3,4643.0,4643.0,4643.0,4643.0,4643.0,4643.0,4643.0,4643,2594
incgraph\_6\_0.17\_5\_30\_1.20\_2\_2,5862.0,5838.5,5836.5,5836.4,5836.7,5836.4,5837.0,5836.9,5836,4039
incgraph\_6\_0.17\_5\_30\_1.20\_3\_2,12001.0,11996.0,11996.0,11996.0,11996.0,11996.0,11996.0,11996.0,11996,6967
incgraph\_6\_0.17\_5\_30\_1.20\_4\_2,6032.0,6031.0,6031.5,6031.63,6031.73,6031.53,6031.67,6031.47,6031,3783
incgraph\_6\_0.17\_5\_30\_1.20\_5\_2,1158.7,1154.13,1161.73,1160.77,1155.6,1156.47,1158.8,1158.87,1150,961
incgraph\_6\_0.17\_5\_30\_1.20\_6\_2,5842.6,5845.3,5838.07,5840.7,5838.6,5838.03,5838.0,5838.63,5838,3908
incgraph\_6\_0.17\_5\_30\_1.20\_7\_2,6684.6,6665.0,6665.0,6665.0,6666.93,6695.57,6687.33,6665.0,6665,4.56
incgraph\_6\_0.17\_5\_30\_1.20\_8\_2,1847.03,1847.13,1847.0,1847.0,1847.03,1847.03,1847.03,1847.0,1847,1504
incgraph\_6\_0.17\_5\_30\_1.20\_10\_2,5674.0,5676.33,5674.1,5674.33,5674.0,5674.0,5674.0,5674.0,5674,3671
incgraph\_6\_0.17\_5\_30\_1.60\_1\_2,7589.4,7580.93,7584.03,7581.57,7578.73,7582.0,7583.33,7578.6,7567,12998
incgraph\_6\_0.17\_5\_30\_1.60\_2\_2,9365.43,9334.4,9342.77,9344.17,9342.17,9343.53,9343.9,9344.67,9333,36167
incgraph\_6\_0.17\_5\_30\_1.60\_3\_2,19752.77,19658.7,19695.5,19696.93,19683.63,19697.57,19695.6,19715.77,19656,16272
incgraph\_6\_0.17\_5\_30\_1.60\_4\_2,10141.6,10118.07,10124.6,10128.2,10125.67,10125.33,10123.9,10124.0,10116,15802
incgraph\_6\_0.17\_5\_30\_1.60\_5\_2,1573.23,1541.0,1563.1,1551.23,1564.83,1564.57,1568.27,1556.77,1524,2575
incgraph\_6\_0.17\_5\_30\_1.60\_6\_2,9664.3,9513.43,9514.53,9513.17,9513.37,9512.4,9511.93,9515.73,9509,12554
incgraph\_6\_0.17\_5\_30\_1.60\_7\_2,10965.73,10948.9,10945.6,10943.73,10951.97,10955.73,10963.13,10946.57,10922,31.17
incgraph\_6\_0.17\_5\_30\_1.60\_8\_2,2876.7,2867.63,2874.97,2874.03,2870.97,2873.83,2876.13,2872.5,2866,4175
incgraph\_6\_0.17\_5\_30\_1.60\_9\_2,1959.43,1950.6,1957.1,1956.4,1954.53,1953.7,1954.3,1956.53,1950,5585
incgraph\_6\_0.17\_5\_30\_1.60\_10\_2,9039.67,9026.17,9031.13,9028.37,9030.23,9021.8,9020.8,9026.77,9008,20052
incgraph\_6\_0.30\_5\_30\_1.20\_1\_2,14627.0,14627.83,14627.0,14627.0,14627.0,14627.0,14627.0,14627.0,14627,5538
incgraph\_6\_0.30\_5\_30\_1.20\_2\_2,18029.5,17929.0,17955.9,17937.0,17941.8,17945.7,17933.8,17940.2,17929,6832
incgraph\_6\_0.30\_5\_30\_1.20\_3\_2,36656.83,36714.23,36654.0,36654.17,36654.0,36654.33,36654.17,36655.5,36654,14294
incgraph\_6\_0.30\_5\_30\_1.20\_4\_2,19354.37,19323.67,19330.47,19326.57,19324.83,19335.8,19328.83,19333.3,19322,8263
incgraph\_6\_0.30\_5\_30\_1.20\_5\_2,3152.73,3141.23,3146.73,3144.83,3148.4,3145.93,3146.13,3154.53,3138,1538
incgraph\_6\_0.30\_5\_30\_1.20\_6\_2,17927.77,17872.0,17881.9,17883.87,17875.6,17893.6,17886.4,17892.53,17872,7.9
incgraph\_6\_0.30\_5\_30\_1.20\_7\_2,19681.3,19684.63,19673.43,19673.0,19673.0,19673.0,19673.43,19673.43,19673,7028
incgraph\_6\_0.30\_5\_30\_1.20\_8\_2,5936.0,5938.07,5936.0,5936.0,5936.0,5936.0,5936.0,5936.0,5936,2165
incgraph\_6\_0.30\_5\_30\_1.20\_10\_2,17269.0,17234.83,17273.3,17271.9,17271.5,17276.53,17274.5,17270.83,17228,6.99
incgraph\_6\_0.30\_5\_30\_1.60\_1\_2,23460.13,23433.3,23439.1,23441.23,23446.3,23445.43,23439.97,23441.37,23408,55067
incgraph\_6\_0.30\_5\_30\_1.60\_2\_2,28132.53,28110.47,28107.47,28108.13,28107.87,28108.17,28106.3,28106.87,28106,165032
incgraph\_6\_0.30\_5\_30\_1.60\_3\_2,59622.0,59555.57,59602.47,59600.53,59606.07,59611.3,59604.97,59579.83,59520,2107023
incgraph\_6\_0.30\_5\_30\_1.60\_4\_2,30355.33,30331.5,30357.1,30352.07,30355.63,30365.97,30361.43,30364.87,30312,38849
incgraph\_6\_0.30\_5\_30\_1.60\_5\_2,5246.47,5245.27,5232.73,5232.83,5240.23,5231.8,5231.43,5239.57,5230,14212
incgraph\_6\_0.30\_5\_30\_1.60\_6\_2,28111.87,28104.3,28104.9,28106.97,28104.2,28104.17,28104.77,28104.53,28103,76342
incgraph\_6\_0.30\_5\_30\_1.60\_7\_2,32914.73,32887.47,32907.6,32908.07,32907.53,32906.4,32908.67,32919.93,32878,337.55
incgraph\_6\_0.30\_5\_30\_1.60\_8\_2,9480.6,9484.57,9481.0,9481.1,9480.73,9480.7,9480.93,9480.6,9477,28656
incgraph\_6\_0.30\_5\_30\_1.60\_9\_2,5864.33,5865.07,5864.27,5864.37,5864.53,5864.23,5864.17,5864.17,5864,6049
incgraph\_6\_0.30\_5\_30\_1.60\_10\_2,28019.0,28040.47,28018.67,28018.73,28019.03,28019.43,28019.2,28022.4,28018,49592
,,,,,,,,,,
incgraph\_13\_0.06\_5\_30\_1.20\_1\_2,2777.5,2777.57,2777.83,2777.83,2777.67,2777.77,2777.53,2777.43,2777,5301
incgraph\_13\_0.06\_5\_30\_1.20\_2\_2,3439.7,3431.67,3438.27,3437.5,3438.47,3436.8,3437.57,3436.37,3424,5301
incgraph\_13\_0.06\_5\_30\_1.20\_5\_2,1641.4,1636.83,1636.77,1638.1,1637.67,1635.93,1635.7,1639.37,1632,2167
incgraph\_13\_0.06\_5\_30\_1.20\_7\_2,2724.53,2723.27,2723.57,2723.27,2724.1,2721.5,2722.33,2724.47,2710,5857
incgraph\_13\_0.06\_5\_30\_1.20\_8\_2,1491.47,1493.03,1491.13,1491.1,1491.43,1491.6,1491.57,1491.6,1491,2125
incgraph\_13\_0.06\_5\_30\_1.20\_10\_2,2760.87,2761.67,2760.17,2760.6,2759.67,2760.03,2760.3,2759.5,2758,3445
incgraph\_13\_0.06\_5\_30\_1.60\_1\_2,4191.2,4181.83,4189.3,4186.33,4192.6,4188.67,4188.9,4188.73,4145,27725
incgraph\_13\_0.06\_5\_30\_1.60\_2\_2,5451.87,5427.83,5438.43,5440.37,5445.9,5447.77,5447.6,5440.97,5380,24805
incgraph\_13\_0.06\_5\_30\_1.60\_3\_2,4459.4,4433.27,4444.37,4442.3,4452.9,4452.37,4444.17,4452.13,4416,12297
incgraph\_13\_0.06\_5\_30\_1.60\_4\_2,3601.37,3620.73,3612.57,3608.87,3602.2,3593.33,3598.6,3607.73,3568,9509
incgraph\_13\_0.06\_5\_30\_1.60\_5\_2,2591.93,2576.73,2596.1,2593.83,2589.0,2592.63,2591.3,2590.33,2547,5124
incgraph\_13\_0.06\_5\_30\_1.60\_6\_2,3909.87,3907.37,3907.63,3906.43,3906.97,3903.97,3903.43,3907.47,3877,12428
incgraph\_13\_0.06\_5\_30\_1.60\_7\_2,4044.33,4045.5,4045.97,4045.2,4044.87,4044.23,4043.43,4040.9,4022,30617
incgraph\_13\_0.06\_5\_30\_1.60\_8\_2,2288.83,2289.37,2283.53,2284.13,2284.5,2285.03,2285.3,2284.8,2270,6335
incgraph\_13\_0.06\_5\_30\_1.60\_9\_2,3125.57,3120.6,3122.83,3123.97,3121.13,3119.27,3118.8,3124.6,3097,13462
incgraph\_13\_0.06\_5\_30\_1.60\_10\_2,3902.83,3893.47,3893.47,3895.37,3897.07,3898.47,3895.97,3893.27,3861,13.26
incgraph\_13\_0.17\_5\_30\_1.20\_1\_2,16509.17,16508.33,16513.1,16510.27,16509.17,16507.5,16506.67,16508.33,16485,8173
incgraph\_13\_0.17\_5\_30\_1.20\_2\_2,22497.0,22507.8,22497.3,22497.2,22497.6,22497.5,22497.33,22497.0,22497,10685
incgraph\_13\_0.17\_5\_30\_1.20\_5\_2,4452.27,4450.2,4450.9,4450.27,4450.4,4452.03,4451.07,4450.87,4450,2961
incgraph\_13\_0.17\_5\_30\_1.20\_7\_2,13891.8,13880.0,13877.57,13877.53,13876.97,13875.3,13875.23,13875.57,13875,8127
incgraph\_13\_0.17\_5\_30\_1.20\_8\_2,4052.4,4043.33,4046.63,4048.07,4038.63,4043.7,4040.8,4037.53,4034,2702
incgraph\_13\_0.17\_5\_30\_1.20\_10\_2,13152.73,13147.63,13146.87,13146.87,13146.0,13146.13,13146.73,13146.0,13146,6593
incgraph\_13\_0.17\_5\_30\_1.60\_1\_2,26225.77,26275.97,26231.63,26230.3,26228.2,26227.63,26229.9,26227.97,26213,46098
incgraph\_13\_0.17\_5\_30\_1.60\_2\_2,35722.17,35714.37,35692.97,35694.57,35693.37,35698.27,35696.67,35693.0,35624,90.15
incgraph\_13\_0.17\_5\_30\_1.60\_3\_2,19878.57,19891.43,19850.13,19843.33,19855.37,19849.07,19853.37,19846.4,19749,1704573
incgraph\_13\_0.17\_5\_30\_1.60\_4\_2,15000.43,15004.97,15001.9,15000.7,15003.5,15001.1,15001.5,15000.1,14985,34248
incgraph\_13\_0.17\_5\_30\_1.60\_5\_2,6996.8,7030.97,6996.53,6996.63,6996.1,6996.6,6994.97,6997.17,6983,15093
incgraph\_13\_0.17\_5\_30\_1.60\_6\_2,19560.73,19572.0,19561.77,19563.23,19562.0,19569.1,19567.77,19563.5,19525,24308
incgraph\_13\_0.17\_5\_30\_1.60\_7\_2,21600.57,21619.87,21603.27,21602.2,21605.77,21603.77,21601.73,21601.93,21579,120759
incgraph\_13\_0.17\_5\_30\_1.60\_8\_2,6335.47,6300.53,6309.07,6315.1,6306.43,6300.17,6299.17,6312.27,6249,8493
incgraph\_13\_0.17\_5\_30\_1.60\_9\_2,7458.17,7428.07,7442.4,7435.33,7429.13,7434.73,7433.13,7439.17,7393,92113
incgraph\_13\_0.17\_5\_30\_1.60\_10\_2,20950.83,20928.33,20909.57,20910.33,20915.33,20929.1,20922.7,20922.3,20812,78006
incgraph\_13\_0.30\_5\_30\_1.20\_1\_2,49197.0,49201.13,49197.0,49197.0,49197.0,49196.93,49196.97,49197.0,49196,19908
incgraph\_13\_0.30\_5\_30\_1.20\_2\_2,70965.0,70986.77,70965.03,70965.0,70965.0,70965.0,70965.03,70965.03,70965,28357
incgraph\_13\_0.30\_5\_30\_1.20\_5\_2,14073.93,14071.1,14072.7,14072.77,14072.7,14071.87,14072.77,14072.4,14068,8366
incgraph\_13\_0.30\_5\_30\_1.20\_7\_2,41826.37,41823.5,41817.7,41818.07,41821.87,41819.23,41820.0,41821.63,41807,16002
incgraph\_13\_0.30\_5\_30\_1.20\_8\_2,12727.0,12727.5,12727.0,12727.0,12727.0,12727.0,12727.0,12727.0,12727,5239
incgraph\_13\_0.30\_5\_30\_1.20\_10\_2,41411.03,41345.0,41337.7,41335.63,41361.2,41367.6,41364.73,41369.27,41315,13.41
incgraph\_13\_0.30\_5\_30\_1.60\_1\_2,82126.2,82192.53,82107.33,82099.73,82101.27,82102.93,82099.7,82103.97,82082,2000245
incgraph\_13\_0.30\_5\_30\_1.60\_2\_2,115504.3,115426.4,115479.67,115477.7,115461.23,115475.27,115482.6,115469.73,115323,2843848
incgraph\_13\_0.30\_5\_30\_1.60\_3\_2,60292.4,60321.57,60285.67,60285.4,60282.27,60282.13,60281.67,60278.9,60259,692638
incgraph\_13\_0.30\_5\_30\_1.60\_4\_2,47454.1,47451.23,47467.93,47464.2,47449.77,47461.2,47462.47,47457.6,47365,391302
incgraph\_13\_0.30\_5\_30\_1.60\_5\_2,23531.17,23474.13,23496.1,23492.97,23490.2,23495.13,23493.1,23503.53,23436,75168
incgraph\_13\_0.30\_5\_30\_1.60\_6\_2,62201.33,62159.9,62193.6,62205.83,62204.9,62183.5,62192.87,62174.9,61969,2151.66
incgraph\_13\_0.30\_5\_30\_1.60\_7\_2,69337.93,69422.83,69363.07,69356.23,69364.0,69368.73,69363.23,69360.0,69315,12506337
incgraph\_13\_0.30\_5\_30\_1.60\_8\_2,20974.57,20907.27,20958.07,20958.73,20957.3,20966.27,20943.97,20970.07,20815,346679
incgraph\_13\_0.30\_5\_30\_1.60\_9\_2,23883.47,23920.07,23885.8,23883.9,23887.5,23884.57,23883.5,23885.2,23875,161907
incgraph\_13\_0.30\_5\_30\_1.60\_10\_2,69046.37,69112.37,69070.6,69068.33,69071.07,69090.47,69089.87,69075.6,68989,1517916
,,,,,,,,,,
incgraph\_20\_0.06\_5\_30\_1.20\_1\_2,5386.9,5384.5,5365.87,5366.97,5377.8,5380.1,5380.33,5378.33,5348,7841
incgraph\_20\_0.06\_5\_30\_1.20\_2\_2,4788.1,4772.47,4783.1,4780.07,4783.9,4782.33,4790.0,4782.63,4762,7087
incgraph\_20\_0.06\_5\_30\_1.20\_5\_2,2929.8,2932.83,2930.87,2930.53,2930.67,2930.87,2930.63,2930.53,2929,3895
incgraph\_20\_0.06\_5\_30\_1.20\_7\_2,4664.0,4655.13,4664.17,4664.73,4665.43,4664.13,4663.57,4665.9,4645,6224
incgraph\_20\_0.06\_5\_30\_1.20\_8\_2,3821.37,3818.2,3821.2,3820.37,3820.43,3820.6,3819.17,3819.23,3816,5299
incgraph\_20\_0.06\_5\_30\_1.20\_10\_2,3845.57,3846.73,3844.9,3845.23,3845.1,3845.77,3845.5,3845.0,3842,6974
incgraph\_20\_0.06\_5\_30\_1.60\_1\_2,8569.4,8557.87,8565.07,8567.5,8563.5,8562.57,8568.43,8563.23,8461,59315
incgraph\_20\_0.06\_5\_30\_1.60\_2\_2,7975.43,7989.27,7966.73,7966.43,7970.9,7974.63,7970.37,7972.93,7894,69355
incgraph\_20\_0.06\_5\_30\_1.60\_3\_2,6308.47,6306.1,6300.27,6301.73,6303.27,6305.07,6303.0,6303.53,6275,34321
incgraph\_20\_0.06\_5\_30\_1.60\_4\_2,6690.83,6708.6,6691.0,6695.4,6693.57,6693.3,6691.2,6692.83,6647,32632
incgraph\_20\_0.06\_5\_30\_1.60\_5\_2,4510.33,4495.67,4501.83,4503.7,4508.9,4509.03,4507.23,4510.0,4435,13152
incgraph\_20\_0.06\_5\_30\_1.60\_6\_2,6394.57,6404.63,6399.03,6397.87,6395.4,6395.5,6397.83,6396.8,6323,36037
incgraph\_20\_0.06\_5\_30\_1.60\_7\_2,7403.2,7428.9,7396.8,7397.53,7395.73,7401.97,7399.2,7399.53,7363,29784
incgraph\_20\_0.06\_5\_30\_1.60\_8\_2,5906.4,5905.07,5902.63,5902.4,5902.7,5905.77,5903.63,5905.57,5864,26277
incgraph\_20\_0.06\_5\_30\_1.60\_9\_2,5668.3,5676.3,5668.27,5666.0,5665.73,5666.4,5665.4,5663.23,5604,40333
incgraph\_20\_0.06\_5\_30\_1.60\_10\_2,5654.53,5644.8,5648.43,5650.77,5648.13,5656.1,5658.93,5655.5,5588,30444
incgraph\_20\_0.17\_5\_30\_1.20\_1\_2,34735.77,34745.07,34738.47,34737.33,34735.97,34735.87,34736.9,34737.53,34733,17294
incgraph\_20\_0.17\_5\_30\_1.20\_2\_2,26651.47,26651.27,26668.2,26670.47,26664.23,26646.53,26652.47,26664.6,26609,13919
incgraph\_20\_0.17\_5\_30\_1.20\_5\_2,10384.13,10372.0,10380.2,10381.1,10377.8,10380.77,10379.23,10382.13,10372,7042
incgraph\_20\_0.17\_5\_30\_1.20\_7\_2,18336.43,18339.2,18337.7,18337.93,18336.87,18337.3,18337.37,18337.0,18334,12365
incgraph\_20\_0.17\_5\_30\_1.20\_8\_2,15310.87,15211.97,15300.23,15298.33,15304.43,15297.07,15301.13,15286.5,15201,10.32
incgraph\_20\_0.17\_5\_30\_1.20\_10\_2,15597.17,15586.13,15592.13,15592.73,15594.23,15595.13,15592.87,15592.07,15579,9417
incgraph\_20\_0.17\_5\_30\_1.60\_1\_2,56840.0,56863.5,56854.03,56865.87,56836.93,56838.73,56853.47,56858.8,56760,290683
incgraph\_20\_0.17\_5\_30\_1.60\_2\_2,41734.03,41668.9,41731.57,41718.8,41724.13,41732.1,41717.0,41722.7,41565,250688
incgraph\_20\_0.17\_5\_30\_1.60\_3\_2,24023.1,24023.57,24004.47,24003.03,24005.73,23999.57,23994.63,23998.77,23850,123015
incgraph\_20\_0.17\_5\_30\_1.60\_4\_2,32392.8,32350.23,32354.03,32323.63,32353.37,32315.93,32322.6,32311.5,32197,93641
incgraph\_20\_0.17\_5\_30\_1.60\_5\_2,16044.93,16046.1,16042.67,16040.87,16040.17,16039.87,16042.2,16039.83,15983,56265
incgraph\_20\_0.17\_5\_30\_1.60\_6\_2,28033.43,28088.73,28040.67,28042.77,28043.1,28044.07,28027.43,28035.33,27902,324772
incgraph\_20\_0.17\_5\_30\_1.60\_7\_2,29075.17,29080.83,29045.37,29054.27,29045.37,29041.93,29034.97,29041.07,28970,309178
incgraph\_20\_0.17\_5\_30\_1.60\_8\_2,23173.9,23313.23,23190.9,23189.13,23193.57,23202.3,23192.1,23190.73,23138,68957
incgraph\_20\_0.17\_5\_30\_1.60\_9\_2,18889.07,18943.7,18911.13,18909.3,18898.17,18899.43,18893.8,18899.87,18847,80028
incgraph\_20\_0.17\_5\_30\_1.60\_10\_2,23718.03,23801.03,23719.3,23720.47,23727.73,23718.47,23726.13,23725.2,23666,79232
incgraph\_20\_0.30\_5\_30\_1.20\_1\_2,108679.47,108657.93,108684.97,108683.17,108681.5,108673.53,108658.1,108668.87,108608,42123
incgraph\_20\_0.30\_5\_30\_1.20\_2\_2,80004.2,79930.07,79919.3,79917.27,79909.2,79903.33,79908.7,79913.03,79877,29679
incgraph\_20\_0.30\_5\_30\_1.20\_5\_2,30779.83,30780.7,30758.17,30762.83,30753.67,30748.17,30754.47,30757.87,30704,11605
incgraph\_20\_0.30\_5\_30\_1.20\_7\_2,57729.37,57488.4,57646.17,57640.53,57664.27,57646.37,57652.9,57653.83,57480,23145
incgraph\_20\_0.30\_5\_30\_1.20\_8\_2,46501.0,46422.23,46498.97,46494.13,46496.0,46509.63,46511.53,46496.3,46387,19013
incgraph\_20\_0.30\_5\_30\_1.20\_10\_2,47320.7,47281.0,47291.17,47292.6,47290.43,47284.13,47284.4,47290.0,47281,19834
incgraph\_20\_0.30\_5\_30\_1.60\_1\_2,177556.27,177505.37,177528.6,177531.1,177534.97,177516.53,177532.47,177540.07,177271,1929801
incgraph\_20\_0.30\_5\_30\_1.60\_2\_2,131571.73,132053.4,131577.9,131581.4,131585.77,131584.63,131585.73,131582.27,131476,5765789
incgraph\_20\_0.30\_5\_30\_1.60\_3\_2,73953.93,74113.07,73961.77,73973.07,73988.37,73975.7,73980.63,73974.6,73847,1046485
incgraph\_20\_0.30\_5\_30\_1.60\_4\_2,98983.3,98897.6,98956.47,98950.37,98937.87,98934.93,98952.0,98946.13,98736,863.53
incgraph\_20\_0.30\_5\_30\_1.60\_5\_2,50568.5,50586.67,50554.2,50554.03,50554.47,50547.73,50550.2,50555.27,50486,660.4
incgraph\_20\_0.30\_5\_30\_1.60\_6\_2,87195.37,87280.87,87058.53,87051.2,87074.7,87104.97,87069.23,87066.87,86998,1277543
incgraph\_20\_0.30\_5\_30\_1.60\_7\_2,93975.97,94070.37,94025.8,94025.87,94020.13,94047.7,94042.4,94036.67,93897,1255703
incgraph\_20\_0.30\_5\_30\_1.60\_8\_2,75930.93,75742.87,75785.53,75764.47,75739.27,75789.23,75773.4,75743.03,75582,667.14
incgraph\_20\_0.30\_5\_30\_1.60\_9\_2,57426.27,57525.23,57405.23,57404.53,57408.23,57405.87,57406.87,57407.67,57379,602263
incgraph\_20\_0.30\_5\_30\_1.60\_10\_2,77335.2,77401.97,77323.93,77325.87,77325.77,77322.33,77321.33,77330.8,77268,6334939
,,,,,,,,,,
incgraph\_2\_0.06\_5\_30\_1.20\_1\_3,197.0,197.4,197.0,197.0,197.0,197.0,197.0,197.0,197,1486
incgraph\_2\_0.06\_5\_30\_1.20\_2\_3,264.0,264.0,264.0,264.0,264.0,264.0,264.0,264.0,264,567
incgraph\_2\_0.06\_5\_30\_1.20\_3\_3,309.0,302.23,309.0,309.0,309.0,309.0,309.0,309.0,297,714
incgraph\_2\_0.06\_5\_30\_1.20\_4\_3,352.0,352.0,352.0,352.0,352.0,352.0,352.0,352.0,352,604
incgraph\_2\_0.06\_5\_30\_1.20\_6\_3,349.0,352.87,349.0,349.0,349.0,349.0,349.0,349.0,349,773
incgraph\_2\_0.06\_5\_30\_1.20\_7\_3,318.0,318.0,318.0,318.0,318.0,318.0,318.0,318.0,318,846
incgraph\_2\_0.06\_5\_30\_1.20\_8\_3,96.57,96.0,97.0,96.9,97.0,96.1,96.03,97.0,96,186
incgraph\_2\_0.06\_5\_30\_1.20\_10\_3,118.0,122.27,118.0,118.0,118.0,118.0,118.0,118.0,118,333
incgraph\_2\_0.06\_5\_30\_1.60\_1\_3,231.0,231.0,231.0,231.0,231.0,231.0,231.0,231.0,231,993
incgraph\_2\_0.06\_5\_30\_1.60\_2\_3,315.0,315.0,315.0,315.0,315.0,315.0,315.0,315.0,315,1497
incgraph\_2\_0.06\_5\_30\_1.60\_3\_3,341.0,337.13,340.9,340.8,340.13,340.1,340.37,339.53,336,1919
incgraph\_2\_0.06\_5\_30\_1.60\_4\_3,413.0,413.0,413.0,413.0,413.0,413.0,413.0,413.0,413,1.62
incgraph\_2\_0.06\_5\_30\_1.60\_5\_3,47.0,47.0,47.0,47.0,47.0,47.0,47.0,47.0,47,273
incgraph\_2\_0.06\_5\_30\_1.60\_6\_3,611.5,611.27,611.23,611.2,611.4,611.77,611.8,611.53,611,2226
incgraph\_2\_0.06\_5\_30\_1.60\_7\_3,474.0,474.0,474.0,474.0,474.0,474.0,474.0,474.0,474,2255
incgraph\_2\_0.06\_5\_30\_1.60\_8\_3,121.0,121.0,121.0,121.0,121.0,121.0,121.0,121.0,121,522
incgraph\_2\_0.06\_5\_30\_1.60\_9\_3,198.0,198.0,198.0,198.0,198.0,198.0,198.0,198.0,198,1102
incgraph\_2\_0.06\_5\_30\_1.60\_10\_3,205.0,205.0,205.0,205.0,205.03,205.63,205.5,205.0,205,841
incgraph\_2\_0.17\_5\_30\_1.20\_1\_3,1143.0,1143.0,1143.0,1143.0,1143.0,1143.0,1143.0,1143.0,1143,674
incgraph\_2\_0.17\_5\_30\_1.20\_2\_3,962.0,962.0,962.0,962.0,962.0,962.0,962.0,962.0,962,806
incgraph\_2\_0.17\_5\_30\_1.20\_3\_3,1078.53,1080.13,1081.2,1080.13,1084.93,1077.47,1076.93,1085.47,1070,886
incgraph\_2\_0.17\_5\_30\_1.20\_4\_3,2091.0,2089.2,2091.0,2091.0,2091.0,2091.0,2091.0,2091.0,2089,1156
incgraph\_2\_0.17\_5\_30\_1.20\_6\_3,3016.0,3016.0,3016.0,3016.0,3016.0,3016.0,3016.0,3016.0,3016,1.42
incgraph\_2\_0.17\_5\_30\_1.20\_7\_3,3097.0,3097.0,3098.03,3098.03,3098.03,3097.0,3098.03,3097.0,3097,1603
incgraph\_2\_0.17\_5\_30\_1.20\_8\_3,351.0,351.0,351.0,351.0,351.0,351.0,351.0,351.0,351,279
incgraph\_2\_0.17\_5\_30\_1.20\_10\_3,404.0,404.0,404.0,404.0,404.0,404.0,404.0,404.0,404,446
incgraph\_2\_0.17\_5\_30\_1.60\_1\_3,1683.63,1657.47,1708.73,1690.8,1659.37,1673.2,1677.3,1656.9,1651,1.58
incgraph\_2\_0.17\_5\_30\_1.60\_2\_3,1594.03,1594.0,1594.0,1594.03,1594.0,1594.0,1594.0,1594.0,1594,1984
incgraph\_2\_0.17\_5\_30\_1.60\_3\_3,1483.0,1410.03,1449.77,1436.17,1413.13,1455.87,1453.47,1440.0,1410,2394
incgraph\_2\_0.17\_5\_30\_1.60\_4\_3,3198.0,3198.0,3198.4,3198.0,3198.0,3198.4,3198.13,3198.0,3198,3.26
incgraph\_2\_0.17\_5\_30\_1.60\_5\_3,51.0,51.0,51.0,51.0,51.0,51.0,51.0,51.0,51,263
incgraph\_2\_0.17\_5\_30\_1.60\_6\_3,4575.37,4579.9,4574.83,4574.97,4575.1,4575.13,4575.07,4574.83,4574,3529
incgraph\_2\_0.17\_5\_30\_1.60\_7\_3,5205.0,5205.03,5205.07,5205.1,5205.03,5205.07,5205.0,5205.03,5205,5433
incgraph\_2\_0.17\_5\_30\_1.60\_8\_3,592.67,592.0,600.67,596.87,593.13,594.87,594.67,592.0,592,0.89
incgraph\_2\_0.17\_5\_30\_1.60\_9\_3,198.0,198.0,198.0,198.0,198.0,198.0,198.0,198.0,198,1209
incgraph\_2\_0.17\_5\_30\_1.60\_10\_3,605.0,605.0,605.2,605.27,606.2,605.73,605.6,605.73,605,956
incgraph\_2\_0.30\_5\_30\_1.20\_1\_3,3380.0,3380.0,3380.0,3380.0,3380.0,3380.0,3380.0,3380.0,3380,1499
incgraph\_2\_0.30\_5\_30\_1.20\_2\_3,3530.67,3526.0,3526.0,3526.0,3526.0,3531.83,3530.67,3526.0,3526,1249
incgraph\_2\_0.30\_5\_30\_1.20\_3\_3,3639.6,3612.0,3673.33,3658.0,3704.0,3612.0,3612.0,3612.0,3612,1404
incgraph\_2\_0.30\_5\_30\_1.20\_4\_3,6500.17,6462.0,6529.47,6526.57,6547.07,6538.27,6538.33,6520.8,6462,2697
incgraph\_2\_0.30\_5\_30\_1.20\_6\_3,8343.0,8346.7,8343.0,8343.0,8343.0,8343.0,8343.0,8343.0,8343,3594
incgraph\_2\_0.30\_5\_30\_1.20\_7\_3,9677.0,9677.0,9677.0,9677.0,9677.0,9677.0,9677.0,9677.0,9677,3904
incgraph\_2\_0.30\_5\_30\_1.20\_8\_3,1340.0,1340.0,1340.0,1340.0,1340.0,1340.0,1340.0,1340.0,1340,583
incgraph\_2\_0.30\_5\_30\_1.20\_10\_3,1367.0,1367.0,1367.0,1367.0,1367.0,1367.0,1367.0,1367.0,1367,789
incgraph\_2\_0.30\_5\_30\_1.60\_1\_3,5249.8,5124.33,5233.97,5233.73,5160.1,5150.3,5179.07,5162.93,5119,3302
incgraph\_2\_0.30\_5\_30\_1.60\_2\_3,5239.23,5271.17,5239.63,5239.47,5239.43,5239.97,5240.03,5239.27,5239,3909
incgraph\_2\_0.30\_5\_30\_1.60\_3\_3,5696.7,5691.37,5691.4,5691.33,5691.07,5691.03,5691.03,5691.3,5691,4254
incgraph\_2\_0.30\_5\_30\_1.60\_4\_3,10282.23,10289.2,10287.23,10285.6,10283.8,10283.37,10283.1,10288.93,10282,38508
incgraph\_2\_0.30\_5\_30\_1.60\_5\_3,274.0,274.0,274.0,274.0,274.0,274.0,274.0,274.0,274,324
incgraph\_2\_0.30\_5\_30\_1.60\_6\_3,12811.0,12814.4,12811.0,12811.0,12811.0,12811.0,12811.0,12811.0,12811,9872
incgraph\_2\_0.30\_5\_30\_1.60\_7\_3,16158.17,16009.0,16073.2,16071.47,16046.37,16052.6,16048.97,16049.37,16009,12653
incgraph\_2\_0.30\_5\_30\_1.60\_8\_3,1897.03,1889.3,1889.0,1888.5,1889.2,1890.2,1889.4,1890.37,1888,1794
incgraph\_2\_0.30\_5\_30\_1.60\_9\_3,582.0,574.5,582.0,582.0,582.0,582.0,582.0,582.0,567,1151
incgraph\_2\_0.30\_5\_30\_1.60\_10\_3,2253.0,2253.0,2253.0,2253.0,2253.0,2253.0,2253.0,2253.0,2253,1492
,,,,,,,,,,
incgraph\_6\_0.06\_5\_30\_1.20\_2\_3,1208.17,1208.0,1208.0,1208.0,1208.0,1208.0,1208.0,1208.0,1208,1885
incgraph\_6\_0.06\_5\_30\_1.20\_3\_3,1762.43,1758.2,1760.0,1759.73,1762.13,1758.8,1758.83,1761.33,1758,2499
incgraph\_6\_0.06\_5\_30\_1.20\_8\_3,520.17,524.0,522.17,522.17,520.33,520.0,520.33,520.33,520,676
incgraph\_6\_0.06\_5\_30\_1.20\_10\_3,1173.0,1173.0,1173.0,1173.0,1173.0,1173.0,1173.0,1173.0,1173,1454
incgraph\_6\_0.06\_5\_30\_1.60\_1\_3,1310.43,1304.67,1302.23,1302.3,1305.6,1305.7,1305.8,1306.0,1288,5563
incgraph\_6\_0.06\_5\_30\_1.60\_2\_3,1654.8,1646.17,1646.93,1652.33,1650.4,1649.5,1648.63,1652.57,1606,10221
incgraph\_6\_0.06\_5\_30\_1.60\_3\_3,2606.27,2611.77,2603.97,2597.8,2598.37,2604.47,2608.27,2600.17,2561,10213
incgraph\_6\_0.06\_5\_30\_1.60\_4\_3,1616.6,1606.73,1616.1,1614.77,1613.4,1611.3,1609.07,1613.53,1597,6418
incgraph\_6\_0.06\_5\_30\_1.60\_5\_3,602.6,600.97,605.1,606.23,600.73,603.63,604.13,600.03,595,4302
incgraph\_6\_0.06\_5\_30\_1.60\_6\_3,1576.53,1575.73,1578.2,1578.23,1576.8,1576.07,1577.1,1576.63,1567,12927
incgraph\_6\_0.06\_5\_30\_1.60\_7\_3,1884.8,1870.3,1882.13,1880.53,1880.47,1883.33,1881.47,1877.03,1848,13556
incgraph\_6\_0.06\_5\_30\_1.60\_8\_3,746.93,745.33,744.67,744.1,745.9,745.43,744.13,745.3,738,3725
incgraph\_6\_0.06\_5\_30\_1.60\_9\_3,1210.57,1203.87,1205.43,1207.27,1205.77,1204.93,1204.9,1205.13,1203,5895
incgraph\_6\_0.06\_5\_30\_1.60\_10\_3,1873.27,1872.13,1870.97,1870.8,1873.73,1872.1,1871.3,1872.47,1864,7404
incgraph\_6\_0.17\_5\_30\_1.20\_2\_3,5824.0,5793.37,5793.87,5793.6,5793.13,5793.4,5793.47,5793.13,5793,3684
incgraph\_6\_0.17\_5\_30\_1.20\_3\_3,11873.37,11750.0,11790.03,11787.63,11795.1,11770.07,11765.03,11797.53,11750,6566
incgraph\_6\_0.17\_5\_30\_1.20\_8\_3,1847.2,1847.13,1847.0,1847.0,1847.1,1847.03,1847.03,1847.03,1847,1374
incgraph\_6\_0.17\_5\_30\_1.20\_10\_3,5594.0,5594.0,5594.0,5594.0,5594.0,5594.0,5594.0,5594.0,5594,3014
incgraph\_6\_0.17\_5\_30\_1.60\_1\_3,7401.8,7421.8,7395.0,7389.83,7398.23,7418.47,7416.6,7400.43,7360,15091
incgraph\_6\_0.17\_5\_30\_1.60\_2\_3,9185.87,9168.03,9173.27,9173.23,9177.0,9179.8,9177.87,9174.93,9144,54806
incgraph\_6\_0.17\_5\_30\_1.60\_3\_3,19532.47,19457.97,19458.57,19458.57,19456.4,19456.83,19456.53,19452.97,19444,89247
incgraph\_6\_0.17\_5\_30\_1.60\_4\_3,9956.4,9918.63,9934.23,9936.13,9944.37,9930.53,9936.8,9935.33,9906,28339
incgraph\_6\_0.17\_5\_30\_1.60\_5\_3,1476.27,1472.57,1476.47,1475.2,1476.13,1476.17,1476.5,1476.1,1471,2693
incgraph\_6\_0.17\_5\_30\_1.60\_6\_3,9532.27,9345.7,9350.7,9350.57,9345.5,9350.6,9351.37,9346.13,9333,28.2
incgraph\_6\_0.17\_5\_30\_1.60\_7\_3,10804.07,10808.77,10803.97,10803.13,10803.37,10804.0,10803.53,10803.93,10797,71438
incgraph\_6\_0.17\_5\_30\_1.60\_8\_3,2817.47,2819.7,2817.63,2817.73,2816.9,2817.83,2817.77,2817.97,2816,4528
incgraph\_6\_0.17\_5\_30\_1.60\_9\_3,1900.27,1891.13,1895.67,1895.8,1897.0,1898.13,1896.67,1895.7,1890,8663
incgraph\_6\_0.17\_5\_30\_1.60\_10\_3,8899.9,8906.27,8900.3,8902.77,8896.63,8901.6,8900.53,8900.73,8880,47.49
incgraph\_6\_0.30\_5\_30\_1.20\_2\_3,17983.0,17889.0,17889.0,17889.0,17889.0,17891.67,17889.0,17889.0,17889,7.46
incgraph\_6\_0.30\_5\_30\_1.20\_3\_3,36491.0,36491.0,36491.0,36491.0,36491.0,36491.0,36491.0,36491.0,36491,15633
incgraph\_6\_0.30\_5\_30\_1.20\_8\_3,5927.0,5925.0,5926.13,5925.6,5925.67,5926.8,5926.87,5925.93,5925,2.82
incgraph\_6\_0.30\_5\_30\_1.20\_10\_3,17234.0,17176.0,17206.2,17203.4,17206.27,17213.47,17215.67,17232.5,17176,7651
incgraph\_6\_0.30\_5\_30\_1.60\_1\_3,23103.0,23155.53,23106.23,23103.0,23104.5,23103.6,23103.53,23107.3,23086,122429
incgraph\_6\_0.30\_5\_30\_1.60\_2\_3,28009.67,28026.47,28009.3,28009.23,28009.7,28009.3,28011.63,28009.23,28008,794749
incgraph\_6\_0.30\_5\_30\_1.60\_3\_3,59497.0,59379.0,59395.2,59415.7,59459.67,59483.5,59439.07,59419.3,59359,10551957
incgraph\_6\_0.30\_5\_30\_1.60\_4\_3,29963.0,29977.17,29977.27,29976.37,29989.37,29965.2,29969.1,29981.5,29960,46872
incgraph\_6\_0.30\_5\_30\_1.60\_5\_3,5184.57,5134.97,5174.03,5164.47,5160.43,5161.23,5157.87,5163.33,5125,26616
incgraph\_6\_0.30\_5\_30\_1.60\_6\_3,27875.7,27869.23,27870.1,27869.43,27869.33,27869.5,27869.4,27869.37,27869,83008
incgraph\_6\_0.30\_5\_30\_1.60\_7\_3,32640.13,32566.37,32566.37,32567.87,32567.87,32550.33,32556.77,32620.07,32528,502007.7
incgraph\_6\_0.30\_5\_30\_1.60\_8\_3,9417.43,9425.03,9428.37,9422.63,9424.0,9416.33,9415.6,9437.73,9395,21.96
incgraph\_6\_0.30\_5\_30\_1.60\_9\_3,5795.1,5795.83,5795.07,5795.13,5795.27,5795.07,5795.1,5795.13,5795,5835
incgraph\_6\_0.30\_5\_30\_1.60\_10\_3,27780.17,27703.67,27709.27,27709.33,27749.97,27725.87,27729.53,27737.5,27686,63488
,,,,,,,,,,
incgraph\_13\_0.06\_5\_30\_1.20\_2\_3,3306.87,3304.97,3307.7,3306.87,3304.63,3306.87,3306.47,3305.93,3301,2415
incgraph\_13\_0.06\_5\_30\_1.60\_1\_3,4066.47,4055.43,4067.13,4070.27,4068.3,4066.67,4069.93,4072.23,4017,24.71
incgraph\_13\_0.06\_5\_30\_1.60\_2\_3,5285.9,5266.33,5274.6,5273.1,5279.9,5279.77,5277.7,5273.37,5183,15338
incgraph\_13\_0.06\_5\_30\_1.60\_3\_3,4195.83,4168.13,4191.77,4192.3,4190.87,4193.2,4192.47,4193.13,4148,5946
incgraph\_13\_0.06\_5\_30\_1.60\_4\_3,3513.77,3508.37,3517.67,3519.27,3522.17,3512.0,3515.17,3521.23,3478,10479
incgraph\_13\_0.06\_5\_30\_1.60\_5\_3,2505.37,2487.37,2503.07,2501.33,2496.43,2503.33,2501.2,2497.6,2464,3441
incgraph\_13\_0.06\_5\_30\_1.60\_6\_3,3796.03,3788.4,3790.43,3784.1,3784.13,3778.37,3784.17,3781.6,3742,26012
incgraph\_13\_0.06\_5\_30\_1.60\_7\_3,3982.07,3949.2,3966.4,3966.27,3977.63,3981.17,3978.93,3974.43,3906,32438
incgraph\_13\_0.06\_5\_30\_1.60\_8\_3,2213.6,2208.43,2215.37,2211.87,2215.33,2213.17,2213.93,2216.93,2172,3039
incgraph\_13\_0.06\_5\_30\_1.60\_9\_3,3027.37,3010.2,3026.97,3022.97,3018.67,3022.63,3019.9,3022.2,2979,11.96
incgraph\_13\_0.06\_5\_30\_1.60\_10\_3,3810.67,3790.7,3799.53,3793.0,3802.03,3802.47,3801.43,3800.57,3739,13154
incgraph\_13\_0.17\_5\_30\_1.20\_2\_3,22424.63,22402.63,22397.47,22399.5,22396.33,22392.9,22392.57,22396.03,22391,5158
incgraph\_13\_0.17\_5\_30\_1.60\_1\_3,25952.63,26083.47,25979.03,25983.57,25979.8,25971.93,25975.63,25978.4,25916,50042
incgraph\_13\_0.17\_5\_30\_1.60\_2\_3,35328.63,35372.0,35323.83,35307.07,35317.27,35315.6,35319.17,35314.27,35249,52.43
incgraph\_13\_0.17\_5\_30\_1.60\_3\_3,19693.57,19661.0,19653.87,19658.9,19657.0,19654.17,19661.77,19645.43,19491,2582856
incgraph\_13\_0.17\_5\_30\_1.60\_4\_3,14911.63,14902.67,14900.47,14899.97,14901.37,14901.23,14902.03,14899.3,14840,32619
incgraph\_13\_0.17\_5\_30\_1.60\_5\_3,6938.1,6936.27,6937.93,6944.57,6940.77,6922.77,6924.23,6937.2,6887,11.92
incgraph\_13\_0.17\_5\_30\_1.60\_6\_3,19360.0,19380.13,19371.93,19369.0,19361.07,19362.63,19359.03,19367.17,19296,22744
incgraph\_13\_0.17\_5\_30\_1.60\_7\_3,21496.27,21452.3,21469.13,21456.4,21467.53,21463.67,21460.17,21456.73,21382,234506
incgraph\_13\_0.17\_5\_30\_1.60\_8\_3,6120.47,6116.73,6098.53,6104.23,6106.8,6105.37,6103.7,6105.13,6060,3152
incgraph\_13\_0.17\_5\_30\_1.60\_9\_3,7404.77,7379.17,7378.57,7378.47,7374.57,7376.6,7381.0,7375.13,7330,46609
incgraph\_13\_0.17\_5\_30\_1.60\_10\_3,20673.53,20712.03,20654.23,20660.27,20669.7,20653.73,20648.67,20666.23,20584,136971
incgraph\_13\_0.30\_5\_30\_1.20\_2\_3,70728.97,70798.93,70728.93,70728.9,70728.73,70728.93,70728.93,70728.83,70731,11623
incgraph\_13\_0.30\_5\_30\_1.60\_1\_3,81816.23,81939.2,81816.0,81814.4,81814.03,81811.23,81810.0,81813.87,81733,9320.53
incgraph\_13\_0.30\_5\_30\_1.60\_2\_3,114827.23,114506.4,114654.37,114647.03,114642.3,114686.1,114673.37,114644.1,114374,4171937
incgraph\_13\_0.30\_5\_30\_1.60\_3\_3,59943.7,59944.47,59901.47,59893.93,59891.8,59880.63,59887.6,59886.63,59833,640775
incgraph\_13\_0.30\_5\_30\_1.60\_4\_3,47094.07,46995.5,47047.8,47038.63,47016.13,47037.37,47041.57,47019.37,46843,172523
incgraph\_13\_0.30\_5\_30\_1.60\_5\_3,23332.2,23274.53,23307.2,23304.23,23311.33,23301.07,23297.57,23299.77,23202,97.94
incgraph\_13\_0.30\_5\_30\_1.60\_6\_3,61762.0,61813.73,61785.4,61787.8,61789.03,61773.6,61772.4,61781.87,61638,21151288
incgraph\_13\_0.30\_5\_30\_1.60\_7\_3,68860.07,68799.17,68749.37,68748.1,68771.53,68774.73,68753.33,68764.7,68599,9018268
incgraph\_13\_0.30\_5\_30\_1.60\_8\_3,20695.53,20673.6,20692.33,20680.13,20668.03,20671.67,20668.93,20682.57,20596,656834
incgraph\_13\_0.30\_5\_30\_1.60\_9\_3,23786.4,23776.47,23772.97,23774.37,23772.0,23780.4,23773.77,23780.93,23695,895535
incgraph\_13\_0.30\_5\_30\_1.60\_10\_3,68460.1,68444.03,68476.7,68465.43,68510.87,68513.47,68481.53,68487.87,68313,2470201
,,,,,,,,,,
incgraph\_20\_0.06\_5\_30\_1.60\_1\_3,8294.13,8213.7,8284.6,8278.53,8285.57,8275.9,8275.77,8272.17,8094,20882
incgraph\_20\_0.06\_5\_30\_1.60\_2\_3,7783.17,7769.97,7776.9,7777.2,7774.57,7775.77,7775.87,7783.37,7628,74759
incgraph\_20\_0.06\_5\_30\_1.60\_3\_3,6214.6,6211.2,6198.77,6202.63,6203.57,6196.8,6204.3,6197.7,6127,18585
incgraph\_20\_0.06\_5\_30\_1.60\_4\_3,6493.03,6468.07,6496.0,6496.6,6489.0,6482.43,6486.73,6487.6,6366,21784
incgraph\_20\_0.06\_5\_30\_1.60\_5\_3,4378.73,4351.43,4375.4,4370.37,4370.5,4374.5,4375.87,4374.0,4286,34321
incgraph\_20\_0.06\_5\_30\_1.60\_6\_3,6186.0,6137.77,6174.3,6174.93,6168.27,6174.43,6167.4,6173.77,6041,25.45
incgraph\_20\_0.06\_5\_30\_1.60\_7\_3,7169.73,7177.87,7158.63,7162.97,7158.8,7167.27,7162.6,7161.3,7093,23646
incgraph\_20\_0.06\_5\_30\_1.60\_8\_3,5695.0,5647.6,5680.63,5679.57,5685.83,5677.47,5675.63,5682.97,5607,25655
incgraph\_20\_0.06\_5\_30\_1.60\_9\_3,5546.03,5524.9,5531.43,5536.83,5530.97,5536.23,5530.93,5531.53,5454,37436
incgraph\_20\_0.06\_5\_30\_1.60\_10\_3,5533.87,5510.9,5518.67,5518.43,5523.17,5523.87,5524.17,5523.97,5423,39301
incgraph\_20\_0.17\_5\_30\_1.60\_1\_3,56148.83,56179.27,56114.13,56097.87,56081.67,56074.5,56083.8,56096.17,55940,663579
incgraph\_20\_0.17\_5\_30\_1.60\_2\_3,41160.8,41235.03,41148.73,41153.97,41158.33,41161.03,41156.6,41168.8,41024,157178
incgraph\_20\_0.17\_5\_30\_1.60\_3\_3,23790.3,23776.33,23756.43,23766.8,23761.77,23769.57,23771.7,23755.87,23568,869.8
incgraph\_20\_0.17\_5\_30\_1.60\_4\_3,31970.73,31971.6,31976.4,31965.63,31983.53,31978.53,31975.4,31951.37,31770,735803
incgraph\_20\_0.17\_5\_30\_1.60\_5\_3,15743.47,15833.3,15782.8,15784.93,15780.43,15767.97,15774.1,15771.2,15646,18102
incgraph\_20\_0.17\_5\_30\_1.60\_6\_3,27796.3,27729.07,27743.53,27734.5,27752.27,27746.4,27741.5,27755.03,27508,1445505
incgraph\_20\_0.17\_5\_30\_1.60\_7\_3,28681.0,28579.9,28616.97,28626.8,28624.77,28641.23,28627.03,28624.5,28363,66179
incgraph\_20\_0.17\_5\_30\_1.60\_8\_3,22931.23,23002.7,22935.17,22940.67,22931.07,22927.67,22931.07,22930.6,22827,228923
incgraph\_20\_0.17\_5\_30\_1.60\_9\_3,18618.7,18633.9,18602.07,18593.57,18613.17,18610.67,18610.47,18611.13,18486,86017
incgraph\_20\_0.17\_5\_30\_1.60\_10\_3,23498.03,23635.13,23512.83,23514.13,23519.33,23520.0,23525.57,23521.43,23425,374852
incgraph\_20\_0.30\_5\_30\_1.60\_1\_3,176658.3,176408.4,176586.17,176545.97,176568.3,176547.83,176562.7,176578.67,176088,1969919
incgraph\_20\_0.30\_5\_30\_1.60\_2\_3,131066.17,131407.67,131059.43,131053.47,131015.7,131071.0,131053.97,131002.77,130630,14566099
incgraph\_20\_0.30\_5\_30\_1.60\_3\_3,73645.07,73696.43,73586.6,73566.97,73569.03,73570.9,73563.7,73568.47,73371,1157225
incgraph\_20\_0.30\_5\_30\_1.60\_4\_3,98203.87,98151.33,98162.07,98152.73,98137.6,98119.87,98115.23,98150.6,97901,1339116
incgraph\_20\_0.30\_5\_30\_1.60\_5\_3,50184.27,50156.57,50182.57,50168.5,50183.2,50177.93,50176.37,50183.5,50060,798634
incgraph\_20\_0.30\_5\_30\_1.60\_6\_3,86889.3,86958.67,86746.13,86748.63,86763.1,86762.1,86762.03,86742.8,86653,6017681
incgraph\_20\_0.30\_5\_30\_1.60\_7\_3,93292.43,93490.0,93343.53,93333.77,93349.23,93373.27,93349.8,93361.2,93226,1145.73
incgraph\_20\_0.30\_5\_30\_1.60\_8\_3,75222.47,75109.27,75132.17,75134.13,75140.43,75138.7,75142.07,75117.97,75054,1919364
incgraph\_20\_0.30\_5\_30\_1.60\_9\_3,57219.8,57364.2,57227.87,57229.2,57233.23,57226.17,57225.87,57239.97,57200,1361428
incgraph\_20\_0.30\_5\_30\_1.60\_10\_3,76938.03,76831.2,76824.17,76822.13,76827.1,76810.6,76822.87,76831.0,76613,7228605
