0,1,236,207,0:00:01.551372
1,1,319,310,0:00:01.997919
2,1,338,314,0:00:02.455279
3,1,382,360,0:00:03.032552
4,1,45,33,0:00:00.280602
5,1,482,415,0:00:02.516068
6,1,381,363,0:00:03.518027
7,1,113,104,0:00:00.783847
8,1,158,143,0:00:01.312768
9,1,212,163,0:00:01.200866
10,1,360,289,0:00:13.761161
11,1,519,373,0:00:19.479299
12,1,484,367,0:00:22.727693
13,1,520,463,0:00:18.629726
14,1,122,76,0:00:02.377589
15,1,907,740,0:00:30.726752
16,1,699,585,0:00:29.993451
17,1,180,144,0:00:04.867615
18,1,319,242,0:00:11.196130
19,1,318,242,0:00:11.149234
20,1,1176,1145,0:00:02.673982
21,1,1080,980,0:00:03.496849
22,1,1127,1088,0:00:02.832385
23,1,2342,2194,0:00:05.266370
24,1,63,62,0:00:00.458064
25,1,3187,3136,0:00:05.903486
26,1,3330,3198,0:00:05.430169
27,1,359,351,0:00:02.681937
28,1,168,143,0:00:01.410492
29,1,521,469,0:00:01.409563
30,1,1971,1805,0:00:37.017111
31,1,2090,1788,0:00:39.426183
32,1,1759,1548,0:01:00.139691
33,1,3678,3427,0:01:00.366369
34,1,89,55,0:00:02.720114
35,1,5199,4839,0:01:40.884162
36,1,5990,5535,0:01:30.237898
37,1,669,663,0:00:08.386880
38,1,300,242,0:00:11.041277
39,1,811,706,0:00:18.062554
40,1,3510,3386,0:00:05.385490
41,1,3902,3630,0:00:04.879666
42,1,3970,3781,0:00:05.159899
43,1,6887,6708,0:00:12.496711
44,1,237,210,0:00:00.399735
45,1,9090,8711,0:00:21.807322
46,1,10243,9918,0:00:20.843622
47,1,1394,1364,0:00:01.065808
48,1,366,340,0:00:01.773785
49,1,1433,1377,0:00:04.331945
50,1,5767,5396,0:01:18.675775
51,1,5754,5468,0:01:53.559037
52,1,6432,6132,0:02:38.629472
53,1,11316,10621,0:04:01.828765
54,1,341,285,0:00:04.111216
55,1,13541,12856,0:03:06.393171
56,1,18162,16662,0:03:36.233834
57,1,2069,1930,0:00:21.037793
58,1,756,647,0:00:17.611600
59,1,2676,2392,0:00:33.380868
60,1,1124,1072,0:00:13.803352
61,1,1432,1310,0:00:13.358475
62,1,2057,1932,0:00:31.071206
63,1,1336,1157,0:00:14.141055
64,1,553,474,0:00:03.454180
65,1,1371,1268,0:00:11.023483
66,1,1596,1515,0:00:15.216052
67,1,589,555,0:00:06.208531
68,1,944,836,0:00:08.004786
69,1,1290,1213,0:00:11.062124
70,1,1886,1439,0:02:10.326051
71,1,2112,1737,0:04:29.315146
72,1,3359,2754,0:03:20.584443
73,1,2202,1780,0:02:07.359038
74,1,862,649,0:01:10.882059
75,1,2119,1708,0:02:09.897517
76,1,2389,1994,0:05:09.695444
77,1,1073,806,0:00:49.180598
78,1,1643,1289,0:01:44.392413
79,1,2277,2014,0:03:38.799912
80,1,5129,4822,0:00:25.374240
81,1,6250,5965,0:00:22.038082
82,1,12965,12339,0:00:41.517696
83,1,6404,6150,0:00:31.180918
84,1,1209,1158,0:00:07.664055
85,1,6100,5939,0:00:38.244458
86,1,7008,6794,0:00:34.296024
87,1,1986,1891,0:00:17.648180
88,1,1363,1261,0:00:12.035455
89,1,5946,5785,0:00:36.812424
90,1,8589,7795,0:03:55.829814
91,1,10274,9544,0:04:34.531586
92,1,21481,20168,0:20:44.158224
93,1,11732,10514,0:05:35.984577
94,1,1984,1632,0:00:56.256909
95,1,10456,9831,0:04:43.277498
96,1,12074,11117,0:05:04.802429
97,1,3382,2954,0:02:03.199311
98,1,2520,2044,0:03:08.143501
99,1,10269,9198,0:05:18.367326
100,1,15142,14807,0:01:13.010398
101,1,18852,18188,0:00:58.775154
102,1,37499,37239,0:01:21.138626
103,1,20471,19548,0:00:53.400587
104,1,3294,3199,0:00:10.341012
105,1,18414,18012,0:00:58.090366
106,1,20685,20097,0:01:11.860632
107,1,6263,5979,0:00:17.340348
108,1,4000,3852,0:00:14.610665
109,1,17874,17507,0:00:44.172377
110,1,25445,23845,0:07:41.936733
111,1,30243,28272,0:10:55.072989
112,1,62476,59841,0:21:35.254196
113,1,33076,30647,0:09:15.450495
114,1,5756,5357,0:01:41.950746
115,1,30231,28323,0:20:42.127917
116,1,34819,33163,0:26:54.805769
117,1,10491,9559,0:03:46.823315
118,1,6763,6058,0:03:10.791689
119,1,29948,28526,0:18:32.164077
120,1,3044,2850,0:01:13.555866
121,1,4005,3682,0:01:46.438557
122,1,3600,3274,0:00:54.978450
123,1,3122,2799,0:00:47.226622
124,1,1938,1722,0:00:30.444455
125,1,2958,2690,0:01:10.946968
126,1,3026,2800,0:00:54.284545
127,1,1873,1593,0:00:25.633900
128,1,2211,2068,0:01:36.245130
129,1,3127,2948,0:00:56.749446
130,1,5332,4341,0:08:24.068144
131,1,6525,5682,0:09:15.413560
132,1,5556,4806,0:12:19.416999
133,1,4755,3765,0:11:04.382397
134,1,3283,2699,0:03:53.133296
135,1,4885,4103,0:07:22.118133
136,1,5160,4218,0:07:20.909663
137,1,2900,2408,0:03:51.701533
138,1,4003,3269,0:07:08.316126
139,1,4910,4100,0:10:44.256758
140,1,17396,16845,0:02:09.887768
141,1,23651,22792,0:02:53.694202
142,1,13625,12990,0:01:55.986452
143,1,10095,9713,0:01:12.976227
144,1,4776,4502,0:00:52.333729
145,1,12987,12599,0:01:33.282326
146,1,15246,14362,0:03:20.508688
147,1,4295,4086,0:00:34.685225
148,1,5511,5228,0:01:19.379523
149,1,14086,13381,0:01:33.289694
150,1,28849,26787,0:58:58.604130
151,1,39295,36265,0:29:13.761388
152,1,21995,20158,0:25:17.091179
153,1,16800,15272,0:16:42.284107
154,1,8377,7212,0:11:24.632549
155,1,21663,20060,0:18:04.879668
156,1,23732,21891,0:21:23.559837
157,1,7383,6552,0:06:55.330849
158,1,8555,7547,0:08:25.216842
159,1,23692,21497,0:14:25.729955
160,1,51152,49968,0:03:23.556533
161,1,73598,71805,0:03:38.724988
162,1,38305,37233,0:03:14.600884
163,1,30477,29582,0:01:47.228962
164,1,14489,14114,0:01:24.676693
165,1,38003,36850,0:02:50.282797
166,1,43158,42106,0:02:48.410804
167,1,13521,12981,0:00:52.642455
168,1,16049,15218,0:01:19.011987
169,1,42945,41822,0:02:56.147869
170,1,87823,83224,0:49:24.928976
171,1,121445,116532,2:29:50.371990
172,1,64440,60829,0:34:31.055174
173,1,51342,47915,0:27:13.466157
174,1,25825,23954,0:13:35.201244
175,1,65293,62538,0:34:09.327612
176,1,74140,69714,0:33:41.307593
177,1,22759,21212,0:23:52.887766
178,1,26291,24071,0:25:22.735588
179,1,73302,69759,0:52:34.089358
180,1,6071,5573,0:03:14.113584
181,1,5455,5029,0:02:42.211993
182,1,4801,4373,0:02:37.179628
183,1,4942,4497,0:03:36.855639
184,1,3521,3099,0:02:10.747973
185,1,4765,4366,0:01:25.220782
186,1,5512,4870,0:02:31.169906
187,1,4330,3964,0:02:45.033305
188,1,4238,3888,0:01:41.058166
189,1,4439,4127,0:02:14.557921
190,1,10393,8933,0:45:24.868629
191,1,9730,8303,0:23:25.883812
192,1,8018,6526,0:12:44.351066
193,1,8696,7033,0:21:09.808694
194,1,5588,4712,0:12:22.661386
195,1,7952,6699,0:21:15.608137
196,1,9209,7707,0:13:21.043823
197,1,7397,6202,0:23:36.255951
198,1,7012,5868,0:20:47.095628
199,1,7095,5850,0:15:19.725352
200,1,36866,35260,0:08:10.229759
201,1,28111,27117,0:04:59.097299
202,1,16291,15451,0:02:43.205263
203,1,21234,20325,0:02:24.567317
204,1,11146,10662,0:02:14.021963
205,1,18570,18119,0:03:54.530447
206,1,19533,18575,0:04:52.281946
207,1,16585,15681,0:02:16.711387
208,1,12935,12240,0:02:05.907496
209,1,16817,15926,0:02:28.244793
210,1,63163,58107,0:56:42.345616
211,1,45307,42392,0:54:17.588338
212,1,26633,24395,0:26:52.795050
213,1,35809,32982,0:43:59.806300
214,1,18392,16562,0:23:03.701432
215,1,31314,28458,0:46:59.121197
216,1,32301,29571,0:35:05.133035
217,1,26047,23635,1:10:25.949749
218,1,21685,19382,0:20:17.109429
219,1,26758,24207,0:35:04.716475
220,1,112538,109745,0:12:43.154369
221,1,83633,81114,0:06:25.669273
222,1,47887,46071,0:06:24.511231
223,1,62036,60074,0:05:52.642424
224,1,32216,31220,0:02:53.005444
225,1,55934,53913,0:05:05.493634
226,1,59751,58375,0:05:20.217347
227,1,48790,47016,0:04:24.626789
228,1,37526,36355,0:05:13.009826
229,1,49976,47908,0:03:37.629539
230,1,188944,179872,3:59:28.735768
231,1,138601,132419,1:37:08.098280
232,1,78808,74704,1:20:34.535311
233,1,106291,100006,1:20:22.724213
234,1,54882,50981,0:51:53.257590
235,1,92899,87946,0:59:44.268433
236,1,100405,95004,1:23:42.819517
237,1,82201,76986,0:42:35.705249
238,1,60987,57915,1:13:40.989430
239,1,83929,78250,1:15:48.930467
0,2,243,201,0:00:02.322380
1,2,334,282,0:00:02.500931
2,2,338,310,0:00:03.303339
3,2,398,356,0:00:05.352811
4,2,31,30,0:00:00.552972
5,2,481,375,0:00:03.317774
6,2,409,327,0:00:04.047055
7,2,110,98,0:00:01.080077
8,2,-1,-1,-1
9,2,164,136,0:00:01.323434
10,2,309,248,0:00:13.881236
11,2,475,337,0:00:20.048862
12,2,457,354,0:00:25.289194
13,2,546,432,0:00:19.411458
14,2,86,56,0:00:02.543344
15,2,882,671,0:00:30.372532
16,2,610,523,0:00:34.015697
17,2,172,127,0:00:05.313007
18,2,327,220,0:00:10.905686
19,2,289,218,0:00:13.274133
20,2,1243,1143,0:00:05.838683
21,2,1106,969,0:00:06.001054
22,2,1135,1086,0:00:05.660242
23,2,2271,2112,0:00:08.936089
24,2,59,57,0:00:00.644227
25,2,3257,3058,0:00:07.599385
26,2,3337,3132,0:00:08.044747
27,2,360,351,0:00:03.674676
28,2,-1,-1,-1
29,2,452,433,0:00:02.298802
30,2,1970,1725,0:00:45.051642
31,2,2004,1678,0:00:44.830877
32,2,1663,1530,0:01:37.298312
33,2,3687,3248,0:01:01.598066
34,2,63,51,0:00:03.285918
35,2,5597,4690,0:02:11.877863
36,2,5895,5306,0:01:28.651958
37,2,709,617,0:00:08.676245
38,2,253,220,0:00:11.134770
39,2,728,656,0:00:24.717924
40,2,3562,3380,0:00:14.674709
41,2,3974,3570,0:00:08.279799
42,2,3839,3711,0:00:08.377833
43,2,6799,6564,0:00:16.177035
44,2,225,210,0:00:00.867473
45,2,8698,8527,0:00:28.552660
46,2,10067,9868,0:00:23.775177
47,2,1465,1364,0:00:03.329377
48,2,-1,-1,-1
49,2,1528,1367,0:00:06.449855
50,2,5900,5324,0:01:51.403345
51,2,5786,5324,0:01:42.318785
52,2,7047,5877,0:01:38.348561
53,2,11653,10356,0:04:00.925377
54,2,401,274,0:00:07.392538
55,2,13827,12830,0:03:13.739608
56,2,17525,16278,0:03:54.953320
57,2,2184,1929,0:00:37.400147
58,2,704,609,0:00:17.279177
59,2,2555,2287,0:00:33.553044
60,2,1086,1033,0:00:16.074829
61,2,1423,1251,0:00:21.006008
62,2,2047,1805,0:00:28.266998
63,2,1327,1098,0:00:17.849545
64,2,549,458,0:00:06.437122
65,2,1336,1207,0:00:18.735040
66,2,1558,1455,0:00:18.277271
67,2,677,525,0:00:07.690294
68,2,-1,-1,-1
69,2,1283,1183,0:00:17.486117
70,2,1840,1337,0:04:52.331504
71,2,2026,1687,0:02:22.274111
72,2,3420,2659,0:09:18.024421
73,2,1994,1665,0:02:24.845666
74,2,807,613,0:01:07.782128
75,2,2166,1623,0:03:01.996901
76,2,2356,1925,0:05:21.763464
77,2,958,756,0:01:27.920991
78,2,1497,1265,0:03:32.261881
79,2,2427,1923,0:05:30.786806
80,2,4874,4643,0:00:54.589182
81,2,6252,5862,0:00:42.340350
82,2,12731,12001,0:00:58.363438
83,2,6391,6032,0:00:38.908922
84,2,1310,1167,0:00:09.760198
85,2,6193,5838,0:01:30.715619
86,2,7005,6665,0:01:26.251289
87,2,1993,1847,0:00:18.278148
88,2,-1,-1,-1
89,2,6038,5674,0:00:55.805540
90,2,8714,7580,0:04:11.899874
91,2,10332,9365,0:10:12.398869
92,2,21008,19756,0:17:06.774507
93,2,11778,10130,0:11:25.823913
94,2,1919,1577,0:01:01.752150
95,2,10599,9664,0:05:14.338975
96,2,11898,10970,0:09:26.200990
97,2,3265,2878,0:01:58.687563
98,2,2472,1959,0:03:16.614193
99,2,9836,9049,0:05:28.958710
100,2,15321,14627,0:01:25.741716
101,2,18886,18016,0:01:45.475197
102,2,37706,36659,0:02:00.866630
103,2,20467,19322,0:01:46.455415
104,2,3229,3146,0:00:15.369540
105,2,18541,17931,0:01:37.148693
106,2,20479,19686,0:03:11.797893
107,2,6329,5936,0:00:24.696008
108,2,-1,-1,-1
109,2,17974,17269,0:01:50.645505
110,2,25633,23408,0:40:14.420077
111,2,30509,28116,0:28:42.371730
112,2,62590,59618,0:39:59.182793
113,2,33147,30337,0:11:07.190535
114,2,5812,5252,0:01:54.253628
115,2,30330,28104,0:19:46.537510
116,2,34858,32907,0:24:55.593638
117,2,10368,9480,0:04:47.860349
118,2,6952,5865,0:04:52.692743
119,2,30207,28019,0:19:27.814562
120,2,3014,2778,0:01:10.547687
121,2,3971,3454,0:01:26.603335
122,2,-1,-1,-1
123,2,-1,-1,-1
124,2,1928,1633,0:00:55.263068
125,2,-1,-1,-1
126,2,2917,2725,0:01:23.486726
127,2,1697,1492,0:00:39.554897
128,2,-1,-1,-1
129,2,3253,2763,0:00:55.543257
130,2,4979,4210,0:09:09.796583
131,2,6626,5429,0:13:47.223532
132,2,5322,4459,0:08:40.354449
133,2,4383,3618,0:06:27.812366
134,2,3315,2602,0:04:47.809335
135,2,4645,3917,0:10:43.617110
136,2,4979,4046,0:15:21.190503
137,2,3082,2288,0:05:59.040695
138,2,3871,3137,0:06:54.318808
139,2,5004,3902,0:15:49.512128
140,2,17451,16510,0:02:04.919170
141,2,23512,22497,0:03:23.931363
142,2,-1,-1,-1
143,2,-1,-1,-1
144,2,4930,4450,0:01:20.047462
145,2,-1,-1,-1
146,2,15155,13875,0:03:30.841450
147,2,4330,4059,0:00:54.562674
148,2,-1,-1,-1
149,2,14149,13146,0:03:55.059427
150,2,28956,26230,0:28:20.049614
151,2,38898,35724,0:28:31.210898
152,2,22448,19891,0:23:46.037471
153,2,16566,15000,0:18:47.007794
154,2,8141,6995,0:10:25.227886
155,2,21619,19573,0:12:53.228505
156,2,23970,21598,0:51:19.966310
157,2,7510,6347,0:14:15.835630
158,2,8519,7435,0:22:08.856203
159,2,23953,20926,0:22:58.957121
160,2,51501,49197,0:03:34.491622
161,2,73902,70965,0:07:15.270386
162,2,-1,-1,-1
163,2,-1,-1,-1
164,2,14776,14069,0:02:47.971590
165,2,-1,-1,-1
166,2,42916,41828,0:03:49.566836
167,2,13442,12727,0:01:28.185777
168,2,-1,-1,-1
169,2,42965,41411,0:06:26.383180
170,2,89129,82134,0:50:06.883824
171,2,122147,115510,1:30:44.613023
172,2,65273,60292,1:11:01.857811
173,2,51907,47461,0:39:42.753021
174,2,26036,23545,0:13:54.087698
175,2,66098,62254,0:38:52.351238
176,2,73781,69334,0:45:10.079035
177,2,22924,20971,0:20:02.643316
178,2,26382,23882,0:42:05.455716
179,2,74549,69136,0:38:10.926062
180,2,6000,5392,0:06:51.403725
181,2,5540,4804,0:03:03.041115
182,2,-1,-1,-1
183,2,-1,-1,-1
184,2,3426,2931,0:01:41.777451
185,2,-1,-1,-1
186,2,5075,4665,0:02:34.387368
187,2,4369,3837,0:01:58.533958
188,2,-1,-1,-1
189,2,4442,3844,0:02:53.352657
190,2,10699,8561,0:26:18.325631
191,2,9787,7986,0:15:45.985591
192,2,8275,6315,0:34:36.806238
193,2,8738,6687,0:16:12.085229
194,2,5625,4516,0:11:11.495081
195,2,8299,6388,0:22:56.602296
196,2,9366,7391,0:25:08.213112
197,2,7366,5903,0:25:19.377479
198,2,6864,5661,0:13:16.918495
199,2,6943,5631,0:20:40.567172
200,2,36812,34735,0:07:48.324074
201,2,27616,26652,0:06:15.159353
202,2,-1,-1,-1
203,2,-1,-1,-1
204,2,11135,10376,0:05:12.357515
205,2,-1,-1,-1
206,2,19713,18335,0:06:06.551495
207,2,16347,15275,0:03:25.581593
208,2,-1,-1,-1
209,2,16839,15597,0:02:27.211363
210,2,63499,56822,0:52:56.249947
211,2,46202,41761,0:41:31.522333
212,2,27328,24015,0:34:46.703055
213,2,35894,32397,0:30:25.949279
214,2,18468,16044,0:32:05.188453
215,2,31423,28050,0:38:35.438252
216,2,32128,29068,1:18:14.545723
217,2,25653,23173,0:30:13.224347
218,2,21468,18886,0:26:38.787377
219,2,26656,23693,0:55:27.556679
220,2,112618,108683,0:21:51.095751
221,2,83293,79972,0:13:20.443419
222,2,-1,-1,-1
223,2,-1,-1,-1
224,2,32926,30775,0:09:40.104439
225,2,-1,-1,-1
226,2,60832,57754,0:08:02.864128
227,2,49542,46505,0:07:38.148958
228,2,-1,-1,-1
229,2,49873,47325,0:05:28.022283
230,2,190965,177594,2:29:44.437378
231,2,140460,131579,2:11:57.913725
232,2,80054,73955,1:39:13.689040
233,2,108322,98976,2:14:48.589134
234,2,55912,50552,1:07:23.149818
235,2,95033,87223,1:07:29.632413
236,2,101210,93951,2:36:21.479908
237,2,82213,75950,1:31:18.362470
238,2,63044,57403,1:30:06.548915
239,2,84323,77330,2:08:36.675403
0,3,234,197,0:00:02.583846
1,3,279,264,0:00:02.642703
2,3,350,309,0:00:06.041961
3,3,383,352,0:00:07.762017
4,3,-1,-1,-1
5,3,425,349,0:00:05.077514
6,3,328,318,0:00:04.997291
7,3,105,97,0:00:01.598098
8,3,-1,-1,-1
9,3,189,118,0:00:01.864255
10,3,295,231,0:00:13.897692
11,3,475,315,0:00:20.001915
12,3,465,341,0:00:32.484240
13,3,476,413,0:00:18.556556
14,3,74,47,0:00:03.018809
15,3,843,612,0:00:40.019272
16,3,700,474,0:00:31.845043
17,3,183,121,0:00:05.237104
18,3,297,198,0:00:10.701859
19,3,317,205,0:00:21.745350
20,3,1267,1143,0:00:07.271210
21,3,1099,962,0:00:09.779767
22,3,1187,1086,0:00:09.431683
23,3,2267,2091,0:00:16.015034
24,3,-1,-1,-1
25,3,3225,3016,0:00:09.673742
26,3,3313,3097,0:00:11.296789
27,3,370,351,0:00:03.622954
28,3,-1,-1,-1
29,3,471,404,0:00:02.391083
30,3,1993,1652,0:00:42.837347
31,3,1924,1594,0:00:46.466129
32,3,1966,1483,0:01:20.685206
33,3,3660,3198,0:01:08.796668
34,3,67,51,0:00:05.398631
35,3,5001,4576,0:01:59.861579
36,3,5890,5205,0:01:35.477066
37,3,643,592,0:00:12.593817
38,3,273,198,0:00:11.647016
39,3,749,605,0:00:28.575020
40,3,3563,3380,0:00:19.870224
41,3,3831,3526,0:00:23.519412
42,3,3895,3612,0:00:21.086873
43,3,6961,6550,0:00:28.692551
44,3,-1,-1,-1
45,3,8576,8343,0:00:35.938382
46,3,10297,9677,0:00:32.832519
47,3,1467,1340,0:00:02.674752
48,3,-1,-1,-1
49,3,1465,1367,0:00:10.799707
50,3,5972,5294,0:01:19.978529
51,3,5875,5239,0:02:14.497007
52,3,7166,5691,0:05:05.538850
53,3,11923,10286,0:04:04.842774
54,3,360,274,0:00:08.680173
55,3,13741,12811,0:03:24.560300
56,3,18272,16168,0:04:15.444731
57,3,2152,1894,0:01:28.131711
58,3,743,582,0:00:18.936210
59,3,2583,2253,0:00:32.954583
60,3,-1,-1,-1
61,3,1371,1208,0:00:26.122400
62,3,1950,1761,0:00:36.074315
63,3,-1,-1,-1
64,3,-1,-1,-1
65,3,-1,-1,-1
66,3,-1,-1,-1
67,3,612,520,0:00:12.638831
68,3,-1,-1,-1
69,3,1332,1173,0:00:21.789439
70,3,1708,1312,0:04:39.676967
71,3,2066,1652,0:04:46.349713
72,3,3271,2612,0:04:58.313155
73,3,1982,1616,0:03:50.805800
74,3,756,605,0:01:25.456476
75,3,1986,1577,0:05:06.291918
76,3,2617,1872,0:03:29.340980
77,3,890,752,0:00:55.295814
78,3,1722,1206,0:02:24.301352
79,3,2311,1881,0:02:41.659641
80,3,-1,-1,-1
81,3,6178,5824,0:01:06.646855
82,3,12726,11883,0:01:11.594513
83,3,-1,-1,-1
84,3,-1,-1,-1
85,3,-1,-1,-1
86,3,-1,-1,-1
87,3,1946,1847,0:00:40.664604
88,3,-1,-1,-1
89,3,5976,5594,0:01:01.368216
90,3,8304,7412,0:05:57.512796
91,3,10431,9187,0:08:27.336430
92,3,21882,19467,0:16:41.653617
93,3,11613,10047,0:07:37.671212
94,3,1948,1475,0:01:34.257301
95,3,10805,9532,0:06:40.584026
96,3,12058,10805,0:05:53.111233
97,3,3421,2817,0:01:51.016791
98,3,2387,1898,0:03:08.551269
99,3,10221,8905,0:06:55.404679
100,3,-1,-1,-1
101,3,18613,17983,0:01:23.174240
102,3,38329,36491,0:03:00.811639
103,3,-1,-1,-1
104,3,-1,-1,-1
105,3,-1,-1,-1
106,3,-1,-1,-1
107,3,6194,5927,0:00:28.739910
108,3,-1,-1,-1
109,3,17895,17234,0:01:30.328999
110,3,25947,23105,0:11:50.075635
111,3,31853,28010,0:19:37.252062
112,3,63827,59530,0:51:24.547583
113,3,32908,29960,0:14:59.516225
114,3,6173,5234,0:04:50.349253
115,3,30898,27870,0:17:06.087114
116,3,34543,32624,0:20:28.632112
117,3,10306,9397,0:11:31.724725
118,3,6989,5795,0:03:38.413810
119,3,30527,27700,0:25:14.312624
120,3,-1,-1,-1
121,3,3635,3309,0:01:49.285392
122,3,-1,-1,-1
123,3,-1,-1,-1
124,3,-1,-1,-1
125,3,-1,-1,-1
126,3,-1,-1,-1
127,3,-1,-1,-1
128,3,-1,-1,-1
129,3,-1,-1,-1
130,3,5112,4055,0:13:32.463155
131,3,6662,5262,0:17:30.181085
132,3,5000,4193,0:16:35.773195
133,3,4234,3511,0:07:49.297721
134,3,3335,2518,0:05:08.115696
135,3,4726,3810,0:12:32.398102
136,3,5318,3989,0:22:47.751990
137,3,2826,2209,0:03:56.988029
138,3,4008,3024,0:12:58.404768
139,3,5014,3818,0:15:15.931532
140,3,-1,-1,-1
141,3,23582,22431,0:04:28.702698
142,3,-1,-1,-1
143,3,-1,-1,-1
144,3,-1,-1,-1
145,3,-1,-1,-1
146,3,-1,-1,-1
147,3,-1,-1,-1
148,3,-1,-1,-1
149,3,-1,-1,-1
150,3,29098,25958,0:29:05.439474
151,3,39905,35345,1:13:22.070110
152,3,22310,19702,0:22:12.252154
153,3,16757,14910,0:23:48.832704
154,3,8374,6943,0:11:32.901736
155,3,22018,19365,0:25:14.394003
156,3,24841,21506,0:25:01.283020
157,3,7399,6110,0:08:53.725385
158,3,9042,7388,0:12:21.060917
159,3,23952,20677,0:27:51.083156
160,3,-1,-1,-1
161,3,73854,70729,0:11:21.861069
162,3,-1,-1,-1
163,3,-1,-1,-1
164,3,-1,-1,-1
165,3,-1,-1,-1
166,3,-1,-1,-1
167,3,-1,-1,-1
168,3,-1,-1,-1
169,3,-1,-1,-1
170,3,88828,81810,0:46:32.315380
171,3,124411,114795,1:19:36.437444
172,3,66314,59960,0:46:25.235967
173,3,51742,47021,0:49:57.535866
174,3,26305,23367,0:16:04.148227
175,3,68053,61752,0:42:24.065540
176,3,76561,68871,3:16:49.972383
177,3,23353,20683,0:13:59.441176
178,3,27593,23792,0:29:15.286577
179,3,74368,68441,1:05:45.509266
180,3,-1,-1,-1
181,3,-1,-1,-1
182,3,-1,-1,-1
183,3,-1,-1,-1
184,3,-1,-1,-1
185,3,-1,-1,-1
186,3,-1,-1,-1
187,3,-1,-1,-1
188,3,-1,-1,-1
189,3,-1,-1,-1
190,3,10701,8274,0:57:14.504311
191,3,9421,7790,0:18:31.157349
192,3,8163,6233,0:25:40.741113
193,3,8242,6447,0:50:01.423552
194,3,5709,4393,0:18:34.759790
195,3,8068,6204,0:18:16.796545
196,3,9284,7167,0:26:50.374662
197,3,7116,5694,0:23:07.903662
198,3,7364,5555,0:13:43.204732
199,3,7102,5533,0:31:00.967262
200,3,-1,-1,-1
201,3,-1,-1,-1
202,3,-1,-1,-1
203,3,-1,-1,-1
204,3,-1,-1,-1
205,3,-1,-1,-1
206,3,-1,-1,-1
207,3,-1,-1,-1
208,3,-1,-1,-1
209,3,-1,-1,-1
210,3,63273,56030,1:34:06.146326
211,3,46469,41197,0:44:46.249768
212,3,27484,23788,0:37:04.247130
213,3,36297,31974,0:42:23.192001
214,3,18213,15772,0:18:49.372803
215,3,31877,27765,0:39:47.047486
216,3,33041,28587,1:01:36.569101
217,3,26929,22936,0:34:36.923311
218,3,21953,18590,0:31:26.352963
219,3,27061,23493,0:36:25.911799
220,3,-1,-1,-1
221,3,-1,-1,-1
222,3,-1,-1,-1
223,3,-1,-1,-1
224,3,-1,-1,-1
225,3,-1,-1,-1
226,3,-1,-1,-1
227,3,-1,-1,-1
228,3,-1,-1,-1
229,3,-1,-1,-1
230,3,192774,176501,3:03:15.670940
231,3,141947,131023,2:59:41.220702
232,3,81550,73675,1:00:44.602940
233,3,106032,98235,1:27:32.918821
234,3,57383,50207,0:56:05.046588
235,3,95264,86909,2:08:32.319058
236,3,102190,93286,1:39:34.629735
237,3,83554,75275,1:56:57.125647
238,3,64043,57221,1:29:30.174064
239,3,85052,76887,1:14:46.006361
