0,1,237,207,0:00:04.306891
1,1,331,310,0:00:05.019924
2,1,333,314,0:00:05.449282
3,1,388,360,0:00:06.358075
4,1,44,33,0:00:02.616315
5,1,490,415,0:00:05.831130
6,1,386,363,0:00:07.669045
7,1,109,104,0:00:03.331057
8,1,165,143,0:00:04.053836
9,1,211,163,0:00:04.018521
10,1,377,289,0:00:17.736962
11,1,511,373,0:00:24.601615
12,1,481,369,0:00:44.062429
13,1,592,463,0:00:24.197797
14,1,114,76,0:00:05.099271
15,1,913,740,0:00:41.385445
16,1,791,585,0:00:34.626245
17,1,190,144,0:00:08.643587
18,1,339,242,0:00:15.836062
19,1,332,242,0:00:14.085014
20,1,1278,1145,0:00:05.534711
21,1,1074,980,0:00:06.652461
22,1,1169,1088,0:00:05.751603
23,1,2475,2194,0:00:08.840961
24,1,72,62,0:00:02.767486
25,1,3246,3136,0:00:09.265342
26,1,3322,3198,0:00:08.792133
27,1,407,351,0:00:05.384665
28,1,168,143,0:00:04.045739
29,1,491,469,0:00:04.044024
30,1,2025,1805,0:00:39.264340
31,1,1975,1788,0:00:42.593091
32,1,1754,1548,0:00:48.587218
33,1,3745,3427,0:01:08.581385
34,1,122,55,0:00:05.676992
35,1,5312,4838,0:02:40.466404
36,1,5990,5535,0:01:55.737133
37,1,741,663,0:00:13.249926
38,1,343,242,0:00:17.769179
39,1,864,706,0:00:22.692483
40,1,3523,3386,0:00:09.408113
41,1,3980,3630,0:00:08.077281
42,1,3922,3781,0:00:08.629578
43,1,6804,6708,0:00:14.463440
44,1,218,210,0:00:03.013969
45,1,8766,8711,0:00:24.269867
46,1,10270,9918,0:00:20.869590
47,1,1481,1364,0:00:04.287461
48,1,382,340,0:00:04.903937
49,1,1492,1377,0:00:07.228941
50,1,5607,5396,0:01:17.744158
51,1,6120,5468,0:02:11.366721
52,1,6672,6146,0:01:40.631555
53,1,11230,10621,0:05:34.889704
54,1,362,285,0:00:07.109910
55,1,14467,12856,0:03:17.244122
56,1,17828,16662,0:03:24.930792
57,1,2092,1930,0:00:29.589076
58,1,794,639,0:00:31.111591
59,1,2649,2392,0:00:35.451869
60,1,1176,1070,0:00:25.144664
61,1,1483,1310,0:00:20.897183
62,1,2072,1938,0:00:29.492350
63,1,1299,1157,0:00:19.261468
64,1,552,474,0:00:08.444436
65,1,1397,1268,0:00:18.009898
66,1,1659,1515,0:00:23.239762
67,1,695,555,0:00:11.452976
68,1,951,836,0:00:14.512748
69,1,1306,1213,0:00:18.275721
70,1,1883,1432,0:02:11.867588
71,1,2056,1739,0:02:29.939312
72,1,3405,2751,0:07:14.287616
73,1,2146,1780,0:04:45.077911
74,1,813,650,0:01:43.022131
75,1,1971,1709,0:04:02.624201
76,1,2350,1997,0:03:13.166906
77,1,1026,804,0:00:58.460597
78,1,1593,1290,0:02:22.303482
79,1,2282,2017,0:02:06.963368
80,1,5351,4822,0:00:34.472213
81,1,6134,5965,0:00:30.210015
82,1,13269,12339,0:00:46.251505
83,1,6540,6150,0:00:34.257009
84,1,1289,1158,0:00:11.619158
85,1,6309,5939,0:00:44.151955
86,1,7131,6794,0:00:43.456294
87,1,2036,1891,0:00:15.526819
88,1,1418,1261,0:00:17.225482
89,1,5959,5784,0:01:11.325099
90,1,8672,7795,0:08:23.816549
91,1,10227,9543,0:08:06.990921
92,1,21486,20167,0:10:22.651084
93,1,11191,10512,0:09:08.997998
94,1,2028,1634,0:01:01.624704
95,1,10715,9824,0:08:07.877007
96,1,12202,11116,0:13:26.608227
97,1,3372,2955,0:01:33.425298
98,1,2443,2044,0:04:13.303203
99,1,10067,9197,0:04:43.311899
100,1,15232,14807,0:00:56.887990
101,1,18579,18154,0:01:23.972488
102,1,38013,37220,0:02:18.703665
103,1,20353,19548,0:01:12.392039
104,1,3365,3199,0:00:14.668654
105,1,18737,18012,0:01:14.020899
106,1,20707,19992,0:01:08.910150
107,1,6128,5979,0:00:27.097523
108,1,4207,3852,0:00:23.853774
109,1,18126,17507,0:01:01.920735
110,1,25736,23845,0:14:23.675639
111,1,30270,28272,0:15:42.303383
112,1,62013,59841,0:32:25.131023
113,1,32601,30649,0:31:01.887571
114,1,5793,5359,0:01:55.798595
115,1,31593,28323,0:22:21.458700
116,1,34499,33163,0:13:16.019858
117,1,10775,9559,0:04:35.198898
118,1,6695,6058,0:03:26.892124
119,1,30242,28526,0:22:14.162513
120,1,3184,2850,0:01:16.490397
121,1,3961,3680,0:02:37.075503
122,1,3732,3272,0:01:42.891890
123,1,3070,2797,0:01:03.461992
124,1,1865,1720,0:00:41.441565
125,1,2928,2687,0:01:47.767924
126,1,3057,2800,0:02:05.661400
127,1,1801,1593,0:00:33.652098
128,1,2295,2083,0:01:50.381127
129,1,3282,2941,0:00:51.161937
130,1,5278,4329,0:12:55.337385
131,1,6614,5670,0:10:55.279668
132,1,5817,4815,0:12:26.578789
133,1,4398,3786,0:07:43.025005
134,1,3281,2701,0:04:58.757483
135,1,5031,4085,0:13:34.213352
136,1,5201,4202,0:18:51.455745
137,1,3087,2410,0:05:45.754712
138,1,3900,3269,0:09:26.319114
139,1,5101,4090,0:11:26.321507
140,1,17312,16864,0:01:55.673946
141,1,23658,22789,0:04:13.422211
142,1,13777,12991,0:01:31.819859
143,1,10234,9640,0:03:23.419790
144,1,4831,4503,0:01:06.334193
145,1,12975,12593,0:02:32.167404
146,1,15248,14360,0:01:59.971837
147,1,4357,4086,0:00:49.537094
148,1,5513,5228,0:01:05.584436
149,1,14403,13382,0:01:58.758305
150,1,29541,26799,0:21:03.586445
151,1,39277,36279,0:37:48.951802
152,1,22297,20079,0:21:02.706244
153,1,16914,15272,0:23:14.435901
154,1,8103,7216,0:06:34.914448
155,1,22021,20065,0:12:35.889638
156,1,23978,21891,0:38:21.687637
157,1,7412,6557,0:08:58.116306
158,1,8464,7543,0:09:50.038293
159,1,23798,21502,0:44:50.991837
160,1,51476,49968,0:03:37.842091
161,1,73362,71727,0:03:49.488592
162,1,38196,37204,0:04:08.024594
163,1,30398,29582,0:02:00.620530
164,1,14701,14114,0:01:30.777233
165,1,38271,36850,0:05:55.590812
166,1,43160,42106,0:03:08.686450
167,1,13807,12974,0:01:30.671943
168,1,16096,15218,0:01:23.140024
169,1,43150,41822,0:03:31.549456
170,1,88533,83223,1:26:45.243688
171,1,121474,116535,0:55:53.474858
172,1,64307,60820,0:55:13.311893
173,1,51263,47927,0:52:49.804061
174,1,26186,23940,0:28:08.247297
175,1,66717,62539,0:53:26.056224
176,1,74463,69715,0:51:21.745318
177,1,22768,21200,0:16:25.980668
178,1,26283,24067,0:22:52.219308
179,1,73748,69754,1:14:35.111512
180,1,6164,5573,0:03:41.208893
181,1,5499,5029,0:04:32.671467
182,1,4721,4373,0:03:36.715106
183,1,4966,4483,0:03:48.918813
184,1,3355,3096,0:02:57.472318
185,1,4710,4362,0:01:59.304969
186,1,5396,4866,0:03:00.021417
187,1,4348,3964,0:02:23.457579
188,1,4236,3888,0:02:01.856556
189,1,4655,4126,0:02:22.897031
190,1,10627,8942,0:17:43.822696
191,1,9743,8307,0:28:22.905959
192,1,8199,6529,0:21:40.669288
193,1,8515,7047,0:23:12.566919
194,1,5696,4715,0:14:08.696651
195,1,7964,6702,0:15:49.007636
196,1,9344,7705,0:35:25.759489
197,1,7507,6209,0:15:48.927307
198,1,7208,5862,0:11:33.824178
199,1,7318,5860,0:28:29.675735
200,1,37116,35260,0:06:00.073075
201,1,28286,27115,0:05:32.393723
202,1,16099,15440,0:04:10.223721
203,1,21367,20325,0:04:02.467569
204,1,11359,10661,0:02:48.298148
205,1,18821,18119,0:05:10.496636
206,1,19434,18575,0:04:06.884404
207,1,16463,15648,0:02:36.175020
208,1,13066,12217,0:04:31.051873
209,1,17157,15926,0:02:35.200242
210,1,62308,58092,1:02:42.821021
211,1,45820,42390,0:53:44.419196
212,1,26879,24368,1:03:22.306255
213,1,35800,32984,0:47:09.752508
214,1,18524,16537,0:20:46.015824
215,1,31524,28464,0:46:33.743559
216,1,32415,29575,0:51:44.363317
217,1,26661,23644,0:39:33.250039
218,1,21672,19371,0:38:47.312882
219,1,26596,24212,0:25:16.430109
220,1,112991,109745,0:08:32.666580
221,1,83980,81114,0:08:21.413554
222,1,48206,46071,0:05:36.595430
223,1,61768,60074,0:07:53.544824
224,1,32442,31221,0:03:33.842658
225,1,55757,53913,0:05:31.885094
226,1,60550,58190,0:06:30.789081
227,1,48359,46954,0:09:01.345313
228,1,38026,36355,0:05:43.840248
229,1,49993,47908,0:04:42.707201
230,1,190914,179989,3:15:30.661067
231,1,141473,132423,2:19:57.083561
232,1,78947,74660,0:52:07.222933
233,1,106176,100009,1:13:35.253125
234,1,54758,50969,0:45:55.921922
235,1,93184,87878,1:01:12.136660
236,1,101133,95057,1:04:51.466747
237,1,82492,76876,0:52:27.216478
238,1,62103,57876,0:41:59.961938
239,1,82948,78253,1:26:26.186759
0,2,225,201,0:00:06.474923
1,2,296,282,0:00:06.605584
2,2,343,310,0:00:07.655745
3,2,387,356,0:00:09.678939
4,2,31,30,0:00:03.138243
5,2,466,375,0:00:07.070981
6,2,376,327,0:00:08.422465
7,2,116,98,0:00:03.955236
8,2,-1,-1,-1
9,2,195,136,0:00:04.387581
10,2,319,248,0:00:18.089021
11,2,501,337,0:00:24.665182
12,2,553,353,0:00:31.089826
13,2,546,432,0:00:24.431408
14,2,100,56,0:00:05.528484
15,2,880,671,0:00:52.722843
16,2,745,523,0:00:45.924822
17,2,165,127,0:00:11.523717
18,2,294,220,0:00:20.745283
19,2,295,218,0:00:25.958813
20,2,1275,1143,0:00:10.395656
21,2,1107,972,0:00:10.676480
22,2,1150,1086,0:00:10.569487
23,2,2245,2112,0:00:15.303186
24,2,66,57,0:00:03.757673
25,2,3270,3058,0:00:13.435155
26,2,3260,3132,0:00:13.633396
27,2,411,351,0:00:06.269703
28,2,-1,-1,-1
29,2,493,433,0:00:06.183809
30,2,2074,1725,0:01:04.253473
31,2,1947,1678,0:00:51.644478
32,2,1912,1487,0:01:01.451949
33,2,3607,3252,0:01:13.894916
34,2,93,51,0:00:05.404489
35,2,5472,4688,0:04:36.592878
36,2,5793,5306,0:01:38.330547
37,2,712,617,0:00:14.624225
38,2,339,220,0:00:16.735471
39,2,745,656,0:00:27.085897
40,2,3535,3380,0:00:17.838484
41,2,3718,3570,0:00:11.916321
42,2,3885,3678,0:00:12.155814
43,2,6901,6564,0:00:18.711941
44,2,225,210,0:00:03.067538
45,2,8760,8527,0:00:27.536962
46,2,9918,9849,0:00:27.654274
47,2,1492,1364,0:00:09.046670
48,2,-1,-1,-1
49,2,1470,1367,0:00:09.727062
50,2,5762,5324,0:01:28.295800
51,2,6299,5324,0:02:19.805789
52,2,6314,5877,0:01:31.403042
53,2,11347,10365,0:04:07.047609
54,2,345,274,0:00:11.755858
55,2,14273,12830,0:03:33.388830
56,2,17493,16278,0:03:40.246323
57,2,2140,1929,0:00:44.554189
58,2,765,601,0:00:25.067196
59,2,2761,2283,0:01:02.956061
60,2,1108,1032,0:00:24.808433
61,2,1402,1251,0:00:29.880511
62,2,2006,1805,0:00:29.392570
63,2,1209,1098,0:00:26.612360
64,2,576,458,0:00:11.967998
65,2,1352,1207,0:00:25.214140
66,2,1610,1435,0:00:32.496487
67,2,710,525,0:00:14.973908
68,2,-1,-1,-1
69,2,1300,1183,0:00:24.328223
70,2,1774,1336,0:05:34.228487
71,2,2119,1686,0:03:30.372920
72,2,3229,2660,0:04:25.966169
73,2,2095,1667,0:02:53.170712
74,2,852,615,0:01:03.025807
75,2,2189,1623,0:05:11.493266
76,2,2441,1917,0:04:23.342383
77,2,1012,754,0:00:56.402333
78,2,1717,1260,0:02:04.699438
79,2,2372,1926,0:04:54.079676
80,2,4835,4643,0:00:45.937984
81,2,6232,5836,0:00:54.952512
82,2,13414,11996,0:01:15.992053
83,2,6510,6032,0:00:45.252080
84,2,1321,1150,0:00:18.672581
85,2,6321,5838,0:01:08.482004
86,2,7089,6694,0:01:14.466455
87,2,2059,1847,0:00:22.527948
88,2,-1,-1,-1
89,2,5970,5674,0:01:00.131386
90,2,8759,7578,0:07:40.418310
91,2,10554,9344,0:06:25.587767
92,2,22086,19688,0:26:51.532265
93,2,11708,10128,0:07:19.617547
94,2,2095,1578,0:01:11.275329
95,2,10759,9514,0:05:29.993171
96,2,12153,10973,0:07:17.987715
97,2,3414,2874,0:02:26.194293
98,2,2499,1951,0:02:38.687965
99,2,10148,9019,0:06:12.453564
100,2,14993,14627,0:01:10.617027
101,2,18560,17929,0:01:34.544302
102,2,38445,36654,0:02:46.526385
103,2,20338,19322,0:01:44.500249
104,2,3339,3168,0:00:21.015233
105,2,18530,17872,0:02:53.165055
106,2,20182,19673,0:02:04.018176
107,2,6365,5936,0:00:30.583706
108,2,-1,-1,-1
109,2,17968,17281,0:01:20.975731
110,2,25731,23449,0:13:28.089239
111,2,30637,28109,0:20:07.648795
112,2,63202,59611,0:53:37.264935
113,2,33693,30383,0:11:43.647151
114,2,6301,5230,0:04:26.889537
115,2,30719,28104,0:13:48.156489
116,2,34435,32907,0:20:36.017920
117,2,10949,9481,0:04:32.184704
118,2,7235,5864,0:07:16.431918
119,2,30984,28018,0:14:05.072254
120,2,3183,2777,0:02:38.673104
121,2,3874,3428,0:01:48.511883
122,2,-1,-1,-1
123,2,-1,-1,-1
124,2,1802,1635,0:01:29.304075
125,2,-1,-1,-1
126,2,3119,2721,0:01:47.169268
127,2,1794,1492,0:00:44.495572
128,2,-1,-1,-1
129,2,3297,2760,0:01:22.849498
130,2,5023,4189,0:11:52.117754
131,2,6820,5451,0:18:19.495789
132,2,5806,4446,0:14:17.350711
133,2,4551,3581,0:12:03.046681
134,2,3353,2575,0:04:46.080617
135,2,4846,3905,0:10:16.658095
136,2,5438,4048,0:18:13.980329
137,2,2933,2291,0:05:08.520603
138,2,3993,3114,0:15:06.903915
139,2,4989,3895,0:14:49.410060
140,2,17381,16510,0:02:51.552716
141,2,23824,22497,0:05:34.471728
142,2,-1,-1,-1
143,2,-1,-1,-1
144,2,5047,4451,0:01:10.963327
145,2,-1,-1,-1
146,2,15150,13875,0:03:58.960288
147,2,4365,4047,0:01:30.950523
148,2,-1,-1,-1
149,2,14262,13146,0:02:51.161220
150,2,29198,26221,1:03:48.792705
151,2,40251,35676,1:10:20.153151
152,2,22284,19847,0:19:57.769561
153,2,16771,14999,0:37:18.827087
154,2,8651,6993,0:11:16.068695
155,2,22916,19574,0:14:57.700963
156,2,24213,21600,0:35:56.239111
157,2,7344,6287,0:12:53.884110
158,2,8577,7425,0:16:31.726874
159,2,24035,20934,0:18:41.746733
160,2,51280,49197,0:04:08.604873
161,2,73422,70965,0:09:39.662320
162,2,-1,-1,-1
163,2,-1,-1,-1
164,2,15088,14075,0:01:50.042282
165,2,-1,-1,-1
166,2,42956,41808,0:04:58.537738
167,2,13678,12727,0:01:38.652619
168,2,-1,-1,-1
169,2,43082,41411,0:11:06.282198
170,2,88767,82112,0:39:54.422786
171,2,124220,115478,1:06:12.809405
172,2,66047,60287,0:43:06.062050
173,2,53242,47460,0:55:26.274054
174,2,26086,23511,0:18:51.283083
175,2,67165,62164,1:13:02.537893
176,2,75372,69342,1:30:10.401992
177,2,23297,20984,0:30:22.527189
178,2,25741,23888,0:20:34.409046
179,2,74618,69135,1:24:40.413754
180,2,6031,5387,0:04:36.392341
181,2,5422,4776,0:05:49.380376
182,2,-1,-1,-1
183,2,-1,-1,-1
184,2,3427,2933,0:02:02.721867
185,2,-1,-1,-1
186,2,5242,4663,0:03:52.611799
187,2,4474,3827,0:03:05.489131
188,2,-1,-1,-1
189,2,4208,3844,0:02:14.837483
190,2,10414,8536,0:49:24.819490
191,2,9823,7975,0:32:06.247654
192,2,8239,6302,0:16:36.292302
193,2,8355,6690,0:15:49.194675
194,2,5785,4501,0:32:03.787086
195,2,8274,6390,0:31:17.648882
196,2,8821,7405,0:31:36.352619
197,2,7274,5900,0:25:50.750190
198,2,7186,5671,0:25:27.046727
199,2,6924,5647,0:25:38.565455
200,2,36840,34735,0:08:30.053057
201,2,28377,26630,0:07:52.190526
202,2,-1,-1,-1
203,2,-1,-1,-1
204,2,11284,10386,0:04:22.180454
205,2,-1,-1,-1
206,2,19448,18337,0:07:01.999317
207,2,16529,15277,0:05:50.582258
208,2,-1,-1,-1
209,2,16699,15616,0:03:40.437397
210,2,63235,56842,1:42:05.504022
211,2,46278,41689,1:09:33.477020
212,2,27362,23952,0:40:44.377212
213,2,36704,32302,1:10:17.355834
214,2,19013,16024,0:22:06.025275
215,2,31663,28053,0:50:21.414969
216,2,32923,29057,0:41:42.545529
217,2,26083,23181,0:43:40.217469
218,2,21975,18908,0:30:38.871957
219,2,27622,23738,0:28:03.090381
220,2,113830,108616,0:18:39.452032
221,2,83500,79877,0:12:20.093341
222,2,-1,-1,-1
223,2,-1,-1,-1
224,2,32094,30765,0:08:20.332473
225,2,-1,-1,-1
226,2,60960,57688,0:14:12.931721
227,2,48844,46537,0:11:35.873918
228,2,-1,-1,-1
229,2,49874,47281,0:07:32.016537
230,2,192862,177456,2:31:20.178096
231,2,140791,131593,4:07:40.892498
232,2,81108,74017,0:55:15.283403
233,2,107191,98929,1:47:21.041061
234,2,55312,50533,0:39:34.425190
235,2,94967,87028,1:25:11.080295
236,2,102765,94054,1:46:20.569154
237,2,82070,75768,0:47:58.015431
238,2,63860,57419,0:44:31.580643
239,2,85655,77339,1:08:22.894686
0,3,228,197,0:00:04.953526
1,3,280,264,0:00:05.232540
2,3,349,309,0:00:07.787303
3,3,399,352,0:00:10.789919
4,3,-1,-1,-1
5,3,443,349,0:00:07.809212
6,3,387,318,0:00:09.030210
7,3,103,96,0:00:04.485735
8,3,-1,-1,-1
9,3,144,118,0:00:04.171145
10,3,335,231,0:00:18.818009
11,3,481,315,0:00:29.034895
12,3,524,341,0:00:56.707837
13,3,534,413,0:00:22.704988
14,3,70,47,0:00:05.255477
15,3,887,612,0:00:47.542949
16,3,677,474,0:00:34.584314
17,3,171,121,0:00:08.017344
18,3,244,198,0:00:16.043103
19,3,308,205,0:00:17.085974
20,3,1200,1143,0:00:09.147474
21,3,1087,962,0:00:11.466155
22,3,1207,1070,0:00:19.067879
23,3,2217,2091,0:00:20.877129
24,3,-1,-1,-1
25,3,3118,3016,0:00:13.650710
26,3,3324,3097,0:00:15.236446
27,3,413,351,0:00:04.966741
28,3,-1,-1,-1
29,3,490,404,0:00:04.795711
30,3,2046,1652,0:01:50.525663
31,3,2102,1594,0:00:51.153079
32,3,1762,1483,0:01:20.756050
33,3,3774,3198,0:01:31.637082
34,3,74,51,0:00:07.747346
35,3,5438,4576,0:03:00.136682
36,3,5926,5205,0:01:54.572132
37,3,721,602,0:00:16.235157
38,3,304,198,0:00:16.352581
39,3,812,605,0:00:42.299202
40,3,3488,3380,0:00:22.405897
41,3,3763,3526,0:00:15.141132
42,3,3905,3612,0:00:16.349771
43,3,6921,6550,0:00:30.407256
44,3,-1,-1,-1
45,3,8749,8343,0:00:32.826345
46,3,10234,9677,0:00:36.385812
47,3,1464,1340,0:00:05.023391
48,3,-1,-1,-1
49,3,1426,1367,0:00:12.587728
50,3,5957,5119,0:02:28.054454
51,3,6269,5239,0:03:42.607590
52,3,6785,5691,0:03:37.705051
53,3,11591,10287,0:07:46.885789
54,3,332,274,0:00:12.622627
55,3,14342,12811,0:04:08.000799
56,3,18071,16069,0:04:53.943432
57,3,2210,1888,0:00:54.034638
58,3,771,582,0:00:21.816352
59,3,2624,2253,0:00:37.880206
60,3,-1,-1,-1
61,3,1397,1208,0:00:37.392681
62,3,2072,1761,0:00:38.330563
63,3,-1,-1,-1
64,3,-1,-1,-1
65,3,-1,-1,-1
66,3,-1,-1,-1
67,3,632,520,0:00:16.463161
68,3,-1,-1,-1
69,3,1289,1173,0:00:28.936187
70,3,1940,1306,0:03:57.353675
71,3,2169,1656,0:02:55.284008
72,3,3343,2612,0:11:12.072976
73,3,2047,1616,0:05:59.030320
74,3,796,599,0:01:36.010370
75,3,2084,1578,0:04:04.160190
76,3,2579,1873,0:03:29.542014
77,3,971,747,0:01:45.006439
78,3,1653,1203,0:02:13.710984
79,3,2457,1870,0:06:18.177396
80,3,-1,-1,-1
81,3,6148,5793,0:01:10.048858
82,3,12722,11750,0:01:27.794652
83,3,-1,-1,-1
84,3,-1,-1,-1
85,3,-1,-1,-1
86,3,-1,-1,-1
87,3,2062,1847,0:00:34.845198
88,3,-1,-1,-1
89,3,5859,5594,0:01:11.535488
90,3,9036,7469,0:08:07.589833
91,3,10573,9175,0:06:05.350668
92,3,21517,19457,0:28:47.650302
93,3,11126,9943,0:08:09.940128
94,3,2059,1473,0:01:46.692459
95,3,10643,9333,0:10:10.565970
96,3,12203,10805,0:12:20.085907
97,3,3293,2819,0:01:53.029701
98,3,2730,1895,0:04:29.323164
99,3,10233,8908,0:05:57.639998
100,3,-1,-1,-1
101,3,18787,17889,0:01:56.139936
102,3,38561,36491,0:03:18.182229
103,3,-1,-1,-1
104,3,-1,-1,-1
105,3,-1,-1,-1
106,3,-1,-1,-1
107,3,6260,5927,0:00:42.141967
108,3,-1,-1,-1
109,3,18197,17235,0:01:34.116331
110,3,26508,23102,0:16:46.708399
111,3,30744,28009,0:35:58.919300
112,3,63158,59376,0:52:12.057283
113,3,34202,29966,0:16:53.688929
114,3,6056,5168,0:03:19.544840
115,3,31015,27870,0:18:49.746598
116,3,36167,32529,0:33:06.370564
117,3,11039,9397,0:08:11.496341
118,3,7210,5795,0:07:06.965003
119,3,31436,27795,0:15:28.360884
120,3,-1,-1,-1
121,3,3728,3302,0:02:35.431183
122,3,-1,-1,-1
123,3,-1,-1,-1
124,3,-1,-1,-1
125,3,-1,-1,-1
126,3,-1,-1,-1
127,3,-1,-1,-1
128,3,-1,-1,-1
129,3,-1,-1,-1
130,3,5307,4076,0:11:52.713133
131,3,6514,5295,0:13:14.767051
132,3,5652,4188,0:13:51.586191
133,3,4657,3518,0:08:01.176387
134,3,3355,2489,0:04:53.962103
135,3,4804,3782,0:08:22.807463
136,3,5162,3994,0:11:06.257771
137,3,2927,2213,0:04:27.438367
138,3,4020,3011,0:13:16.464632
139,3,4907,3813,0:07:32.112291
140,3,-1,-1,-1
141,3,23657,22410,0:04:54.093345
142,3,-1,-1,-1
143,3,-1,-1,-1
144,3,-1,-1,-1
145,3,-1,-1,-1
146,3,-1,-1,-1
147,3,-1,-1,-1
148,3,-1,-1,-1
149,3,-1,-1,-1
150,3,28931,25955,0:35:10.641309
151,3,40338,35329,0:44:27.260034
152,3,23072,19660,0:40:06.112647
153,3,17153,14902,0:15:42.283794
154,3,8339,6931,0:09:15.301659
155,3,22171,19366,0:35:22.821867
156,3,24506,21445,0:33:51.399343
157,3,7210,6111,0:06:41.468531
158,3,9082,7358,0:25:27.877730
159,3,24121,20653,1:06:50.250768
160,3,-1,-1,-1
161,3,73064,70728,0:15:53.180190
162,3,-1,-1,-1
163,3,-1,-1,-1
164,3,-1,-1,-1
165,3,-1,-1,-1
166,3,-1,-1,-1
167,3,-1,-1,-1
168,3,-1,-1,-1
169,3,-1,-1,-1
170,3,90137,81829,0:56:18.687538
171,3,125467,114679,1:31:49.729982
172,3,65803,59873,0:37:42.911024
173,3,52452,47107,0:48:31.572343
174,3,26546,23293,0:26:29.964902
175,3,67232,61741,1:54:39.640419
176,3,77360,68772,1:50:45.901662
177,3,24247,20686,0:15:35.213332
178,3,26857,23767,0:33:49.604531
179,3,75515,68559,0:57:25.843939
180,3,-1,-1,-1
181,3,-1,-1,-1
182,3,-1,-1,-1
183,3,-1,-1,-1
184,3,-1,-1,-1
185,3,-1,-1,-1
186,3,-1,-1,-1
187,3,-1,-1,-1
188,3,-1,-1,-1
189,3,-1,-1,-1
190,3,10978,8346,0:24:46.611888
191,3,9878,7790,0:33:00.148840
192,3,7901,6209,0:22:11.552477
193,3,8576,6501,0:18:51.182014
194,3,5699,4366,0:20:34.914624
195,3,7866,6198,0:18:28.303385
196,3,8884,7162,0:36:22.779828
197,3,7391,5673,0:18:39.470105
198,3,7222,5547,0:22:41.152296
199,3,7145,5492,0:19:08.103100
200,3,-1,-1,-1
201,3,-1,-1,-1
202,3,-1,-1,-1
203,3,-1,-1,-1
204,3,-1,-1,-1
205,3,-1,-1,-1
206,3,-1,-1,-1
207,3,-1,-1,-1
208,3,-1,-1,-1
209,3,-1,-1,-1
210,3,63585,56145,1:37:24.588587
211,3,46991,41220,0:44:09.316525
212,3,27979,23706,0:59:18.659673
213,3,36803,31941,1:13:28.958035
214,3,19066,15835,0:21:39.493766
215,3,32223,27699,0:53:52.629960
216,3,33685,28769,0:46:26.547640
217,3,26271,22929,0:32:04.263279
218,3,22676,18640,0:29:56.270506
219,3,28115,23545,1:11:37.236136
220,3,-1,-1,-1
221,3,-1,-1,-1
222,3,-1,-1,-1
223,3,-1,-1,-1
224,3,-1,-1,-1
225,3,-1,-1,-1
226,3,-1,-1,-1
227,3,-1,-1,-1
228,3,-1,-1,-1
229,3,-1,-1,-1
230,3,194144,176495,4:47:33.521569
231,3,143132,131100,3:44:18.007235
232,3,82042,73564,1:21:26.412689
233,3,108599,98098,1:59:12.820527
234,3,57012,50131,1:12:00.411990
235,3,96391,86772,2:10:34.170410
236,3,103730,93367,1:20:12.720785
237,3,84233,75081,1:54:02.633893
238,3,63783,57220,2:39:10.735906
239,3,85132,76856,0:59:32.555867
