3
118 110 96
1 43 0 1 2 4 9 13 17 18 19 20 26 29 31 32 33 35 38 39 43 44 45 48 49 53 56 57 58 61 62
1 19 3 6 7 9 10 11 12 13 15 17 19 22 24 25 26 27 28 29 30 33 35 36 41 42 43 44 45 47 53 59 62 63 64 65 68
1 40 1 5 7 8 10 11 12 14 15 17 18 20 21 22 24 25 26 27 29 30 31 41 43 44 48 50 55 58 61 62 63 64
1 13 0 2 3 4 7 13 14 15 17 18 21 22 25 26 28 29 30 31 32 33 34 35 36 41 42 44 45 46 48 51 53 54 56 57 58 60 62 64 65 67 68
1 6 0 1 3 8 10 11 14 15 17 18 21 23 24 25 26 28 31 35 37 39 40 41 46 50 52 54 57 59 60 61 62 65 68
1 66 0 2 3 7 8 9 10 11 13 14 16 17 19 20 21 22 23 24 25 26 29 30 33 35 36 39 42 44 46 47 49 51 52 53 62 66 67 68
1 41 0 1 2 5 9 10 13 15 17 18 20 21 22 23 25 26 28 29 30 35 36 37 39 41 42 44 50 51 53 54 56 61 64 66
1 49 0 1 4 6 7 8 10 11 13 14 15 16 17 18 19 20 21 23 24 26 29 31 32 33 34 35 36 37 41 42 43 44 46 48 51 53 54 59 60 65 68
1 16 0 2 5 6 7 8 10 13 14 15 17 19 20 21 22 23 24 25 26 28 30 31 34 38 39 40 42 44 47 48 51 54 56 58 59 63 64 65 68
1 35 0 2 4 8 10 11 13 14 16 17 19 21 22 27 29 30 32 33 35 36 37 39 40 42 45 48 50 54 55 56 58 59 62 63 65 68
1 25 0 3 5 6 7 10 11 12 13 16 18 19 22 25 26 32 34 35 36 39 43 44 48 51 52 54 55 56 57 59 61 62 63 64 68 77
1 56 0 4 7 8 9 10 12 17 18 20 21 22 23 24 25 26 28 30 32 35 40 43 45 46 47 48 53 54 55 56 57 64 67 68
1 20 0 1 2 7 8 10 12 13 15 16 17 18 21 22 23 24 26 27 28 29 31 33 34 35 38 39 44 45 46 47 49 51 52 53 54 55 57 58 60 61 62 65
1 46 0 1 2 5 7 10 17 21 24 25 26 28 31 33 37 38 39 40 41 42 44 48 49 51 52 54 55 56 57 58 65 67
1 38 2 3 5 7 8 9 11 12 13 16 18 21 22 25 26 27 29 30 31 33 34 36 39 41 42 43 45 48 58 65 66 67 68
1 1 1 2 5 7 8 9 13 17 19 20 21 22 23 24 26 27 34 36 37 40 41 42 43 48 54 55 56 61 62 63 64 68
1 64 0 3 4 7 8 10 11 15 17 19 24 25 29 32 33 34 35 36 40 44 45 47 49 52 54 56 61 62 64 66 67
1 10 2 3 8 9 11 13 14 15 18 19 21 22 23 24 26 27 28 29 30 31 35 36 41 42 43 45 46 47 48 53 55 56 57 58 61 65 66 67
1 53 0 5 8 10 12 13 14 15 16 19 22 23 24 27 29 31 32 35 38 39 40 42 43 44 45 48 49 52 53 59 65 66
1 34 0 4 6 7 11 14 15 16 17 20 24 26 28 31 32 34 35 38 40 41 42 43 44 46 50 52 56 57 58 59 62 63
1 4 0 2 4 5 15 18 19 22 23 24 26 27 29 30 35 36 37 39 40 41 46 47 48 52 53 55 56 58 59 64 68
1 5 0 1 2 4 7 8 9 10 14 18 20 22 23 24 28 29 30 31 33 35 38 39 40 41 43 50 51 53 54 58 59 60 64 65 66
1 2 0 1 5 6 7 9 12 17 19 21 22 23 24 26 28 29 30 31 32 34 39 41 42 43 44 47 49 50 52 55 57 58 59 61 62 63 66 67 68
1 22 0 1 4 7 8 9 12 13 16 18 23 25 26 27 28 30 31 33 36 38 40 43 44 45 46 50 52 54 58 59 64
1 0 0 1 2 4 6 7 8 9 11 12 13 14 15 17 18 23 27 28 30 31 34 36 44 48 49 52 53 55 58 61 62 65 68
1 23 3 4 5 6 8 9 10 13 16 18 21 22 23 27 28 31 33 35 39 40 41 42 45 47 48 54 55 56 57 58 59 61 62 63 64 65 67
1 17 1 2 6 7 8 9 10 11 13 15 17 18 19 20 21 22 23 26 27 28 32 33 34 35 36 37 40 42 43 45 47 51 54 59 61 63 64 67
1 54 0 1 2 3 4 6 7 8 9 11 13 14 15 16 18 19 20 21 24 26 27 28 29 31 32 33 35 36 37 38 39 43 44 46 47 48 54 55 56 59 63 64 65
1 33 2 3 5 6 7 8 9 10 12 16 18 21 23 24 28 31 35 36 37 38 39 40 41 47 48 51 54 56 58 60 61 62 64 65
1 7 2 3 4 6 7 8 11 12 13 14 15 18 23 24 25 26 29 33 35 38 39 41 43 46 49 51 52 55 57 61 67 68
1 31 0 1 2 3 5 9 11 12 13 17 18 20 22 24 28 31 32 33 42 44 48 51 54 55 57 59 61 65 66
1 29 0 3 4 5 7 9 11 12 14 16 17 18 19 21 24 28 31 32 35 36 37 38 42 44 46 48 49 52 53 56 58 59 60 61 63 65 68
1 47 0 1 2 5 7 12 14 15 16 18 19 20 21 28 30 32 34 35 36 37 38 39 43 44 45 47 50 52 54 57 58 59 61 62 63 64 67
1 50 0 2 3 4 5 6 7 8 15 21 23 25 27 28 29 30 31 34 35 36 39 40 41 43 46 47 48 49 50 54 56 58 59 67 68
1 69 3 6 8 9 10 11 13 15 18 20 21 23 27 35 36 37 39 43 44 45 48 51 52 53 54 58 59 60 62 63 64 67
1 52 3 4 5 7 9 10 11 13 14 20 25 26 27 31 32 35 36 40 41 43 44 45 46 49 51 52 54 56 57 63 66 67 68
1 28 0 1 2 4 5 7 8 10 11 12 13 14 15 16 17 19 21 22 23 25 27 28 31 34 42 43 46 48 51 52 53 55 56 57 59 61 64 66 67
1 62 0 2 4 8 9 12 13 14 15 18 19 20 21 22 23 25 27 30 34 35 36 37 39 40 41 42 45 46 47 52 53 54 58 59 62 64 67
1 48 0 4 5 8 9 11 13 14 15 16 17 22 23 25 26 27 28 32 34 35 36 39 40 41 42 43 44 47 48 49 52 55 56 57 58 60 64 65 67
1 59 0 4 6 7 9 16 19 21 22 23 24 25 26 27 29 30 34 35 36 41 43 47 49 50 51 54 55 61 63 64 65 66
1 67 1 2 3 4 6 9 12 14 16 22 23 26 27 29 32 33 37 38 39 41 42 43 44 47 51 53 54 56 59 61 62 63 65 66 67 68
1 63 0 1 5 9 12 15 17 18 24 29 30 37 43 44 46 47 53 54 55 63 65
1 15 0 1 4 8 11 13 15 18 19 23 27 28 30 33 37 38 39 40 44 45 47 49 50 52 53 54 56 57 63 66 67 68
1 26 0 1 2 3 4 5 6 9 11 12 13 14 16 21 23 24 26 27 28 31 32 33 34 35 37 38 40 41 42 43 45 47 48 49 51 53 54 55 62 68
1 55 3 5 7 8 11 12 13 17 18 21 25 30 31 34 35 38 42 44 45 46 48 49 50 51 55 57 58 59 60 65 66 67 68
1 60 7 8 9 12 13 15 16 17 19 21 24 25 26 27 29 34 36 38 39 40 41 42 43 45 46 47 49 51 53 54 55 56 58 60 61 64 66 67 85
1 58 0 1 3 5 6 7 10 12 14 15 23 25 35 37 39 41 43 44 46 47 48 49 53 57 58 60 61 63
1 21 1 4 8 10 11 15 16 17 19 20 22 25 28 32 33 35 36 37 38 40 41 42 43 44 46 47 51 52 57 60 63 64 67
1 73 2 3 4 5 8 10 11 12 13 14 15 16 19 20 21 26 27 28 29 31 33 34 40 41 42 45 46 47 50 53 54 59 60 61 62 64 66 68
1 3 3 4 5 6 7 12 14 15 16 17 21 24 25 27 29 30 32 33 34 38 39 40 42 43 44 47 49 52 53 55 56 57 58 59 61 62 63 64 65
1 11 0 2 4 8 12 13 17 20 21 24 26 27 32 34 37 38 39 40 42 47 48 50 52 57 59 61 64 67 68
1 72 4 6 8 9 11 13 16 19 20 22 23 24 25 28 29 31 32 33 35 37 38 39 50 51 55 59 64 65 66
1 51 0 1 4 6 8 9 10 15 17 23 24 28 29 33 34 36 37 38 40 41 42 43 46 47 51 52 53 54 55 56 57 58 60 61 65 66 67 68
1 39 0 2 3 4 5 6 8 11 14 15 16 17 18 22 23 25 27 31 34 37 39 40 41 46 52 53 54 56 57 61 62 63 65 66
1 12 2 4 6 8 9 10 11 12 14 16 20 22 23 24 25 26 29 32 35 41 42 43 46 47 49 50 52 53 54 56 58 59 60 62 64 67
1 9 0 3 6 8 9 10 11 15 19 21 27 32 36 41 45 47 49 51 53 56 57 58 60 63 65 66
1 68 0 5 11 12 15 23 24 25 27 28 29 31 33 34 36 38 39 41 43 44 45 46 48 49 50 51 52 54 55 57 58 64 65 66
1 36 2 3 4 5 7 8 9 11 13 14 18 19 20 21 23 24 26 27 28 30 32 33 34 39 40 43 45 46 48 49 50 52 53 54 55 57 60 61 62 64 65 67
1 14 1 2 4 5 8 10 11 13 15 21 22 24 25 27 30 33 34 38 39 44 47 49 50 51 52 53 56 57 61 64 65 66 67
1 45 0 1 3 5 6 7 8 9 13 15 19 20 22 23 29 30 32 37 41 42 43 46 47 50 52 53 54 55 56 57 59 60 61 62 64 67 70
1 27 0 3 5 6 7 10 11 12 15 17 18 21 22 30 31 32 34 36 38 40 42 43 47 48 49 51 54 55 57 60 63 64 65 66 67 68
1 70 0 2 3 8 9 11 15 16 18 21 24 25 27 28 32 34 37 38 39 40 41 42 44 45 46 47 50 52 53 55 57 58 59 60 62 64 66 67 68
1 65 4 6 7 8 11 15 18 19 20 22 23 25 31 35 36 37 38 40 41 42 43 45 46 47 49 50 51 55 56 57 64 65 66
1 8 1 3 4 5 8 9 10 12 15 16 17 19 20 21 28 29 31 32 34 36 43 44 46 49 50 53 54 55 58 59 60 62 64 65 66
1 42 1 2 3 6 8 9 11 14 17 20 23 24 25 27 29 31 33 34 36 37 38 40 42 43 44 45 47 49 53 54 55 61 65
1 61 2 3 5 6 7 10 11 16 18 19 22 25 26 28 32 33 34 36 38 39 41 42 45 46 47 48 49 50 51 52 53 55 60 61 63 67
1 57 0 2 9 11 12 13 16 17 20 21 23 25 30 33 36 37 38 39 40 42 44 46 47 49 50 51 52 53 56 59 60 61 64 67
1 44 4 6 8 9 11 12 13 15 19 20 23 27 28 29 34 35 36 37 39 40 44 47 49 50 51 53 54 55 57 62 64 66 67 68
1 18 0 1 4 5 6 7 11 12 15 16 20 23 25 26 27 29 30 33 34 36 37 39 45 46 47 48 50 51 52 53 55 60 61 63 68
1 24 2 3 9 12 13 16 19 25 28 31 33 34 38 40 41 42 47 49 50 52 53 54 55 56 57 58 59 60 61 63 64 65 67
1 71 0 2 5 6 8 11 12 14 15 20 23 27 30 31 32 33 34 35 36 40 42 43 44 46 47 48 54 55 58 60 61 63 65 66 67
1 30 1 3 5 9 11 14 15 18 25 28 33 34 36 37 38 39 40 43 44 46 47 48 49 50 53 54 55 56 64
1 32 0 4 5 6 7 11 12 15 20 22 26 27 30 32 33 35 36 37 38 42 44 46 47 49 50 52 54 55 56 57 58 60 63 65 66
1 37 1 2 4 5 6 12 14 15 16 20 22 23 28 31 34 38 42 43 46 47 48 49 53 55 58 60 63 66 67
0 74 1 7 30 41 101
0 75 4 9 22 26 72 84 107
0 76 1 17 36 51 72 87 93 105
0 77 51 75
0 78 15 20 34 60 64 66 78 80 83 87
0 79 1 3 11 63 82 97
0 80 90
0 81 3 28 34 45 50 56 57 75 80 89 92 104
0 82 4 9 11 36 45 55 68 69 92 93 102
0 83 0 13 24 42 55 84 95 108
0 84 12 17 65 102
0 85 1 2 5 9 21 24 58 102 107
0 86 4 5 34 35 47 48 63 71 86 107
0 87 6 51 65
0 88 0 8 25 42 92
0 89 4 23 38 43 45 62 68 72 78 93 106
0 90 4 53 98
0 91 6 40 41 76 81 96
0 92 0 7 23 52 54 57 68 71
0 93 0 3 19 23 31 59 62 71 80 90 105
0 94 1 13 19 30 61 72 103
0 95 2 8 12 20 23 90 94
0 96 34 72 83 92
0 97 48 66 100
0 98 2 23 37 38 63 66 88 100
0 99 20 48
0 100 9 16 34 39 46 69 91 107
0 101 10 14 18 39 69 72 93 96
0 102 10 11 32 43 64 66 82 93 96 103 104
0 103 8 9 27 55 56 64 71 96
0 104 23 27 31 54 62 75 91 95 108
0 105 0 5 32 41 47 61 63 81 83 90 102 104
0 106 2 11 22 23 35 36 67
0 107 1 30 42 49 50 72 76 99 102 109
0 108 12 15 35 55 58 96
0 109 76 79
0 110 14 26 48 68 74 80 83 87
0 111 22 25 36 42 56 63 67 74 79 89 109
0 112 63 67 69 72 75
0 113 15 27 29 52 61 68 73 76
0 114 20 64 86 96 107
0 115 6 43 49 52 62 90
0 116 11 20 39 68 74 91 92
0 117 8 21 38 45 58 96
1 26 0 1 2 4 5 6 9 10 11 13 17 19 20 21 22 25 28 30 31 37 39 42 44 45 48 49 50 52 53 55
1 17 1 3 5 7 9 12 14 17 21 22 23 25 27 28 35 36 38 39 45 46 48 49 50 51 53 56 58 77 90
1 62 6 9 10 13 14 16 18 21 22 23 24 25 27 29 31 35 36 39 40 42 44 45 49 51 53 56 57 59 66 73 79
1 10 0 1 3 6 9 11 12 14 15 21 22 23 29 30 33 34 36 38 40 41 42 44 46 48 49 52 53 56 57 58 64 65 67 68 78 79 93 95
1 35 0 4 8 9 10 11 12 13 16 18 20 23 27 30 32 34 44 47 48 50 51 52 53 57 58 79
1 18 0 1 3 4 5 7 8 10 11 12 13 14 16 20 24 25 30 33 38 39 44 48 50 51 52 56 57 59 90
1 7 0 2 3 4 8 9 10 11 13 15 18 20 21 22 23 25 26 28 29 30 32 35 38 39 41 45 48 50 52 54 56 57 58 74
1 29 0 3 7 9 10 11 15 16 21 22 23 24 26 27 28 30 31 33 34 36 38 39 42 44 52 53 57 58 69 80 84
1 68 0 1 4 6 7 9 13 14 19 20 21 22 25 27 28 36 37 40 41 42 43 45 49 50 55 56 73 84 95
1 13 4 7 8 10 12 13 14 16 18 20 22 23 29 30 32 33 34 35 37 38 40 43 45 48 49 53 57 68 71
1 24 2 5 7 9 10 11 14 15 16 19 22 23 25 26 29 30 33 35 36 41 43 44 45 47 50 52 54 91
1 44 0 1 4 6 9 11 13 14 15 19 22 25 28 29 30 34 36 37 38 40 44 49 51 52
1 0 0 2 4 5 6 8 9 13 17 18 20 22 23 25 28 29 33 35 40 41 45 48 50 53 54 56 58 62 88
1 56 0 1 3 5 8 9 12 16 17 19 21 22 26 29 30 37 38 39 44 46 49 53 54 56 57 58 76
1 45 1 3 4 5 6 7 10 12 13 14 16 17 18 19 20 21 22 25 30 35 36 38 39 40 41 44 47 48 49 52 53 54 58 66 84
1 41 3 6 9 12 13 19 20 21 23 24 27 29 35 37 38 39 40 41 42 44 45 46 47 49 53 58 59 76 81
1 19 0 1 2 3 5 7 13 15 16 17 19 22 23 26 29 31 34 36 37 38 39 40 42 44 45 50 51 53 57 58 59
1 28 0 1 5 6 9 12 16 18 20 22 23 24 27 28 29 30 33 35 37 38 39 40 45 46 48 49 54 55 56 57 58 83
1 48 0 3 4 6 7 8 10 11 12 14 16 18 19 20 21 23 27 28 29 30 31 32 33 35 36 38 41 43 44 48 49 50 52 53 55 56 57 58 75 87
1 30 5 6 7 8 12 15 16 17 18 22 23 25 27 30 31 32 36 39 45 46 48 51 52 53 55 56 64 72 86
1 1 0 3 7 9 10 12 13 19 20 24 25 28 30 31 32 39 42 44 45 46 47 48 51 52 53 54 55 56 57 58 59 66 71 80 89 93
1 22 2 3 5 8 9 12 14 15 18 20 21 23 25 27 29 31 33 34 35 36 38 39 40 48 52 54 55 56 59 62 79
1 31 0 2 3 8 9 10 13 14 15 17 20 22 25 28 29 33 34 38 43 45 46 47 50 51 57 58 83
1 21 1 2 7 8 9 10 11 12 13 14 15 16 17 18 24 28 30 35 36 37 40 42 44 45 46 50 53 54 55 56 59 60 72
1 8 0 1 3 4 5 6 8 10 11 13 16 17 19 21 25 28 31 34 36 38 43 44 45 46 47 49 52 53 56 60
1 14 1 6 8 9 12 17 18 19 23 29 30 31 32 33 36 37 39 41 42 44 45 46 49 50 54 55 57 62 72 77
1 59 0 5 9 11 12 13 14 15 16 18 19 20 23 24 27 30 33 35 38 41 43 44 46 48 49 50 52 54 55 58 59 67 69 83
1 39 2 3 4 5 6 7 10 11 12 13 16 24 25 27 29 31 32 35 36 38 39 40 41 42 43 45 47 52 53 55 58 59 64
1 58 0 1 3 5 6 10 11 14 17 19 20 21 22 24 26 27 28 29 31 35 36 38 42 43 46 51 53 55 59 80 87
1 43 0 1 5 7 8 9 10 11 12 13 17 18 19 20 25 26 30 31 33 35 36 40 43 45 46 48 49 50 51 52 53 54 55 57 58 61 64 70 72 76
1 51 0 1 2 4 5 6 10 13 21 23 24 26 30 31 33 36 37 38 39 42 44 46 48 49 50 51 52 55 56 59 69
1 25 0 1 2 6 9 10 14 15 18 19 22 23 25 27 29 30 31 32 35 38 39 40 41 42 43 44 49 50 51 52 53 54 56 58 59 82
1 33 4 5 6 9 11 13 14 15 19 21 22 27 34 35 36 37 38 39 41 42 44 46 47 49 51 52 54 58 59 64 74 78
1 42 3 4 5 6 7 9 11 12 15 16 20 22 23 25 28 29 30 33 35 36 37 39 40 42 43 44 46 47 48 49 51 52 54 55 56 58 59 67 85
1 15 0 3 4 5 6 7 9 10 14 17 18 19 20 21 22 23 27 28 29 30 31 32 33 35 36 37 38 39 41 42 43 44 45 50 51 53 54 55 56 58 85
1 36 1 2 4 7 9 10 11 15 21 23 25 26 28 30 31 32 33 37 40 44 46 48 50 52 54 55 56 57 58 91
1 16 0 4 5 6 7 11 12 14 15 17 19 21 22 23 27 29 33 35 39 40 43 44 45 47 48 49 52 55 56 83
1 23 1 2 3 8 9 10 13 15 18 19 21 22 23 26 27 30 31 32 34 35 37 38 39 41 43 44 49 52 53 54 56 58 59 72 91
1 57 1 2 3 4 5 7 8 11 13 14 16 20 21 22 24 26 27 29 30 33 38 41 42 45 48 49 51 52 53 54 72 78 83 89 93
1 61 1 2 3 5 7 8 9 11 14 18 21 25 30 31 33 36 40 41 43 45 46 47 48 49 50 53 54 55 56 58 82 89
1 65 0 1 2 3 6 7 8 13 14 15 16 17 18 20 21 24 27 29 31 33 34 36 37 38 39 42 44 45 46 48 50 53 54 58 62
1 2 1 3 6 7 13 14 15 17 18 23 27 28 33 35 37 41 43 44 48 49 54 59 84 89 91
1 63 1 3 4 5 8 12 23 24 25 26 27 28 29 30 31 32 34 35 36 37 38 40 41 44 45 46 48 49 53 54 55 69 73
1 54 0 3 6 7 8 9 14 15 17 21 22 23 24 26 27 29 32 33 35 37 39 40 41 45 47 49 50 52 53 55 89
1 3 0 2 3 7 10 12 13 14 16 17 23 24 27 28 29 31 32 34 35 36 38 39 40 42 43 47 49 50 53 54 55 56 57 58 67 73 74
1 52 0 4 5 7 10 11 12 14 18 19 20 22 24 25 26 29 30 32 41 43 46 47 48 50 52 53 55 58 68 69 95
1 40 0 1 4 8 9 10 12 13 14 18 20 21 27 28 30 32 33 34 38 39 40 41 43 46 48 50 51 52 53 59 65 76 77 87
1 9 0 6 8 11 12 14 15 16 17 19 21 23 24 26 28 29 31 33 34 35 36 37 38 39 41 42 43 46 47 49 52 53 54 56
1 32 1 3 5 8 10 11 14 15 16 20 21 24 25 26 27 31 32 38 39 40 43 47 49 50 51 54 56 58 59 72 84
1 4 0 1 3 4 5 6 7 8 10 14 19 20 23 24 26 27 34 43 44 46 47 49 54 55 56 57 58 59
1 12 0 1 2 6 7 8 11 12 13 15 16 17 18 20 23 24 27 28 29 30 35 37 39 41 42 46 47 48 49 51 54 55 57 60 76 90 93 95
1 27 0 2 3 5 7 9 11 12 13 14 15 16 20 23 24 26 28 29 32 33 34 36 37 42 43 46 50 52 53 54 56 57 59 60 63 89 90
1 64 2 3 4 7 10 13 14 16 17 18 19 20 21 22 24 28 30 31 32 33 34 35 36 40 42 45 46 50 54 55 56 73 76 79 84
1 47 0 3 4 8 9 11 12 14 16 18 19 20 22 23 25 28 30 33 36 37 38 41 48 49 50 52 54 55 57 58 59 78 83
1 67 0 2 3 6 7 8 10 13 15 17 18 20 21 23 24 25 27 30 32 33 35 37 41 42 43 44 45 46 50 52 53 56 58 59 65 75 90
1 11 1 2 3 5 6 10 14 15 16 17 18 19 20 22 23 24 25 28 31 32 33 34 35 37 38 41 43 45 46 48 51 52 54 56 58 59 80 87
1 37 7 9 10 12 13 14 15 23 24 25 26 27 30 31 32 34 35 37 38 40 42 43 49 50 52 53 54 58 59 81 84
1 66 1 2 3 5 7 10 11 12 15 16 17 18 20 22 23 24 26 30 33 36 45 48 50 51 52 53 54 56 59 70 86 92 93
1 53 0 3 6 8 9 12 15 16 17 19 20 24 31 32 35 36 39 41 42 46 50 52 54 56 93
1 38 0 1 2 4 8 11 17 18 20 21 22 23 26 27 28 30 31 32 33 34 36 37 39 40 41 42 44 45 46 47 49 55 58 59 80 90
1 34 0 1 2 3 4 7 15 18 19 22 26 27 29 31 36 38 40 41 43 45 46 47 49 52 54 71 78
1 49 3 4 6 7 9 12 14 16 17 18 19 25 27 28 31 32 33 35 39 40 48 51 55 58 59 62 66 93
1 50 1 6 7 8 9 11 15 18 20 21 27 29 30 32 33 35 36 40 43 44 46 50 52 53 54 56 57 82 92 95
1 20 0 2 4 6 8 12 14 16 17 18 20 22 24 26 28 30 31 32 34 40 41 42 43 44 46 48 49 50 52 53 54 55 56 57 59 64 72 77 79 81
1 6 2 3 5 7 12 14 15 16 17 19 25 26 30 33 35 36 38 40 42 43 45 46 47 48 50 51 52 53 54 55 56 59 75 81
1 5 1 3 4 8 12 14 15 19 21 22 26 27 28 29 31 32 34 35 37 41 43 46 47 49 52 54 56 59 66 73 84 85
1 46 2 3 4 7 8 9 11 12 13 14 15 17 18 19 20 22 26 29 32 33 34 37 39 40 42 44 45 46 49 50 54 59 62 63 85 93 94
1 55 0 3 6 8 10 11 13 14 16 17 18 22 24 26 28 32 34 39 40 43 46 48 49 50 51 52 54 55 59 76 91 95
1 60 0 8 9 10 11 14 15 17 20 24 25 27 30 31 33 34 35 36 37 39 40 44 46 50 51 52 54 56 59 84
0 69 2 8 26 43 44 52 74 75
0 70 12 14 19 24 34 45 63 70 93
0 71 4 6 12 43 58 67 71 85 87 89 94
0 72 1 43 67 68 69 71 93
0 73 3 7 20 45 55 60 73 74 87 91 95
0 74 6 7 34 41 62 80 81 83 95
0 75 10 44 55 61 68 95
0 76 80 84 88
0 77 22 45 66 69 72 81 92 93
0 78 37 48 57 76
0 79 6 65 78 87
0 80 30 80 89
0 81 22 50 61 69 93
0 82 24 32 33 45 72 76 79 81 86 90
0 83 51 62 72 78 80 82
0 84 13 53 63 68 79 86
0 85 2 5 23 26 54 59 82 91
0 86 4 21 27 29 35 72
0 87 5 19 22 27 33 47 53 79 89
0 88 14 37 46 68 75 83
0 89 15 45 73 76 77 82
0 90 9 11 13 27 41 57 60 71 81
0 91 7 43 51 62 67 72 91 95
0 92 58 62 67 77 80 83 90 94
0 93 8 10 43 52 82 93 95
0 94 5 19 44 45 46 52 70 79 89
0 95 10 30 71 95
0 96 65 73 75 76 79 80 86
0 97 27 28 39 46 70 77 82
0 98 74 92
0 99 51 66 78 80 84
0 100 48 58 62 68 86 91
0 101 17 29 84 85 88 93 95
0 102 0 60 66 72 74 76
0 103 5 10 16 28 34 40 43 61 80 81 89
0 104 24 36 39 43 62 64 65 72 75 89 91 94
0 105 2 20 27 57 62 71 76 95
0 106 1 37 46 53 60 69 88 91
0 107 7 13 20 21 24 27 39 54 62 77 84 85 89
0 108 25 48 58 77 78 95
0 109 2 10 19 20 31 32 39 62 81 87 92
1 57
1 9
1 13
1 44
1 38
1 25
1 5
1 21
1 22
1 45
1 53
1 58
1 23
1 29
1 10
1 48
1 39
1 30
1 1
1 0
1 36
1 6
1 11
1 4
1 49
1 16
1 12
1 51
1 28
1 56
1 19
1 42
1 35
1 20
1 7
1 52
1 55
1 27
1 41
1 37
1 3
1 50
1 40
1 31
1 14
1 47
1 33
1 18
1 8
1 2
1 15
1 17
1 24
1 34
1 46
1 43
1 54
1 59
1 32
1 26
0 60
0 61
0 62
0 63
0 64
0 65
0 66
0 67
0 68
0 69
0 70
0 71
0 72
0 73
0 74
0 75
0 76
0 77
0 78
0 79
0 80
0 81
0 82
0 83
0 84
0 85
0 86
0 87
0 88
0 89
0 90
0 91
0 92
0 93
0 94
0 95
