5
108 100 110 105 112
1 56 1 5 12 13 15 18 20 22 31 32 33 34 36 38 40 41 46 49 53 54 55 58 60
1 12 2 4 5 10 12 21 22 23 24 26 28 33 38 39 43 44 46 47 50 54 55 56 58 59 61
1 40 1 3 4 5 9 10 13 15 19 21 24 26 32 33 34 36 38 39 43 44 45 46 48 49 51 53 54 55 56 57 58 61 62
1 21 0 1 3 4 5 6 10 12 13 17 19 20 25 27 29 32 34 36 41 44 45 46 47 49 56 57 58 60
1 62 0 4 5 7 8 9 10 11 12 13 16 17 18 20 21 22 27 29 30 31 32 33 34 35 37 38 39 41 43 45 48 50 53 55 58 59 61
1 6 4 6 7 9 10 12 13 18 20 22 23 24 25 28 30 32 33 34 35 36 38 39 44 46 47 54 55 56 59 60 61 62
1 59 0 5 6 8 10 11 13 14 16 18 20 25 27 28 32 33 34 36 39 40 42 43 44 48 49 53 55 56 57 59 60 61
1 31 0 5 6 8 10 12 13 14 18 19 20 21 22 25 26 29 31 34 36 38 39 40 41 42 43 45 46 53 54 55 57 59 61 62
1 14 0 1 5 6 7 8 12 16 18 20 23 26 27 28 29 32 33 34 35 36 38 40 41 42 44 45 47 53 55 58 60 61
1 20 3 4 5 7 8 9 12 13 17 20 23 24 26 30 32 34 35 38 39 40 41 46 48 49 51 52 53 54 55 56 57 58 59 61
1 46 3 5 6 8 16 20 22 23 24 25 28 30 32 34 36 37 38 39 40 42 44 45 46 49 57 58 59 60
1 55 1 2 6 11 12 14 18 21 22 23 25 26 29 32 33 34 36 38 39 43 46 51 52 54 55 56 57
1 44 1 4 5 12 13 15 16 17 19 22 24 29 31 32 33 34 36 38 39 42 47 49 50 51 53 54 55 56 58 62
1 64 5 6 9 10 11 13 14 16 17 21 22 24 27 31 32 33 34 36 37 38 39 41 42 44 45 46 53 56 57 58 62
1 57 5 8 9 12 14 17 18 20 23 25 29 33 34 36 41 42 44 45 49 50 51 55 59
1 66 0 3 5 8 9 10 17 20 21 23 26 27 30 31 33 34 36 38 39 41 42 43 44 45 46 47 48 50 52 55 56 58
1 49 2 3 4 6 7 8 10 11 13 14 17 22 29 33 34 36 37 38 39 40 41 43 44 45 46 47 48 56 58 59 61 62
1 4 0 1 5 7 9 13 14 16 17 19 20 22 24 27 28 31 32 34 36 38 41 42 43 45 46 48 51 54 55 57 62
1 47 1 4 5 6 8 9 10 13 16 17 18 20 23 24 25 29 30 31 32 34 37 38 41 43 44 45 46 47 50 51 54 55 56 57 58 59 60 62
1 0 3 4 5 6 11 14 15 18 19 22 26 27 28 30 32 33 34 35 39 43 44 45 47 49 51 53 54 55 56 57 58 59 60 61
1 58 0 2 3 4 5 8 10 12 13 16 18 21 22 23 24 25 26 27 31 34 35 36 37 38 42 43 45 47 48 50 51 55 56 57 58 59 60
1 3 1 3 4 5 6 10 11 13 14 15 16 18 19 21 25 27 28 31 32 34 37 38 40 41 42 44 46 47 48 49 55 56 58 59 61 62
1 38 3 6 9 10 11 12 13 17 18 19 21 22 25 28 29 30 32 34 35 36 38 39 40 41 43 45 51 52 53 54 61
1 30 3 4 5 6 7 10 11 12 14 16 18 19 20 23 25 26 27 28 37 38 39 40 42 44 46 47 51 53 54 56 58 59
1 16 0 2 4 5 8 12 14 15 17 18 22 29 30 31 33 34 38 41 42 45 48 49 50 51 52 53 55 56 58 59 61 62
1 60 2 3 4 5 6 7 11 16 18 20 21 22 25 26 29 32 34 37 40 42 43 44 45 47 48 49 50 51 54 55
1 5 2 4 5 6 7 8 9 12 13 14 15 17 19 20 21 23 25 27 29 31 34 35 36 40 41 43 44 46 47 48 55 57 58 59
1 17 1 2 3 5 6 7 8 11 12 13 15 18 19 20 21 22 26 27 28 30 34 37 42 43 45 46 47 48 49 51 54 55 56 58 59 61
1 28 6 7 9 11 13 16 17 18 20 21 22 29 30 31 32 33 34 38 40 42 47 50 51 54 56 58 59 61 62
1 26 0 4 5 6 7 8 9 10 11 12 14 15 16 19 21 22 23 27 30 33 36 37 41 42 44 45 48 52 53 54 55 57 59 60
1 36 0 1 2 5 6 8 11 12 14 15 18 19 20 21 22 23 26 28 29 31 32 34 35 36 38 40 43 44 47 48 49 56 57 58 59 60 61 62
1 15 3 8 9 10 11 12 15 16 19 25 26 30 31 32 33 35 36 37 41 43 44 46 47 51 55 57 58 59 60 62
1 43 2 4 6 7 11 14 15 17 20 21 23 24 27 29 30 32 34 36 37 38 41 42 45 46 48 49 51 52 53 55 56 57 58 59 60
1 61 0 5 7 9 11 12 13 19 20 21 25 26 28 29 31 32 33 34 36 43 47 49 50 53 54 55 60 62
1 53 1 3 4 5 6 7 8 9 14 16 17 21 26 27 28 29 30 32 34 35 36 38 40 41 44 46 48 49 50 53 56 59 61
1 67 0 3 4 5 7 10 11 12 13 14 17 24 26 30 31 32 36 39 40 41 43 46 47 48 51 52 53 59 60 61
1 13 0 1 6 7 8 13 14 15 17 19 20 22 23 24 26 27 30 31 32 34 35 36 38 39 40 42 44 45 46 48 50 51 54 55 56 58 60 62 83
1 37 2 3 4 6 12 13 18 19 20 26 30 35 37 39 40 48 50 53 54 55 56 59 61 62
1 10 1 2 4 5 6 8 10 11 12 15 16 18 19 20 21 22 23 24 25 26 27 28 30 31 35 37 39 45 47 48 49 50 51 55 58
1 18 0 1 4 6 7 8 10 13 14 16 17 24 26 29 34 35 40 43 44 46 47 50 53 54 55 58 60 61
1 7 1 2 4 5 7 17 20 21 22 23 26 27 28 29 30 33 36 37 38 39 42 44 45 48 49 50 51 52 53 54 56 57 58 59 60 61 62
1 39 1 3 4 5 6 7 9 11 12 13 14 15 16 18 19 21 24 25 26 28 30 31 32 39 42 44 45 46 50 51 52 53 54 56 61
1 29 2 3 6 7 8 10 14 15 16 20 24 25 26 27 29 31 32 34 35 37 38 40 41 42 44 46 50 51 52 54 58 61 62
1 35 2 4 5 7 8 9 11 15 18 19 21 26 27 28 29 32 35 37 38 39 41 43 44 47 51 53 55 57 59 61 62
1 63 1 5 8 11 14 15 16 17 18 20 21 22 24 31 32 35 36 37 43 45 46 49 50 51 52 53 56 58 59 62
1 1 1 3 4 7 10 11 13 17 19 21 22 27 31 33 36 41 42 49 50 51 52 54 57 58 59 62
1 24 0 2 5 6 8 9 10 11 13 14 17 19 20 24 26 27 29 31 34 37 38 39 42 43 45 46 47 49 50 52 57 58 61 62
1 9 0 2 6 7 10 11 12 14 15 17 18 20 22 23 26 27 30 31 32 34 36 39 40 42 44 46 47 49 50 52 53 54 56 57 58 60 62
1 52 1 3 4 5 7 9 10 11 16 17 20 23 24 25 27 28 29 36 37 40 42 43 44 45 46 47 48 49 51 52 53 55 59 60 62
1 11 1 2 3 4 6 7 8 9 11 12 13 14 15 16 17 19 22 23 24 27 30 34 35 36 38 39 42 43 44 45 46 49 52 53 57 60 62
1 51 0 3 7 9 11 12 18 25 29 34 37 39 43 46 47 48 49 51 53 60 61 62
1 27 0 1 2 6 10 11 13 15 16 17 18 21 22 23 24 26 30 32 35 37 38 39 42 45 46 47 50 53 56 60 61
1 41 0 1 2 3 5 6 10 11 13 14 15 16 17 22 26 28 29 33 35 37 38 39 40 42 44 45 46 47 49 50 52 53 54 55 56 58 60 62
1 50 0 1 2 5 7 11 20 21 24 25 27 28 29 30 36 37 40 46 49 51 54 55 56 57 59 60
1 54 2 3 4 6 9 14 17 18 19 21 23 24 26 27 28 33 38 40 41 45 46 49 50 52 53 55 57 59 60
1 65 0 1 2 3 7 10 11 14 15 17 19 24 25 26 28 29 30 32 33 34 35 36 41 42 43 45 47 48 51 54 57 58 60 61 62
1 32 1 3 4 7 8 9 10 13 17 20 22 25 27 28 29 31 32 34 35 37 40 41 42 43 45 50 52 53 57 59 60 62
1 8 0 1 3 7 8 9 12 13 14 17 18 19 20 23 24 26 27 29 31 36 37 38 40 41 42 44 47 48 50 52 55 59 62
1 22 0 1 6 7 8 17 18 22 24 28 29 30 31 35 39 40 41 48 51 52 53 54 55 56 57 62
1 42 0 2 3 6 7 11 13 14 15 16 17 19 21 22 23 25 30 32 35 38 39 40 42 44 46 47 49 50 52 54 55 56 62
1 25 6 7 14 15 16 17 21 25 26 31 32 35 37 38 39 40 44 45 46 47 50 51 52 56 57 58 60 62
1 48 2 3 4 5 7 9 10 13 14 16 17 18 25 28 29 30 31 33 35 36 39 41 42 46 47 49 50 52 53 57 59 60
1 23 1 2 3 8 9 13 14 18 21 22 29 31 33 37 39 40 45 46 48 49 50 51 53 54 60 62
1 45 0 2 4 7 9 10 18 21 23 24 25 26 27 28 29 30 31 34 35 36 37 39 40 42 50 52 53 54 59 61
1 34 0 2 3 5 7 9 11 13 14 15 17 19 22 27 28 30 35 36 37 38 39 40 41 44 45 47 50 51 52 53 59 60
1 2 1 2 5 7 8 9 10 14 15 17 18 21 23 24 25 30 35 42 43 46 47 50 52 53 54 55 56 61 62
1 19 0 2 4 7 9 11 13 14 15 19 21 23 24 26 27 28 30 34 35 36 37 47 49 50 53 56 61 62
1 33 1 2 6 7 8 11 14 17 18 19 20 22 23 24 26 28 30 32 35 37 40 42 45 47 49 50 52 53 55 59 62
0 68 23 29 33 43 45 56 85 91 93 97
0 69 39 50
0 70 8 32 70 78
0 71 10 70
0 72 31 43 70
0 73 0 4 7 8 10 22 45
0 74 3 16 35 42 56 73 89
0 75 2 13 15 43 65 67 74 90 95
0 76 14 15 33 35 38 51 52 59 87 89
0 77 2 17 80
0 78 41 52 61 66 79 84 95
0 79 1 49 58 77 86
0 80 7 15 22 23 32 45 58 65 68 75
0 81 72 76 92
0 82 2 51
0 83 5 33 35 40 42 44 70 89 99
0 84 13 58 82
0 85 4 25 44 54 58 75 76 80
0 86 6 9 38 77
0 87 24 30 65 98
0 88 7 32 48 61 63 68 99
0 89 15 29 37 81 94
0 90 10 50 54 66 95
0 91 22 37 57 69 75 88 89
0 92 2 23 90 98
0 93 5 51
0 94 30 49 73
0 95 22 57 78 96
0 96 22 54 60 88
0 97 1 9
0 98 34 45 48 64 85
0 99 14 23 28 33 87 89
0 100 21 22 52 55 62 65 66 74 79 90 94
0 101 1 3 33 46 67 70
0 102 1 24 29 32 38 79 92
0 103 37 53
0 104 1 8 37 46 68 69 71 77 87 90 92
0 105 51 77 80
0 106 34 50
0 107 37 87
1 38 0 1 2 7 9 13 18 19 20 22 25 28 29 32 33 37 38 40 41 42 43 44 45 47 51 52 54 55 56 61 63 68
1 12 1 3 6 9 10 11 12 14 19 20 26 27 28 29 32 35 37 38 42 43 45 46 47 48 51 54 56 57 58 61 62 63 65
1 34 0 3 5 6 7 8 11 12 13 14 15 16 18 19 23 25 26 29 30 32 35 40 41 45 48 53 54 55 56 57 58 60 61 62 63 64 65
1 20 1 3 4 7 8 14 15 17 18 20 23 24 26 27 28 29 30 36 37 41 42 44 49 53 55 56 59 60 61 63 64 66
1 33 0 2 4 7 8 9 13 15 16 17 20 21 23 24 26 36 39 40 41 42 46 47 48 49 50 52 59 60 61 62 63 64 65 66 68
1 58 1 2 3 8 9 11 12 15 17 18 19 21 24 25 28 29 30 31 33 35 36 42 45 46 48 51 52 54 57 58 61 64 67
1 41 0 1 2 3 4 7 9 11 12 13 16 17 18 19 26 27 28 29 30 31 32 39 41 42 45 47 49 51 52 57 60 61 63 65 67 68
1 32 0 1 2 7 9 10 12 13 14 15 19 20 21 23 25 26 27 28 32 34 37 39 41 43 46 47 48 49 52 54 56 57 58 63 66 67
1 55 1 3 4 5 6 8 11 13 15 16 17 18 19 24 25 28 32 34 37 40 41 46 47 49 51 53 54 55 56 57 58 60 61 63 64 67 68
1 5 2 3 6 9 13 17 24 27 30 31 32 36 38 41 45 47 50 52 53 60 61 65 66 67
1 4 0 1 3 4 7 9 11 14 17 18 19 21 24 26 28 29 33 34 41 42 44 45 48 53 55 56 62 65 67
1 61 0 1 2 3 8 9 10 14 15 16 19 20 21 23 24 26 27 35 36 43 44 47 49 56 58 59 62 63 66 67
1 22 1 2 3 4 10 15 17 18 19 20 21 24 25 26 29 30 34 37 38 40 43 46 49 50 53 56 57 58 59 60 61 66
1 16 0 1 2 3 4 6 7 14 15 17 18 19 20 22 23 24 25 26 28 31 32 33 34 40 43 45 48 49 50 56 57 59 61 62 68
1 56 0 2 3 4 6 13 15 16 19 21 24 25 26 28 29 30 32 33 37 39 40 42 44 45 46 47 48 51 52 53 57 60 61 66 67 68
1 36 4 9 10 12 14 15 17 18 19 21 23 24 26 31 32 33 36 39 40 41 43 47 48 49 51 52 55 59 63 66
1 45 1 3 7 8 9 12 13 15 19 20 23 26 27 28 29 34 38 43 44 45 48 52 53 54 55 57 58 60 61 67
1 43 1 7 10 11 15 16 19 20 23 24 26 27 28 29 30 33 35 36 38 41 42 44 45 49 50 51 52 53 54 60 61 65 66 67
1 54 1 6 7 8 9 14 18 20 21 22 23 25 29 33 37 39 40 41 45 46 51 58 60 61 62 65 66 67
1 13 0 2 6 9 11 13 15 17 19 21 22 24 28 31 32 33 35 37 40 41 43 44 45 47 48 50 52 54 58 61 63 64 65 68
1 48 1 2 6 8 10 13 14 16 19 23 24 25 26 31 37 41 42 45 47 49 50 51 55 56 59 60 62 63 64 65 67 68
1 39 0 3 4 6 7 8 9 10 11 12 14 15 16 17 20 22 27 28 29 30 31 32 33 35 37 41 42 45 46 48 49 51 52 55 56 57 58 59 60 61 63
1 25 1 2 4 6 7 8 10 12 16 17 18 20 21 22 25 27 30 31 33 34 35 36 41 42 43 44 45 47 48 50 54 56 57 58 60 61 62 64
1 57 0 2 3 5 6 7 8 9 10 11 15 19 21 22 25 26 28 32 34 35 36 37 39 40 41 42 44 45 48 49 51 54 55 61 62 63 64 66 67
1 10 0 3 4 5 9 10 11 12 13 14 17 22 24 28 31 32 36 38 39 41 45 49 51 54 55 56 57 61 63 64
1 44 1 3 9 12 13 14 18 21 24 26 28 30 31 32 33 34 35 37 39 40 43 44 45 47 48 53 55 59 64 65 66 67
1 8 2 3 4 5 11 12 18 20 21 23 24 26 27 28 29 32 35 38 43 44 45 46 47 53 55 56 58 59 60 63 66 67 68
1 6 2 4 5 6 12 13 14 17 19 20 23 24 26 27 30 31 33 34 35 36 37 38 39 40 43 44 45 48 51 54 55 56 57 58 59 61 63 66
1 46 1 2 3 4 5 6 7 8 11 12 13 14 16 17 18 20 24 25 27 28 31 32 36 37 43 45 46 47 48 49 50 52 55 56 57 58 61 62 63 64 65 68
1 59 0 1 2 4 9 11 12 16 18 21 24 25 27 28 29 30 32 33 34 35 39 40 41 43 47 50 51 53 55 57 61 62 63 64 67 68
1 27 0 2 3 4 9 12 13 14 15 16 26 28 30 31 32 33 34 35 37 38 41 46 47 48 49 54 56 62 63 64 66
1 23 0 1 2 5 7 9 10 14 15 16 17 20 21 25 29 35 36 38 39 41 43 47 49 53 54 55 59 61 63 64 68
1 18 8 13 14 15 19 20 25 26 33 35 36 37 38 39 41 42 44 46 49 52 53 55 56 57 59 60 61 62 64 66 68
1 11 0 2 4 6 7 10 14 17 18 19 24 26 27 29 30 33 37 38 39 43 44 47 48 50 51 52 53 54 56 61 62 63 66
1 53 0 2 4 5 8 9 10 11 12 15 16 17 19 22 24 26 27 28 30 31 40 41 42 43 44 46 47 49 51 54 56 59 60 61 62 63 66
1 49 0 1 3 5 6 7 8 10 14 18 20 21 26 27 30 34 35 39 40 42 44 45 47 48 51 54 55 56 57 58 60 64 66 67 68
1 26 2 3 5 6 7 9 12 17 20 21 27 29 30 32 33 36 37 38 39 40 43 44 45 47 48 49 50 52 54 55 57 58 60 62 67 68
1 24 1 3 4 5 7 9 11 12 14 15 17 18 19 20 21 24 25 26 28 31 32 34 35 36 38 40 41 44 48 49 51 52 53 55 57 59 61 62 65 66 67
1 3 0 5 6 7 8 9 11 12 13 14 16 17 20 24 26 27 28 29 30 33 36 39 41 43 44 45 49 52 55 56 57 59 62 63 65 68
1 0 1 3 6 7 10 14 15 16 17 19 20 21 26 27 28 32 33 34 36 37 38 39 41 42 43 44 45 46 49 50 51 52 54 55 58 59 61 62 63 64 65 68
1 40 3 4 5 7 8 9 10 12 13 14 18 20 24 25 26 28 30 31 35 37 42 43 44 45 46 47 49 51 53 54 56 63 65 66
1 51 2 5 6 8 9 10 11 13 15 16 17 18 21 23 24 30 32 35 36 38 40 41 42 43 50 52 53 54 58 59 60 61 62 63 64 65 66
1 15 6 7 9 11 12 14 16 17 19 20 23 24 25 28 29 30 31 32 33 39 40 44 46 47 50 51 56 59 60 61 62 63 66 68
1 21 3 5 6 8 12 17 19 23 24 25 27 31 32 35 36 39 40 42 43 44 47 48 49 52 56 59 61 62 64 65 68
1 29 2 4 6 7 10 11 12 14 16 17 18 19 23 24 25 27 28 32 34 35 37 39 46 49 50 51 52 54 55 60 62 63 65 67
1 31 1 2 4 5 6 8 9 10 11 13 16 19 21 22 23 24 30 31 32 36 37 39 40 42 43 45 47 49 50 51 62
1 42 0 2 3 5 6 7 9 10 12 14 15 16 18 20 21 23 24 26 30 31 34 35 37 39 40 41 42 43 44 47 50 51 52 53 55 57 60 63 64 65 109
1 28 1 4 6 8 10 11 12 14 15 16 19 20 21 22 23 24 25 27 31 32 33 34 36 39 40 41 43 45 47 48 50 52 54 55 56 57 58 61 63 64 68
1 19 0 3 4 5 7 8 9 10 12 13 14 16 20 21 23 26 27 28 33 35 37 38 39 41 43 45 46 49 50 51 52 53 54 57 60 65 66 67
1 47 0 5 6 7 8 10 11 14 15 16 19 23 24 28 31 32 33 35 36 38 39 40 41 42 47 48 49 50 53 54 56 58 59 60 65 67
1 1 0 1 3 4 5 8 9 11 16 17 18 23 25 27 29 30 31 33 34 35 37 38 44 46 47 49 50 52 53 55 57 61 62 63 64 65
1 9 0 2 6 9 10 11 12 13 19 20 21 24 26 27 31 34 35 37 39 40 41 44 45 46 47 49 50 52 53 55 56 57 59 61 63 64 65 67 68
1 17 1 2 3 5 6 10 12 13 16 18 20 22 23 26 29 30 32 33 34 35 37 39 41 42 45 46 47 49 50 51 52 53 54 55 56 57 61 65 66 67
1 37 0 1 2 5 7 8 9 12 15 17 20 22 25 26 28 29 31 35 36 38 39 42 43 45 48 49 52 53 54 55 66 67 68
1 60 3 5 8 9 10 11 13 14 17 19 22 23 24 27 28 37 38 43 45 48 50 52 53 55 57 61 65 67 68
1 30 6 8 10 11 13 14 15 24 26 28 29 31 33 34 35 36 40 41 42 43 45 46 49 50 52 53 55 58 62 63 64 66 67
1 14 4 6 10 12 13 14 17 21 24 28 29 31 33 35 36 37 38 39 42 43 46 47 48 51 52 55 62 63 66 67
1 7 1 8 9 10 13 15 16 18 19 20 21 22 23 24 25 27 30 32 33 35 36 42 43 46 48 49 50 51 55 57 58 64 66 67
1 35 0 1 3 5 7 8 9 11 12 13 14 15 18 20 21 22 23 26 27 28 31 33 34 39 40 42 44 46 53 54 58 59 61 62 64 68
1 50 3 4 7 8 9 11 15 16 17 18 20 23 24 26 30 31 32 34 35 36 37 40 41 42 46 47 48 49 50 51 52 53 57 59 66 68
1 52 1 3 5 6 7 10 13 16 17 18 20 21 23 24 25 27 29 30 31 33 34 36 39 40 41 43 45 46 48 50 56 57 58 59 60 63 64 66 68
1 62 4 6 8 9 10 13 14 16 22 23 25 27 29 30 31 32 33 34 35 39 42 46 52 53 55 57 59 61 63 65 67
1 2 1 6 10 12 16 19 20 21 22 24 25 26 35 36 37 38 39 43 44 46 49 50 51 53 54 56 57 59 60 64 65 66 67 68
0 63 17 18 19 31 47 63 91 106
0 64 17 35 37 42 57 70 88
0 65 16 29 35 78 83 101 105
0 66 53 62 84
0 67 12 29 42 49 53
0 68 21 33 41 50 52 53 58 62 66 69 101
0 69 35 42 48 59 77 79
0 70 1 11 65 84 93 95
0 71 8 19 24 94
0 72 3 13 15 31 47 64 78 92 98 100
0 73 13 16 38 46 48 64 71 81 90 103
0 74 14 18 31 48 87 93 98 100
0 75 0 10 41 48 55 66 81 105
0 76 1 5 10 39 40 48 60 61 62
0 77 29 33 48 50 62 74 86 89
0 78 14 20 21 60 97 104 108
0 79 3 47 54 55 73 74 87
0 80 4 33 56 84 92
0 81 17 18 28 40 43 49 89 99 100 108
0 82 53 58 63 82 89 95 103
0 83 12 14 16 17 51 67 71 90 99 105
0 84 20 40 48 83
0 85 13 19 34 46 47 53 73 85 93 95 108
0 86 9 26 48 54 56 62 67 104
0 87 0 21 27 56 71 86 89 91 101 103
0 88 8 87
0 89 4 10 32 42 60 69 93 100 106
0 90 7 10 19 24 38 45 76 87 96 101 106
0 91 8 32
0 92 2 24 38 40 49 78 86 96 107
0 93 63 70 80 84 101 102 104 105
0 94 2 16 40 41 58 76 80 90
0 95 0 19 79
0 96 21 30 40 68 73 83 84
0 97 26
0 98 18 19 76 86 99
0 99 15 18 51 63 72 75 90 93 95 97 99
1 2 2 5 7 9 10 13 18 21 25 26 27 29 30 32 36 39 42 44 45 48 49 53 56 57 58 61 64 65 80
1 60 0 3 6 7 10 13 14 15 19 21 23 25 26 27 28 30 32 33 34 35 36 37 39 41 43 44 46 49 53 57 60 62 64 65
1 29 2 6 8 11 12 13 14 18 19 22 24 25 30 32 33 36 37 38 41 42 44 48 49 51 54 59 60 62 64
1 1 2 4 6 8 12 13 15 17 18 21 22 23 25 26 27 28 29 30 32 36 40 41 42 43 45 46 48 54 60 61 63 64 65
1 19 0 1 2 4 5 7 8 9 10 11 12 13 14 15 17 19 22 25 26 27 29 30 32 33 35 38 39 40 42 47 48 51 52 54 56 59 63 64 65
1 61 0 1 2 4 5 6 7 16 18 20 23 24 25 26 30 31 33 35 37 39 42 43 48 49 51 52 54 55 58 60 61 65
1 18 0 3 6 7 10 12 16 20 23 25 28 29 30 32 33 34 37 40 43 47 48 49 50 60 64 65
1 45 0 1 4 5 8 15 16 17 18 20 22 25 27 29 30 31 35 37 38 41 42 43 45 47 49 53 60 62 64 65
1 44 2 3 6 7 18 25 28 29 30 32 33 36 39 41 42 45 49 50 56 57 58 60 61 63 64 65
1 41 0 1 2 7 8 15 21 22 24 25 26 31 33 34 35 36 37 38 39 40 43 45 48 51 55 60 62 63 65
1 63 0 2 4 5 6 7 10 11 12 13 15 16 17 19 20 21 22 23 24 25 26 27 28 29 32 33 34 41 42 43 44 46 47 48 51 57 59 60 61 62 63 64 65
1 17 0 1 4 5 7 8 9 11 12 13 15 16 19 22 26 27 32 33 35 36 41 42 43 45 46 47 49 54 59 62 63 64
1 0 0 2 3 4 5 6 7 8 12 14 16 17 18 19 20 21 23 24 26 27 28 29 30 33 34 35 36 38 41 42 43 45 48 49 52 53 54 57 59 60 61 62 63 64 65
1 3 2 5 7 8 10 11 12 15 16 17 18 19 21 23 25 30 31 32 35 37 38 41 42 43 46 48 49 52 53 54 59 61 62 63 65
1 56 0 2 4 9 10 11 12 13 14 15 16 20 22 24 25 27 29 30 33 35 37 39 40 42 45 48 49 51 52 53 55 57 58 61 65
1 48 0 2 3 5 6 9 10 19 20 24 28 29 31 33 34 35 37 39 41 42 43 45 46 48 51 53 55 57 61 65
1 14 0 2 8 12 16 22 26 31 33 34 36 40 41 42 43 44 45 49 60 61 62 64 65
1 49 0 5 7 9 10 11 12 15 18 21 27 30 32 33 35 37 38 39 41 42 44 46 50 58 59 60 62 65
1 15 0 1 2 3 4 5 6 7 10 12 13 14 16 18 19 30 33 35 37 40 43 44 47 48 50 51 52 53 57 58 60 61 62 63 64
1 21 2 4 5 6 7 8 10 12 15 18 20 21 23 24 27 28 29 30 31 35 36 37 38 39 40 45 48 49 50 53 60 63 64 65
1 58 0 1 2 5 9 10 13 14 15 16 18 19 21 24 25 28 29 31 40 42 44 45 46 51 52 53 56 57 64
1 4 0 3 4 5 6 7 9 11 13 14 15 16 19 20 21 23 25 27 30 36 37 38 39 40 41 49 50 53 55 56 57 58 59 60 61 64
1 47 0 1 2 6 9 10 11 12 13 15 21 22 23 24 25 27 30 38 40 43 44 45 47 48 51 52 53 54 56 57 58 60 61 62 63 64
1 26 0 2 5 6 7 8 11 13 14 15 18 19 20 21 23 25 26 27 28 30 31 33 34 35 37 38 40 41 44 46 47 48 50 51 52 55 57 58 61 62 63 64
1 28 3 5 11 16 17 18 19 20 21 22 26 27 28 29 31 32 34 39 41 42 43 48 52 53 54 55 57 58 61 62 63 65
1 51 0 1 2 3 6 7 12 13 17 18 19 23 32 36 37 39 40 42 46 49 50 54 56 62 65
1 20 5 9 10 11 12 13 15 16 20 21 23 27 29 33 35 36 37 41 43 44 45 46 48 50 51 55 56 57 59 60 63 64
1 54 0 1 2 3 5 9 10 12 13 14 15 16 17 18 19 20 21 23 24 26 29 33 35 36 39 42 43 44 45 49 50 51 53 55 59 61
1 7 1 3 4 5 6 11 14 15 19 20 21 25 28 29 30 33 34 36 37 40 44 45 47 51 52 53 54 56 60 63 65
1 13 1 2 5 6 8 11 12 16 17 21 23 24 27 28 30 32 33 34 36 37 40 41 42 46 49 51 52 54 55 59 60 62 65
1 25 0 1 2 3 5 7 8 15 16 17 18 20 21 23 29 33 35 37 38 40 42 44 46 47 50 51 52 54 55 56 57 60 62 63 64 65
1 9 8 9 11 12 14 18 19 20 25 26 30 32 34 37 39 40 41 42 43 45 47 48 51 53 54 57 58 59 60 62 63 65
1 43 0 4 5 10 11 12 14 15 16 17 19 20 21 22 23 24 25 26 27 31 32 33 34 39 40 41 43 44 45 46 47 48 54 57 59 60 64 65
1 8 0 6 7 9 10 12 13 14 15 16 19 20 23 24 27 30 33 36 37 38 40 41 42 43 45 46 47 48 49 51 53 54 55 57 61 62 65
1 62 0 4 5 6 7 8 9 12 13 14 18 21 23 24 27 28 30 31 32 34 41 42 44 45 46 47 48 51 54 55 56 59 63 64
1 42 0 2 3 4 5 6 7 8 9 13 15 16 18 19 21 25 27 28 30 31 33 35 36 37 38 39 40 42 43 46 47 50 51 52 58 61 63 65
1 66 0 2 3 10 11 13 15 18 20 21 22 25 26 27 28 31 32 33 38 40 44 45 47 50 51 55 56 60 61 62 64 65
1 40 0 2 4 8 9 11 13 14 16 19 20 24 25 27 28 29 30 31 32 34 35 37 44 45 48 50 53 54 56 57 58 60 61 62 64 65
1 32 1 3 4 6 12 13 14 15 17 19 20 21 23 25 28 29 33 34 35 36 37 44 46 47 49 51 52 53 56 57 59
1 24 0 1 2 4 7 10 11 12 17 18 20 21 27 28 29 32 34 35 37 38 40 41 42 46 47 48 50 52 54 55 56 57 58 64
1 33 0 2 3 5 6 7 9 15 16 20 21 22 23 25 29 30 31 36 37 41 43 50 52 53 56 57 60 61 62 65
1 12 2 4 5 7 11 12 13 14 16 17 20 26 27 29 30 31 34 36 40 41 42 45 47 50 51 53 54 55 60 63 65
1 16 0 3 4 8 12 14 17 18 19 23 28 29 30 32 34 35 36 38 41 43 44 45 46 48 51 53 55 57 58 60 61 62 64 65
1 57 0 1 5 6 8 9 10 13 15 16 23 25 26 27 31 35 38 46 47 49 52 53 54 55 58 64
1 59 2 6 7 12 13 16 17 19 20 24 25 26 27 32 33 34 36 37 38 39 44 45 47 51 53 55 56 59 61 62 63
1 23 3 4 5 6 9 10 11 12 14 15 16 19 20 22 23 26 28 29 33 34 36 40 41 42 44 45 46 48 50 56 58 63 64 65
1 27 0 2 4 6 9 10 12 13 14 15 17 20 21 26 27 28 31 32 34 35 40 41 43 44 45 47 48 49 50 51 57 58 59 61 63 65
1 36 0 1 3 5 6 7 9 12 13 14 16 17 19 20 23 24 25 27 28 29 30 31 35 38 40 41 43 44 45 46 47 48 49 51 55 56 58 59 60 61 62 63
1 65 3 7 9 10 13 14 16 18 19 20 23 24 25 28 29 30 31 32 33 34 38 39 41 42 44 46 47 48 49 51 52 53 54 56 60 61 63
1 37 0 2 3 4 8 10 14 15 16 18 19 22 24 25 26 27 29 30 31 33 34 39 40 45 47 49 51 52 53 54 56 57 59 60 62
1 55 0 1 2 4 8 9 12 13 16 17 21 23 25 28 36 40 41 43 45 46 52 53 54 56 58 60 61 62 65
1 30 0 1 2 3 4 5 6 8 9 11 13 15 16 17 18 21 22 23 24 25 26 27 28 30 31 33 37 39 41 45 46 47 50 51 52 53 54 55 56 57 58 60 61 65
1 67 0 2 8 10 12 13 14 15 16 18 20 23 25 26 27 28 32 33 34 36 40 41 44 47 48 49 50 52 53 54 55 56 57 58 59 60 63
1 6 2 8 9 10 12 13 15 16 17 20 21 24 26 28 33 34 38 41 42 45 46 48 49 50 51 52 53 54 56 57 58 60 61 64
1 64 3 4 6 12 15 16 18 20 22 27 28 29 33 35 37 40 41 44 50 51 52 53 54 55 57 59 60 62 64
1 11 0 8 10 13 14 18 19 21 22 23 24 25 28 29 31 32 34 35 36 40 43 46 51 52 53 54 56 58 59
1 52 1 2 3 4 6 8 9 10 11 15 16 17 18 22 24 25 28 34 35 36 38 40 45 46 47 49 50 56 57 60 62 63
1 31 0 1 3 5 10 12 14 15 16 17 20 23 31 34 37 38 40 43 44 45 47 48 57 58 59 61 63 64 65
1 50 0 1 2 5 6 7 9 10 11 17 20 21 22 23 24 25 27 28 30 31 34 35 40 42 43 44 46 48 50 52 55 56 57 58 59 60 62
1 34 4 8 10 11 13 15 16 17 18 20 24 26 27 31 33 41 45 49 50 51 52 53 55 57 60 64
1 35 2 3 5 7 8 9 11 14 15 18 19 22 23 24 25 28 29 33 35 41 42 43 46 47 48 50 52 53 54 56 57 61 62 63
1 46 0 3 4 5 8 10 13 14 15 17 18 21 22 24 26 27 28 31 35 36 41 42 44 48 49 50 52 53 55 56 58 60 61 63
1 10 0 2 3 4 5 11 13 14 15 16 18 19 21 24 25 26 28 30 31 32 37 38 39 40 41 43 45 47 51 52 54 55 57 58 59 61 62
1 22 1 2 3 4 9 11 13 15 16 19 20 24 26 31 35 37 40 41 43 49 50 51 52 55 62 63 64 65
1 38 3 4 8 9 10 12 13 16 22 23 24 27 28 30 31 32 33 37 38 40 43 46 51 52 53 54 55 56 57 59 60 63
1 68 0 2 9 11 12 14 15 17 18 20 23 25 26 30 31 33 34 45 46 50 52 53 56 58 61 62 63
1 53 1 4 7 9 13 14 17 18 19 20 23 24 25 26 27 28 31 33 34 35 38 39 40 46 50 54 55 56 58 59 60 61 63
1 39 0 2 4 9 13 14 16 18 20 21 22 23 26 27 28 30 31 33 34 41 42 47 50 51 52 53 54 56 57 58 59 63 64
1 5 3 4 11 12 14 16 17 21 23 24 26 28 31 34 35 36 38 44 46 47 50 52 54 55 56 57 58 59 61 62 63
0 69 9 34 42 54 56 102 103
0 70 103
0 71 3 5 34 49 55 73 89 93
0 72 101
0 73 0 12 26 38 58 66 72 87 92 100
0 74 10 25 44 61 65 67 101
0 75 69
0 76 3 21 23 49 75 96
0 77 2 3 31 37 49 54 71 77 78 91
0 78 23 35 45 50 88 93 104
0 79 18 19 56 75 91 103
0 80 21 34 61 75 99
0 81 56 72 98
0 82 19 52
0 83 7 54 101 104
0 84 15 20 51 71 77 81 84
0 85 2 34 49 70 102
0 86 1 8 37 41 45 47 90 95
0 87 14 25 41 43 48 60 83
0 88 35
0 89 1 22 37 45 46 62
0 90 70
0 91 1 67
0 92 2 18 48 76 88 95 102
0 93 10 32 58 64 66 71 93 94 97
0 94 6 14 23 30 50 66 70 92 99 103
0 95 94
0 96 2 18 36 37 55 67 68 78 103
0 97 17 45 57
0 98 30 36 43 78
0 99 28 35 53 64 70 95
0 100 3 19 26 98
0 101 43 45 76 81 88 99 101
0 102 52 58 66 78 90
0 103 5 25 74 82 93 96
0 104 23 45 59 60 72 85 86
0 105 0 12 17 45 49 63 79 90 93 101
0 106 84
0 107 8
0 108 0 2 8 21 33 37 44 70 75 76
0 109 8 18 30 35 46 50 70 86 87 104
1 64 2 6 8 11 12 13 16 17 18 19 22 23 28 29 30 32 35 38 40 41 44 46 48 49 50 53 54 56 61 62 65 68 69 81 87
1 7 4 6 8 9 12 13 16 17 18 20 21 23 24 25 28 29 30 31 32 33 34 37 38 39 40 41 43 46 47 49 54 55 57 59 61 62 63 64 65 72 95
1 42 0 2 7 12 13 15 16 17 19 20 21 26 28 33 36 37 40 42 44 45 46 47 48 50 52 54 57 58 62 64 65 66 67 72 91 105
1 29 2 3 7 8 11 13 14 15 16 22 23 25 30 31 32 33 34 35 37 39 42 44 46 48 49 52 54 55 59 61 62 64 66 67 68 72 87 108
1 65 6 7 10 13 14 15 16 17 18 19 20 23 26 27 28 29 31 33 34 37 42 45 46 48 51 52 54 55 57 58 59 61 63 64 65 69 71 103 105 110
1 0 2 6 7 8 9 11 12 14 15 16 18 25 26 29 30 33 34 36 37 38 42 43 44 45 46 47 49 50 54 59 60 63 64 66 68 104 109
1 36 3 6 7 8 9 12 14 15 16 17 18 19 20 21 22 23 27 28 29 31 32 33 34 36 40 41 42 43 45 48 51 53 54 58 61 63 65 66 67 68 69 75 85 88 91 107
1 32 0 3 8 13 14 15 18 19 22 27 28 29 31 34 35 36 37 41 42 43 45 46 47 52 53 54 55 57 59 60 61 62 63 65 67 69 72 90
1 6 0 1 2 4 5 6 9 12 13 14 15 16 17 18 22 23 28 30 35 36 37 41 44 45 47 48 50 52 53 54 58 59 64 76 83 84
1 48 1 2 3 4 5 11 13 14 16 19 20 21 22 23 28 30 33 36 37 46 48 51 53 54 56 58 59 60 63 64 66 69 78
1 5 2 3 4 6 7 8 10 11 12 13 15 17 18 20 21 22 25 27 29 31 32 33 36 39 40 42 43 47 48 49 51 56 57 61 66 69 74 102 105
1 60 3 5 6 7 8 9 11 13 17 18 19 24 25 27 28 29 30 31 32 36 38 40 42 46 47 49 50 60 61 65 66 67 69 92 102 110
1 25 0 1 2 3 4 6 8 9 15 19 20 23 24 25 28 30 31 36 37 38 40 42 44 48 49 60 61 65 66 67 68 69 70
1 33 0 2 6 7 11 15 17 20 22 23 25 30 32 35 37 38 39 40 43 46 53 54 56 61 66 67 81 83
1 44 1 3 8 10 14 16 17 19 20 29 30 31 33 36 37 47 48 56 58 59 61 63 65 66 67 68 69 83 84
1 10 1 3 6 7 12 13 14 15 18 19 21 22 23 24 25 27 31 32 33 34 35 36 37 38 39 43 47 48 54 57 59 63 65 66 67 68 69 81 84
1 49 0 1 2 4 5 6 13 15 16 17 19 20 25 26 27 28 30 31 32 35 36 37 39 40 41 42 43 45 46 48 49 50 51 54 55 56 58 59 63 64 66 77 95 99 102 109
1 30 0 2 4 6 8 11 12 14 16 19 20 21 22 24 25 27 28 32 34 38 43 44 45 46 49 51 54 56 57 58 59 60 61 62 63 64 65 69 85
1 27 0 4 6 15 18 20 21 27 28 29 32 33 34 35 36 40 42 43 45 47 49 51 55 58 59 61 63 64 65 67 68
1 39 0 1 3 4 5 7 8 11 16 17 18 21 23 25 27 29 30 31 32 33 35 38 40 41 45 48 49 50 51 52 54 55 58 59 60 61 62 65 66 68 93 111
1 2 1 6 7 9 10 12 14 15 17 19 20 21 22 23 25 26 30 31 32 33 34 36 37 38 39 47 49 50 52 56 60 61 63 64 68 83 93 104
1 45 1 3 4 9 12 14 15 16 19 20 21 22 23 24 25 26 28 30 31 33 34 35 36 42 43 46 48 49 50 51 54 56 58 61 63 64 65 66 67 69 83 88 93 98 107
1 43 1 5 6 8 9 10 11 12 13 15 16 17 18 19 20 21 22 23 25 27 29 30 31 33 35 36 37 40 44 47 50 51 52 55 56 57 59 60 61 62 63 67 69 70 73 99 103
1 19 3 4 6 7 9 10 13 14 15 16 17 19 21 23 25 27 28 30 33 34 35 39 41 44 46 47 48 49 50 52 53 54 57 58 59 60 61 62 64 65 67 68 69 81 82 110
1 21 3 4 11 12 13 14 15 18 21 22 24 28 33 34 35 36 37 38 39 43 44 45 50 51 53 54 55 56 57 59 61 65 68 69 110
1 35 0 3 6 7 10 11 12 16 17 19 20 24 27 29 33 34 35 36 37 40 41 42 44 48 49 50 53 54 57 59 61 64 66 67 69 84 91
1 41 6 7 11 13 14 16 19 21 23 25 27 28 29 30 33 35 37 39 41 43 45 46 48 49 51 53 54 58 59 60 61 62 64 65 66 106
1 46 0 6 7 8 9 12 13 14 17 25 26 27 28 30 32 33 35 36 37 38 41 44 46 48 51 53 54 63 64 65 66 67 68 69 72 79 92
1 38 0 1 5 6 8 9 11 13 14 15 16 19 20 22 23 25 26 27 28 29 30 34 35 37 40 41 42 43 45 46 47 48 50 55 57 60 61 62 65 66 68 69 70 79 84 90 91 95 102 111
1 1 1 2 6 7 10 11 13 16 18 19 20 21 22 23 26 27 28 30 32 33 35 37 39 42 44 45 47 48 50 51 53 60 61 63 65 67 68 69 106 108
1 11 1 3 4 5 9 10 11 14 16 18 21 23 25 27 30 31 32 36 37 38 41 42 45 46 49 50 52 53 61 62 64 66 67 68 69 76 80 83 94 98 105
1 26 2 4 7 8 12 13 14 15 16 17 18 21 23 25 27 33 34 35 36 37 38 40 44 47 49 51 52 53 55 57 58 59 60 63 65 68 69 94 101 104 110
1 12 1 2 6 7 8 9 10 14 16 17 20 27 32 33 34 35 36 38 39 40 42 43 44 45 46 51 52 55 60 62 64 66 67 82 95 96 98 107
1 61 0 1 2 4 6 7 8 13 15 16 20 23 26 27 28 32 34 35 37 41 42 47 48 49 51 52 55 56 61 62 63 66 70 102
1 57 0 2 3 4 5 6 7 9 13 16 17 19 20 21 22 23 25 27 31 32 33 34 35 37 39 40 41 42 43 46 47 49 53 58 59 62 63 65 67 68 69 77 82 101 104
1 51 0 1 2 6 7 9 10 12 13 14 16 18 19 22 23 25 26 29 30 35 36 38 39 40 41 42 43 44 46 48 50 53 56 57 60 61 63 64 65 66 68 69 76
1 8 0 1 2 3 7 10 11 14 15 17 25 30 32 33 34 35 39 40 44 45 46 47 48 52 55 57 58 59 60 64 65 66 67 69 90 110
1 22 0 1 4 5 6 9 10 11 12 15 16 19 22 23 26 27 29 30 37 41 43 44 45 46 49 53 54 57 59 61 62 66 67 70 71 80 93 95
1 37 0 1 3 5 9 10 11 17 20 22 23 24 25 28 29 31 34 35 36 39 44 49 51 56 58 60 62 63 65 66 93 105 109
1 15 2 3 7 9 10 14 15 16 17 18 24 27 29 30 33 34 39 41 43 44 46 49 51 52 55 59 62 65 67 69 71 76 83 98
1 13 0 1 5 15 16 18 19 20 22 27 29 30 31 32 33 37 38 40 41 45 49 52 53 55 56 58 61 62 63 65 66 98 109
1 16 4 7 8 10 14 15 16 20 21 22 23 31 33 34 37 38 41 43 44 45 46 49 51 52 53 58 59 69
1 63 0 1 6 8 11 14 19 20 21 22 24 26 27 28 30 31 33 36 37 39 42 44 49 52 53 55 56 57 58 61 63 67 68 72 83 108
1 20 0 2 5 6 10 11 12 13 14 16 19 20 21 23 24 25 27 28 29 31 32 34 35 36 37 38 39 40 41 42 43 44 46 48 51 53 54 57 58 59 60 61 64 65 71 88 93 109
1 62 0 1 2 3 4 5 7 9 11 13 14 17 18 19 21 23 26 30 31 32 38 39 40 41 42 45 49 51 52 53 56 59 61 63 64 65 66 69 82
1 17 1 4 6 8 9 12 13 14 15 16 18 20 21 23 24 26 28 32 37 43 44 45 46 47 49 50 51 52 53 55 56 57 60 61 62 64 65 69 91 107
1 18 0 5 7 9 10 11 13 14 15 16 17 19 21 29 33 34 35 37 39 40 43 46 47 48 52 53 55 56 57 59 60 61 62 63 65 67 79 90
1 40 0 1 5 6 10 13 14 15 17 19 20 22 23 24 27 33 34 35 37 39 41 42 44 51 52 53 54 56 59 60 61 62 64 66 67 69 73 110
1 4 0 3 4 10 15 22 23 25 27 34 35 38 39 42 43 44 45 46 47 48 49 55 59 60 61 73 88 109
1 9 0 3 4 7 9 10 13 16 18 20 21 23 26 27 32 35 36 39 46 48 50 51 53 54 57 58 59 60 61 62 65 66 67
1 53 1 2 4 5 6 7 8 9 10 13 14 17 19 25 26 29 32 33 39 42 44 47 48 49 55 57 58 59 60 62 63 64 66 67 69 85 94
1 14 0 1 2 5 9 11 12 15 17 19 20 21 28 29 31 34 35 36 40 42 43 44 46 47 53 54 56 57 58 60 61 63 64 65 67 72 81 92 93 94 107
1 54 0 6 10 11 12 13 17 20 26 28 31 32 34 35 39 40 41 45 48 56 61 63 69 76 103
1 55 0 1 4 5 6 7 9 11 12 15 16 19 22 23 25 27 29 32 33 35 36 39 41 44 45 46 49 53 54 56 58 60 61 63 64 65 66 67 68 69
1 59 4 5 6 7 8 11 14 16 18 20 22 23 24 25 26 30 31 32 34 35 36 37 39 44 45 47 48 51 53 55 57 60 61 62 63 65 66
1 24 1 2 3 4 5 7 11 12 13 14 15 16 20 21 23 24 26 29 31 32 33 36 37 42 44 45 47 48 51 53 55 57 58 59 60 63 64 69 74 95 102
1 23 0 1 2 4 5 9 11 12 16 18 19 21 24 25 30 32 34 35 37 39 40 41 42 44 47 52 57 60 61 62 69 101
1 47 1 2 3 4 5 7 8 9 10 11 13 16 18 19 23 24 25 26 28 30 31 34 42 43 44 45 48 51 52 53 55 57 58 64 65 67 68 102
1 28 0 2 3 5 6 7 10 12 13 17 19 23 24 26 27 28 29 31 33 35 36 38 40 45 48 51 52 55 56 57 59 60 62 64 66 69 105
1 58 0 1 3 4 8 10 11 13 16 17 22 24 27 33 38 40 44 45 48 54 58 59 60 62 65 67 81
1 3 1 2 4 5 6 7 8 9 11 12 13 15 17 25 26 27 28 33 37 38 39 41 42 43 44 45 48 51 52 53 55 56 57 58 62 63 64 69 85 107
1 34 0 1 2 7 11 12 14 16 17 18 23 24 26 31 32 34 38 39 41 43 44 48 53 54 56 58 60 61 62 63 65 69 75 76 85 111
1 56 0 1 5 7 9 11 15 17 18 19 22 23 24 25 26 27 29 31 33 34 35 37 38 39 41 43 47 48 49 50 52 53 55 57 60 61 62 63 64 65 66 72 93
1 31 1 4 5 7 9 10 11 15 17 18 19 23 24 25 26 29 30 31 33 34 35 36 37 39 40 43 45 49 51 53 54 56 57 58 60 61 62 64 69 110
1 50 4 5 9 10 13 14 16 17 19 21 24 28 29 35 39 40 41 42 44 48 51 53 54 62 63 65 68 89
1 52 2 4 5 7 10 11 12 16 17 22 24 26 28 31 34 35 36 37 38 39 41 42 49 51 52 55 56 58 62 63 65 66 67
0 66 8 18 22 33 70 73 80 83 87 92 93 95 109
0 67 26 81 85 98 100
0 68 6 29 42 43 54 63 64 66 71 85 90 93 98
0 69 17 24 27 55 56 70 93 98 106
0 70 12 26 90 94
0 71 3 15 24 65 81
0 72 14 33 56 96 107
0 73 1 18 22 26 36 46 49 55 68 69 108 109
0 74 11 36 91 98
0 75 1 3 20 29 46 53 54 55 62 89 96 98 99 107
0 76 9 28 40 56 72 81 86 93 99 106
0 77 5 18 31 47 48 60 73 75 80 81 88 90 110
0 78 59 71 100
0 79 15 17 20 22 29 50 85 94 105 110
0 80 1 3 28 33 62 71 88 89 98 102 105
0 81 15 24 33 38 50 51 73 77 93 102 110
0 82 8 14 55 67 78 84
0 83 15 70 87 106
0 84 19 77 78 81 92
0 85 7 36 48 73 87 90 91 93 100
0 86 5 6 8 11 34 42 44 58 68 73 83 89 95 109
0 87 22 70 82 94 99 100
0 88 2 40 48 55 67 80 82 83 94 95 96 100 101 107
0 89 8 16 76 87 99
0 90 8 10 17 21 31 39 50 59 71 82 87 99 103 108
0 91 35 36 37 51 71 77 80 84 88 93 104 106
0 92 12 39 74 75 81 97 99 105 107 111
0 93 0 4 12 31 36 52 79 100
0 94 22 27 29 37 44 60 68 82 88
0 95 0 13 27 73 79 93
0 96 4 18 30 39 57 61 74 89 99 100
0 97 28 75 89 91 94 107
0 98 1 8 28 39 54 82 98 110
0 99 3 59 97 103 109
0 100 9 12 38 66 84 85 86 92 100 109
0 101 54 80 102
0 102 18 45 70 76 92 100 111
0 103 8 42 46 70 72 86 91 95 104 109
0 104 13 17 21 29 31 44 61 65 78 89 93 100 107 111
1 54
1 50
1 68
1 30
1 46
1 8
1 28
1 6
1 20
1 18
1 36
1 59
1 47
1 3
1 15
1 66
1 22
1 37
1 49
1 21
1 33
1 14
1 13
1 32
1 61
1 25
1 67
1 40
1 29
1 12
1 16
1 19
1 69
1 27
1 64
1 42
1 23
1 48
1 2
1 43
1 65
1 31
1 38
1 17
1 63
1 34
1 45
1 35
1 7
1 58
1 41
1 52
1 51
1 9
1 55
1 0
1 56
1 57
1 44
1 11
1 4
1 1
1 60
1 53
1 62
1 39
1 10
1 26
1 5
1 24
0 70
0 71
0 72
0 73
0 74
0 75
0 76
0 77
0 78
0 79
0 80
0 81
0 82
0 83
0 84
0 85
0 86
0 87
0 88
0 89
0 90
0 91
0 92
0 93
0 94
0 95
0 96
0 97
0 98
0 99
0 100
0 101
0 102
0 103
0 104
0 105
0 106
0 107
0 108
0 109
0 110
0 111
