0,1,238,207,0:00:01.526405
1,1,336,310,0:00:02.017342
2,1,318,314,0:00:02.508468
3,1,371,360,0:00:02.980863
4,1,45,33,0:00:00.342211
5,1,476,415,0:00:02.239153
6,1,412,363,0:00:04.424954
7,1,112,104,0:00:00.831893
8,1,171,143,0:00:01.410446
9,1,207,163,0:00:01.280393
10,1,355,289,0:00:14.437190
11,1,481,373,0:00:21.731767
12,1,530,369,0:00:38.688970
13,1,623,463,0:00:21.364315
14,1,112,76,0:00:02.629195
15,1,885,740,0:00:35.420088
16,1,714,585,0:00:31.355090
17,1,198,144,0:00:06.045474
18,1,299,242,0:00:11.952042
19,1,345,242,0:00:13.953455
20,1,1274,1145,0:00:02.764323
21,1,1089,980,0:00:03.604968
22,1,1136,1088,0:00:02.892948
23,1,2388,2194,0:00:05.494083
24,1,71,62,0:00:00.487394
25,1,3233,3136,0:00:06.075967
26,1,3431,3198,0:00:05.767757
27,1,371,351,0:00:02.785732
28,1,160,143,0:00:01.347019
29,1,492,469,0:00:01.442933
30,1,2137,1805,0:00:38.767822
31,1,2091,1788,0:00:41.439581
32,1,1730,1547,0:01:25.165610
33,1,3765,3427,0:01:17.824728
34,1,73,55,0:00:03.386304
35,1,5401,4837,0:03:04.249937
36,1,6061,5535,0:01:40.968024
37,1,793,663,0:00:10.086382
38,1,334,242,0:00:13.585784
39,1,771,708,0:00:18.909560
40,1,3487,3386,0:00:07.877658
41,1,3721,3630,0:00:04.933083
42,1,3974,3781,0:00:05.334315
43,1,6781,6708,0:00:13.348704
44,1,236,210,0:00:00.460242
45,1,8745,8711,0:00:21.320965
46,1,10116,9918,0:00:20.336844
47,1,1406,1364,0:00:01.288124
48,1,379,340,0:00:02.189665
49,1,1490,1377,0:00:04.620904
50,1,5671,5396,0:01:22.340894
51,1,6150,5468,0:02:26.957588
52,1,6854,6136,0:02:14.772199
53,1,11372,10623,0:04:35.328449
54,1,358,285,0:00:05.152550
55,1,13882,12856,0:03:18.621348
56,1,17588,16662,0:04:04.299269
57,1,1960,1930,0:00:22.862357
58,1,736,639,0:00:23.822984
59,1,2723,2392,0:00:32.447564
60,1,1181,1070,0:00:21.529679
61,1,1495,1310,0:00:14.454256
62,1,2037,1931,0:00:33.500201
63,1,1312,1157,0:00:14.170616
64,1,563,474,0:00:03.628715
65,1,1315,1268,0:00:11.806767
66,1,1586,1515,0:00:20.308825
67,1,604,555,0:00:05.883054
68,1,938,836,0:00:08.943889
69,1,1335,1213,0:00:13.997867
70,1,1796,1436,0:02:07.974222
71,1,2130,1738,0:05:05.443951
72,1,3259,2753,0:04:35.069838
73,1,2264,1783,0:03:46.660856
74,1,910,648,0:00:52.715744
75,1,2189,1710,0:03:00.031601
76,1,2353,2002,0:05:31.406889
77,1,1017,804,0:01:38.703319
78,1,1604,1289,0:01:51.226691
79,1,2421,2014,0:03:46.967746
80,1,5234,4822,0:00:27.951961
81,1,6332,5965,0:00:28.701892
82,1,13099,12339,0:00:42.906199
83,1,6501,6150,0:00:30.565755
84,1,1349,1158,0:00:08.353814
85,1,6267,5939,0:00:32.835800
86,1,7064,6794,0:00:37.982314
87,1,1968,1891,0:00:12.065493
88,1,1429,1261,0:00:15.445053
89,1,5978,5785,0:00:38.801113
90,1,8695,7795,0:04:05.021472
91,1,10617,9545,0:05:22.302527
92,1,21371,20167,0:12:52.644871
93,1,11459,10511,0:06:40.339619
94,1,1991,1630,0:01:31.662513
95,1,10605,9827,0:11:20.213787
96,1,12059,11117,0:09:00.003549
97,1,3289,2955,0:01:46.395565
98,1,2604,2044,0:03:22.506577
99,1,10324,9196,0:06:35.566383
100,1,15123,14807,0:00:40.923481
101,1,18562,18154,0:00:55.806492
102,1,38073,37239,0:01:31.802019
103,1,20001,19548,0:01:43.984651
104,1,3402,3199,0:00:09.933495
105,1,18463,18012,0:01:22.180860
106,1,20486,19992,0:01:07.662505
107,1,6122,5979,0:00:18.105376
108,1,4148,3852,0:00:16.513926
109,1,18387,17507,0:01:05.522301
110,1,25440,23845,0:08:54.304038
111,1,30188,28272,0:16:26.796664
112,1,62635,59847,0:24:29.503495
113,1,33166,30649,0:13:09.405745
114,1,6098,5357,0:01:34.366056
115,1,29866,28323,0:11:18.923557
116,1,35324,33163,0:29:29.901029
117,1,10260,9559,0:02:44.774549
118,1,7003,6058,0:05:47.926124
119,1,30036,28530,0:14:29.093696
120,1,3103,2850,0:01:07.069334
121,1,3876,3681,0:01:24.384592
122,1,3772,3272,0:01:05.106743
123,1,3193,2797,0:00:50.467983
124,1,1896,1725,0:00:31.037023
125,1,2993,2690,0:01:47.858681
126,1,3157,2801,0:01:49.171370
127,1,1715,1593,0:00:28.375984
128,1,2304,2066,0:01:26.149750
129,1,3224,2939,0:01:09.108471
130,1,5161,4321,0:14:39.438948
131,1,6624,5676,0:11:12.146510
132,1,5666,4825,0:06:15.535699
133,1,4601,3765,0:18:44.593349
134,1,3238,2698,0:07:59.331694
135,1,4929,4086,0:15:49.218330
136,1,5213,4215,0:09:56.029410
137,1,3018,2402,0:07:17.594059
138,1,3910,3272,0:10:38.398053
139,1,5015,4095,0:07:42.681332
140,1,17673,16864,0:02:29.614557
141,1,23691,22792,0:04:36.317460
142,1,13523,12948,0:03:24.273613
143,1,10086,9640,0:03:06.879549
144,1,4901,4502,0:01:41.021625
145,1,13124,12542,0:04:17.326608
146,1,15286,14360,0:01:39.793621
147,1,4335,4086,0:00:40.054123
148,1,5619,5228,0:00:48.357628
149,1,13936,13372,0:01:27.925715
150,1,29135,26784,0:44:02.187809
151,1,39110,36253,0:48:28.045256
152,1,21751,20149,0:15:12.231821
153,1,16675,15273,0:12:24.952937
154,1,8297,7211,0:10:28.112734
155,1,22227,20058,0:14:14.678171
156,1,23237,21891,0:23:32.358252
157,1,7366,6559,0:08:18.761899
158,1,8843,7536,0:06:45.573418
159,1,23705,21499,0:22:32.487854
160,1,51126,49944,0:03:40.294057
161,1,73203,71727,0:07:23.848939
162,1,38162,37196,0:06:34.491833
163,1,30584,29582,0:02:04.115341
164,1,14808,14114,0:01:15.905494
165,1,37689,36850,0:04:44.888188
166,1,42896,42106,0:03:28.613222
167,1,13486,12974,0:01:46.984676
168,1,15698,15218,0:01:21.132853
169,1,42694,41822,0:04:01.183695
170,1,88289,83230,1:32:33.922405
171,1,122698,116528,1:11:10.853557
172,1,64749,60822,1:03:27.060112
173,1,51163,47924,0:55:16.767905
174,1,26088,23941,0:36:46.502998
175,1,65774,62572,1:01:13.476756
176,1,72863,69713,2:43:59.263491
177,1,22884,21198,0:25:57.552654
178,1,26709,24068,1:14:19.288763
179,1,73413,69755,5:01:11.072105
180,1,6122,5572,0:11:50.916225
181,1,5494,5029,0:13:57.536482
182,1,4797,4373,0:07:15.122314
183,1,5005,4481,0:07:16.480011
184,1,3378,3096,0:04:03.470488
185,1,4674,4351,0:05:44.064654
186,1,5404,4866,0:06:17.648534
187,1,4286,3964,0:04:03.422352
188,1,4260,3888,0:03:47.438387
189,1,4524,4127,0:05:56.060536
190,1,10371,8942,0:52:09.040635
191,1,9744,8301,1:22:39.271365
192,1,8087,6526,0:56:39.558437
193,1,8419,7036,2:20:53.911143
194,1,5705,4714,0:34:51.488771
195,1,8233,6703,0:37:10.081977
196,1,9110,7699,1:52:16.944871
197,1,7382,6213,0:55:38.950838
198,1,7060,5881,0:17:17.921275
199,1,7132,5867,0:16:02.509207
200,1,37071,35260,0:06:23.766435
201,1,28518,27117,0:07:15.618040
202,1,15966,15451,0:02:39.971455
203,1,21399,20325,0:05:55.827829
204,1,11351,10661,0:02:38.784746
205,1,18745,18096,0:04:11.093670
206,1,19431,18575,0:03:15.031394
207,1,16504,15641,0:03:02.979638
208,1,12839,12218,0:02:58.070779
209,1,16774,15926,0:02:14.779852
210,1,63050,58074,1:17:17.287218
211,1,46295,42396,0:33:24.449776
212,1,26650,24415,0:47:48.221041
213,1,36285,32984,0:27:06.582328
214,1,18204,16553,0:15:33.230143
215,1,31149,28459,1:09:46.968121
216,1,32245,29568,0:35:06.450623
217,1,25839,23642,0:34:31.185767
218,1,21828,19376,0:49:13.814660
219,1,26800,24205,0:33:09.591683
220,1,112123,109739,0:10:43.092059
221,1,83264,81114,0:11:25.314451
222,1,48132,46071,0:05:28.450832
223,1,62040,60009,0:10:02.860757
224,1,32420,31216,0:03:30.163845
225,1,55775,53913,0:06:45.635216
226,1,60690,58227,0:08:11.429311
227,1,48595,46982,0:06:22.749818
228,1,37840,36355,0:03:30.390681
229,1,49878,47908,0:04:42.017071
230,1,190716,179980,2:23:28.618770
231,1,140009,132412,2:34:08.329778
232,1,79678,74645,1:45:47.576741
233,1,106405,100009,1:12:08.616343
234,1,54356,50953,0:31:22.194907
235,1,93075,87868,1:13:49.221421
236,1,100696,95037,1:23:03.674002
237,1,82572,76900,1:16:55.303824
238,1,62482,57870,1:37:14.765791
239,1,83981,78226,0:46:36.418223
0,2,230,201,0:00:02.447857
1,2,298,282,0:00:02.352711
2,2,356,310,0:00:03.295642
3,2,394,356,0:00:05.341404
4,2,30,30,0:00:00.492817
5,2,498,375,0:00:03.471023
6,2,382,327,0:00:04.934575
7,2,107,98,0:00:01.064131
8,2,-1,-1,-1
9,2,216,136,0:00:01.393049
10,2,330,248,0:00:14.629772
11,2,461,337,0:00:20.797241
12,2,559,352,0:00:35.183299
13,2,526,432,0:00:20.980029
14,2,73,56,0:00:02.785786
15,2,925,671,0:00:35.365191
16,2,668,523,0:00:33.450912
17,2,180,127,0:00:05.785456
18,2,301,220,0:00:14.222912
19,2,334,218,0:00:15.231876
20,2,1206,1143,0:00:05.792952
21,2,1090,969,0:00:06.162249
22,2,1131,1086,0:00:05.193153
23,2,2235,2112,0:00:08.096015
24,2,57,57,0:00:00.679782
25,2,3145,3058,0:00:08.043814
26,2,3373,3132,0:00:07.996892
27,2,382,351,0:00:02.815397
28,2,-1,-1,-1
29,2,457,433,0:00:02.186831
30,2,2158,1725,0:00:46.501271
31,2,1852,1678,0:01:26.470052
32,2,1971,1499,0:01:24.772356
33,2,3794,3252,0:01:18.181718
34,2,75,51,0:00:03.655717
35,2,5213,4688,0:03:06.342122
36,2,6020,5306,0:01:58.077421
37,2,741,617,0:00:14.526584
38,2,297,220,0:00:13.760020
39,2,723,656,0:00:24.752666
40,2,3566,3380,0:00:13.537738
41,2,3702,3570,0:00:08.176643
42,2,3965,3678,0:00:08.230775
43,2,6857,6564,0:00:16.433042
44,2,242,210,0:00:00.933052
45,2,8739,8527,0:00:26.153051
46,2,9932,9849,0:00:28.400634
47,2,1406,1364,0:00:04.242793
48,2,-1,-1,-1
49,2,1425,1367,0:00:05.773042
50,2,5569,5306,0:02:06.791447
51,2,6268,5324,0:03:20.270198
52,2,6877,5877,0:01:34.154523
53,2,11344,10356,0:04:29.592681
54,2,351,274,0:00:10.750204
55,2,14704,12830,0:03:26.688785
56,2,17741,16278,0:03:23.231366
57,2,2090,1929,0:00:34.506317
58,2,700,601,0:00:23.261754
59,2,2757,2283,0:00:42.813184
60,2,1137,1032,0:00:18.985926
61,2,1371,1251,0:00:20.290833
62,2,2024,1805,0:00:26.196577
63,2,1334,1098,0:00:19.751921
64,2,507,458,0:00:07.034523
65,2,1367,1207,0:00:17.576873
66,2,1559,1435,0:00:41.188471
67,2,623,525,0:00:08.446539
68,2,-1,-1,-1
69,2,1356,1183,0:00:20.755879
70,2,1890,1338,0:04:38.099733
71,2,2074,1689,0:02:22.665203
72,2,3366,2656,0:04:49.227048
73,2,2153,1668,0:02:13.607490
74,2,964,614,0:00:58.997828
75,2,2030,1623,0:03:30.004607
76,2,2657,1922,0:05:09.430116
77,2,1094,756,0:00:50.152575
78,2,1599,1263,0:02:21.504030
79,2,2414,1925,0:02:10.952582
80,2,5071,4643,0:00:50.149501
81,2,6139,5836,0:01:00.584609
82,2,12855,11996,0:01:04.234549
83,2,6408,6032,0:00:35.550642
84,2,1343,1150,0:00:12.687016
85,2,6316,5838,0:00:53.753440
86,2,6929,6665,0:01:06.155175
87,2,1972,1847,0:00:17.345740
88,2,-1,-1,-1
89,2,5928,5674,0:01:00.156806
90,2,8463,7576,0:05:44.741781
91,2,10433,9347,0:07:29.729136
92,2,21544,19753,0:14:45.350954
93,2,11762,10123,0:06:02.223263
94,2,1924,1569,0:01:13.348662
95,2,10519,9511,0:09:08.858042
96,2,12355,10926,0:07:17.055492
97,2,3291,2880,0:01:49.635015
98,2,2476,1962,0:01:49.242740
99,2,10265,9051,0:06:45.109038
100,2,15381,14627,0:01:03.429412
101,2,18667,17929,0:01:32.409912
102,2,37535,36659,0:02:07.469729
103,2,20491,19322,0:01:07.844038
104,2,3412,3146,0:00:27.628332
105,2,18631,17872,0:02:35.295516
106,2,20434,19673,0:01:47.817391
107,2,6184,5936,0:00:24.815588
108,2,-1,-1,-1
109,2,18379,17270,0:01:31.024951
110,2,26315,23448,0:24:07.303006
111,2,30438,28106,0:36:26.992982
112,2,62249,59614,0:28:57.359179
113,2,33705,30354,0:12:30.576262
114,2,6032,5232,0:02:34.189703
115,2,30798,28104,0:13:50.447266
116,2,35039,32911,0:21:10.175428
117,2,10372,9480,0:03:00.766917
118,2,7058,5866,0:03:10.555846
119,2,30772,28019,0:12:06.350600
120,2,3107,2777,0:01:24.073717
121,2,3848,3428,0:01:26.176358
122,2,-1,-1,-1
123,2,-1,-1,-1
124,2,1913,1638,0:00:52.700859
125,2,-1,-1,-1
126,2,3034,2721,0:01:38.922987
127,2,1652,1491,0:00:39.602467
128,2,-1,-1,-1
129,2,3186,2761,0:01:30.319100
130,2,5215,4192,0:08:24.040191
131,2,6601,5457,0:18:54.816911
132,2,5508,4458,0:07:55.780532
133,2,4844,3601,0:10:53.181228
134,2,3374,2591,0:06:19.827039
135,2,4990,3904,0:12:42.640082
136,2,5487,4038,0:10:36.916943
137,2,2966,2283,0:03:16.646900
138,2,4226,3115,0:07:11.714375
139,2,5084,3902,0:08:39.022451
140,2,17220,16510,0:02:38.124499
141,2,23825,22497,0:04:10.380471
142,2,-1,-1,-1
143,2,-1,-1,-1
144,2,5012,4450,0:02:17.525982
145,2,-1,-1,-1
146,2,15226,13875,0:02:47.946628
147,2,4434,4034,0:00:51.650308
148,2,-1,-1,-1
149,2,14302,13146,0:02:17.668456
150,2,30170,26231,0:54:18.812899
151,2,39721,35702,0:33:49.298467
152,2,22189,19826,1:15:10.862842
153,2,16693,14992,0:24:56.044419
154,2,8350,7001,0:07:40.818436
155,2,21893,19575,0:13:25.831538
156,2,24701,21610,0:43:06.236561
157,2,7338,6279,0:07:44.888754
158,2,8775,7430,0:12:36.490943
159,2,23999,20928,0:17:51.123245
160,2,51839,49197,0:03:51.120529
161,2,73892,70965,0:09:21.188978
162,2,-1,-1,-1
163,2,-1,-1,-1
164,2,15138,14074,0:03:09.769562
165,2,-1,-1,-1
166,2,42786,41826,0:04:35.257075
167,2,13688,12727,0:01:27.210488
168,2,-1,-1,-1
169,2,43683,41353,0:08:44.247813
170,2,88880,82122,1:00:29.964738
171,2,125539,115480,1:30:17.505921
172,2,66457,60283,0:54:54.351061
173,2,52863,47453,1:24:15.179779
174,2,26366,23531,0:14:17.029040
175,2,67914,62127,1:02:17.654597
176,2,75171,69340,2:42:20.656846
177,2,22453,20967,0:20:22.842810
178,2,26553,23883,0:22:30.343377
179,2,74497,69129,0:38:32.097948
180,2,6004,5402,0:04:04.940701
181,2,5482,4780,0:03:53.487536
182,2,-1,-1,-1
183,2,-1,-1,-1
184,2,3329,2931,0:01:33.948506
185,2,-1,-1,-1
186,2,5317,4668,0:02:02.191835
187,2,4297,3818,0:01:52.878374
188,2,-1,-1,-1
189,2,4450,3851,0:01:49.336492
190,2,10851,8569,0:29:44.856791
191,2,9731,7926,0:16:19.135027
192,2,8211,6304,0:25:25.573409
193,2,8453,6686,0:18:58.747525
194,2,5710,4522,0:10:24.966838
195,2,8051,6408,0:17:44.900362
196,2,9259,7406,0:19:44.790938
197,2,7569,5905,0:25:48.632993
198,2,7352,5657,0:10:45.068753
199,2,7188,5632,0:29:10.514181
200,2,37152,34742,0:09:03.176987
201,2,28249,26672,0:05:25.346264
202,2,-1,-1,-1
203,2,-1,-1,-1
204,2,11196,10378,0:03:16.395180
205,2,-1,-1,-1
206,2,19657,18338,0:09:04.659215
207,2,16196,15309,0:08:05.552546
208,2,-1,-1,-1
209,2,16639,15607,0:03:38.523611
210,2,63656,56809,1:23:18.780343
211,2,46480,41748,0:49:15.605213
212,2,27510,23941,0:46:12.241151
213,2,36228,32308,0:47:28.708258
214,2,18772,16036,1:12:46.305862
215,2,31634,28040,0:39:14.884282
216,2,33447,29069,1:08:35.661861
217,2,26294,23182,0:58:30.023282
218,2,21760,18883,0:19:59.725642
219,2,27528,23693,0:31:57.677928
220,2,113491,108616,0:19:11.050386
221,2,83895,79937,0:12:44.930123
222,2,-1,-1,-1
223,2,-1,-1,-1
224,2,32566,30746,0:08:12.717454
225,2,-1,-1,-1
226,2,60311,57680,0:10:15.314372
227,2,49046,46532,0:07:17.965043
228,2,-1,-1,-1
229,2,49711,47281,0:11:53.221162
230,2,193721,177494,3:40:19.903582
231,2,140595,131583,3:13:44.612414
232,2,81378,73976,0:54:37.632886
233,2,106594,98946,2:25:45.614353
234,2,55877,50554,1:56:34.280571
235,2,95243,87078,1:57:49.118157
236,2,103623,93987,2:33:18.968058
237,2,84129,75690,1:22:00.993695
238,2,63512,57404,2:21:15.446395
239,2,84990,77323,1:41:10.168787
0,3,234,197,0:00:02.524741
1,3,295,264,0:00:02.684923
2,3,367,309,0:00:05.894779
3,3,396,352,0:00:08.209887
4,3,-1,-1,-1
5,3,399,349,0:00:04.580879
6,3,394,318,0:00:05.369088
7,3,106,97,0:00:01.730496
8,3,-1,-1,-1
9,3,191,118,0:00:02.749728
10,3,316,231,0:00:16.594282
11,3,503,315,0:00:21.744327
12,3,590,336,0:00:43.904595
13,3,576,413,0:00:20.509971
14,3,67,47,0:00:03.274405
15,3,852,612,0:00:40.724874
16,3,609,474,0:00:32.674428
17,3,180,121,0:00:05.567571
18,3,318,198,0:00:13.332172
19,3,301,205,0:00:20.424220
20,3,1222,1143,0:00:07.120025
21,3,1038,962,0:00:09.349631
22,3,1142,1086,0:00:09.827475
23,3,2219,2091,0:00:16.087496
24,3,-1,-1,-1
25,3,3229,3016,0:00:10.053850
26,3,3287,3097,0:00:11.419408
27,3,418,351,0:00:03.014313
28,3,-1,-1,-1
29,3,406,404,0:00:02.363957
30,3,2073,1651,0:01:07.211197
31,3,1961,1594,0:00:52.000946
32,3,1854,1411,0:01:49.937916
33,3,3924,3198,0:01:36.436195
34,3,111,51,0:00:05.589345
35,3,5630,4576,0:03:00.898942
36,3,5727,5205,0:02:10.044367
37,3,652,592,0:00:12.449188
38,3,312,198,0:00:13.500157
39,3,756,605,0:00:26.344781
40,3,3569,3380,0:00:20.268048
41,3,3873,3526,0:00:13.074621
42,3,3781,3612,0:00:11.750092
43,3,6910,6550,0:00:31.968301
44,3,-1,-1,-1
45,3,8910,8343,0:00:27.496857
46,3,10136,9677,0:00:33.372698
47,3,1463,1340,0:00:02.781917
48,3,-1,-1,-1
49,3,1423,1367,0:00:10.678489
50,3,5560,5119,0:02:09.174576
51,3,6048,5240,0:02:24.008732
52,3,7133,5692,0:02:01.362115
53,3,11127,10285,0:06:45.233721
54,3,333,274,0:00:09.272206
55,3,14561,12811,0:03:58.347868
56,3,17932,16168,0:04:33.163490
57,3,2378,1888,0:00:42.487573
58,3,715,582,0:00:20.861998
59,3,2791,2253,0:00:33.932687
60,3,-1,-1,-1
61,3,1448,1208,0:00:22.627174
62,3,1904,1763,0:00:30.359202
63,3,-1,-1,-1
64,3,-1,-1,-1
65,3,-1,-1,-1
66,3,-1,-1,-1
67,3,633,520,0:00:22.281906
68,3,-1,-1,-1
69,3,1372,1173,0:00:21.866643
70,3,1806,1303,0:04:01.696477
71,3,2077,1654,0:04:06.373838
72,3,3285,2607,0:09:35.679261
73,3,2121,1612,0:08:02.585709
74,3,871,600,0:01:26.945239
75,3,1960,1578,0:05:36.470839
76,3,2374,1862,0:06:18.289238
77,3,967,749,0:01:09.584966
78,3,1680,1205,0:03:33.419618
79,3,2325,1870,0:03:03.669014
80,3,-1,-1,-1
81,3,6210,5793,0:01:37.254169
82,3,12754,11825,0:01:13.846441
83,3,-1,-1,-1
84,3,-1,-1,-1
85,3,-1,-1,-1
86,3,-1,-1,-1
87,3,2050,1847,0:00:26.492999
88,3,-1,-1,-1
89,3,5912,5594,0:01:12.527644
90,3,8800,7402,0:06:20.984648
91,3,10151,9175,0:08:32.584042
92,3,21746,19456,0:21:51.336270
93,3,11717,9947,0:07:41.030032
94,3,2056,1477,0:01:30.350787
95,3,10961,9363,0:10:02.860484
96,3,12676,10803,0:10:10.948296
97,3,3393,2825,0:01:49.699600
98,3,2609,1897,0:03:06.895747
99,3,10376,8911,0:10:19.057468
100,3,-1,-1,-1
101,3,18766,17889,0:01:24.445426
102,3,38090,36491,0:02:51.120718
103,3,-1,-1,-1
104,3,-1,-1,-1
105,3,-1,-1,-1
106,3,-1,-1,-1
107,3,6175,5927,0:00:38.742822
108,3,-1,-1,-1
109,3,18122,17234,0:01:36.770094
110,3,26437,23103,0:12:25.687930
111,3,30035,28010,0:21:23.454543
112,3,63405,59368,0:35:55.201967
113,3,34040,29968,0:27:24.366350
114,3,6523,5168,0:04:25.978643
115,3,30893,27870,0:17:08.133488
116,3,35049,32593,0:18:16.832576
117,3,10483,9456,0:03:34.821900
118,3,7071,5795,0:04:54.807389
119,3,30193,27793,0:15:31.394813
120,3,-1,-1,-1
121,3,3882,3309,0:01:27.611495
122,3,-1,-1,-1
123,3,-1,-1,-1
124,3,-1,-1,-1
125,3,-1,-1,-1
126,3,-1,-1,-1
127,3,-1,-1,-1
128,3,-1,-1,-1
129,3,-1,-1,-1
130,3,5306,4078,0:11:20.092635
131,3,6630,5252,0:23:05.052298
132,3,5640,4182,0:09:44.460162
133,3,4687,3526,0:11:46.518044
134,3,3342,2501,0:05:21.763797
135,3,5132,3785,0:24:38.501058
136,3,5301,3975,0:19:29.516189
137,3,2987,2221,0:03:47.446763
138,3,4080,3019,0:07:01.219478
139,3,5256,3806,0:13:30.973330
140,3,-1,-1,-1
141,3,23704,22391,0:06:38.758666
142,3,-1,-1,-1
143,3,-1,-1,-1
144,3,-1,-1,-1
145,3,-1,-1,-1
146,3,-1,-1,-1
147,3,-1,-1,-1
148,3,-1,-1,-1
149,3,-1,-1,-1
150,3,29685,26026,0:30:37.295677
151,3,40387,35335,1:05:46.318482
152,3,22473,19670,0:27:37.560996
153,3,17569,14897,0:17:32.169434
154,3,8645,6930,0:19:31.861858
155,3,22503,19378,0:42:19.487603
156,3,25716,21433,0:22:38.400869
157,3,7411,6093,0:13:09.604305
158,3,9147,7358,0:26:07.990544
159,3,23991,20626,0:51:11.321673
160,3,-1,-1,-1
161,3,73789,70729,0:09:59.036959
162,3,-1,-1,-1
163,3,-1,-1,-1
164,3,-1,-1,-1
165,3,-1,-1,-1
166,3,-1,-1,-1
167,3,-1,-1,-1
168,3,-1,-1,-1
169,3,-1,-1,-1
170,3,90829,81838,0:57:55.260969
171,3,125612,114582,3:04:35.110643
172,3,67242,59882,0:38:07.533455
173,3,53089,47025,0:49:07.639583
174,3,26647,23316,0:16:51.871037
175,3,68889,61741,0:47:58.658031
176,3,75335,68757,0:54:22.703887
177,3,23762,20817,0:12:42.329942
178,3,27063,23789,0:25:31.138765
179,3,75301,68444,0:54:35.331003
180,3,-1,-1,-1
181,3,-1,-1,-1
182,3,-1,-1,-1
183,3,-1,-1,-1
184,3,-1,-1,-1
185,3,-1,-1,-1
186,3,-1,-1,-1
187,3,-1,-1,-1
188,3,-1,-1,-1
189,3,-1,-1,-1
190,3,10359,8253,0:26:15.563458
191,3,9626,7761,0:28:17.124639
192,3,8078,6174,0:26:14.460974
193,3,8362,6485,0:19:47.200760
194,3,5718,4383,0:20:15.323543
195,3,8146,6169,0:18:01.141834
196,3,9497,7168,0:30:25.187301
197,3,7373,5697,0:17:01.802100
198,3,7435,5515,0:31:31.110191
199,3,7063,5549,0:23:18.589098
200,3,-1,-1,-1
201,3,-1,-1,-1
202,3,-1,-1,-1
203,3,-1,-1,-1
204,3,-1,-1,-1
205,3,-1,-1,-1
206,3,-1,-1,-1
207,3,-1,-1,-1
208,3,-1,-1,-1
209,3,-1,-1,-1
210,3,63803,56052,2:38:57.752288
211,3,47223,41146,1:13:55.845947
212,3,27513,23777,0:46:49.556936
213,3,35836,31932,0:37:52.352000
214,3,18881,15740,0:24:17.446235
215,3,32491,27837,0:37:16.336161
216,3,33288,28671,1:36:36.247239
217,3,26990,22951,0:45:47.524248
218,3,22748,18606,0:45:04.823584
219,3,27438,23514,0:42:51.591043
220,3,-1,-1,-1
221,3,-1,-1,-1
222,3,-1,-1,-1
223,3,-1,-1,-1
224,3,-1,-1,-1
225,3,-1,-1,-1
226,3,-1,-1,-1
227,3,-1,-1,-1
228,3,-1,-1,-1
229,3,-1,-1,-1
230,3,193885,176604,5:44:05.031273
231,3,142723,130986,3:42:27.778413
232,3,81727,73600,1:37:56.686952
233,3,108872,98255,2:39:33.096943
234,3,57146,50181,0:49:56.917479
235,3,96079,86751,2:24:31.146962
236,3,104389,93377,1:20:30.800962
237,3,85634,75128,2:12:12.494300
238,3,64581,57227,1:13:27.705772
239,3,85170,76855,1:20:54.140686
