0,1,239,207,0:00:01.493407
1,1,336,310,0:00:01.998117
2,1,318,314,0:00:02.398056
3,1,375,360,0:00:03.091449
4,1,34,33,0:00:00.333217
5,1,465,415,0:00:02.783069
6,1,450,363,0:00:04.272582
7,1,113,104,0:00:00.806917
8,1,173,143,0:00:01.405666
9,1,212,163,0:00:01.197630
10,1,398,289,0:00:14.179476
11,1,495,373,0:00:21.434939
12,1,511,367,0:00:34.101198
13,1,607,463,0:00:20.255107
14,1,112,76,0:00:02.620291
15,1,909,740,0:00:31.506186
16,1,746,585,0:00:30.424763
17,1,217,144,0:00:05.886032
18,1,360,242,0:00:13.373446
19,1,308,242,0:00:12.629299
20,1,1240,1145,0:00:02.886400
21,1,1074,980,0:00:03.456830
22,1,1153,1088,0:00:02.913117
23,1,2430,2194,0:00:05.545500
24,1,72,62,0:00:00.474778
25,1,3235,3136,0:00:05.940641
26,1,3292,3198,0:00:05.708295
27,1,371,351,0:00:02.743105
28,1,170,143,0:00:01.351071
29,1,534,469,0:00:01.447095
30,1,2160,1806,0:00:34.076335
31,1,2035,1788,0:00:43.698613
32,1,1789,1548,0:01:02.204842
33,1,3656,3427,0:01:00.084603
34,1,68,55,0:00:03.451780
35,1,5369,4839,0:02:31.918645
36,1,6047,5535,0:02:23.441711
37,1,739,663,0:00:12.106305
38,1,344,242,0:00:17.428867
39,1,767,706,0:00:25.969746
40,1,3522,3386,0:00:10.022271
41,1,3818,3630,0:00:05.897518
42,1,3837,3781,0:00:06.295384
43,1,7072,6708,0:00:13.802007
44,1,240,210,0:00:00.542104
45,1,9010,8711,0:00:25.430994
46,1,10087,9918,0:00:23.903035
47,1,1406,1364,0:00:01.529973
48,1,378,340,0:00:02.507703
49,1,1435,1377,0:00:05.578755
50,1,6024,5396,0:01:22.739055
51,1,6105,5468,0:03:18.326574
52,1,6881,6146,0:01:40.628368
53,1,11037,10621,0:05:05.992972
54,1,334,285,0:00:06.529870
55,1,14120,12856,0:04:01.061857
56,1,17872,16662,0:04:04.064564
57,1,2099,1930,0:00:27.380174
58,1,697,639,0:00:27.965631
59,1,2701,2392,0:00:39.391906
60,1,1109,1072,0:00:16.300798
61,1,1404,1310,0:00:19.412176
62,1,2152,1938,0:00:24.061177
63,1,1271,1157,0:00:15.319308
64,1,594,474,0:00:04.370866
65,1,1472,1268,0:00:13.934879
66,1,1622,1515,0:00:17.852524
67,1,653,555,0:00:07.066664
68,1,901,836,0:00:11.731599
69,1,1358,1213,0:00:15.388693
70,1,1777,1436,0:02:26.879693
71,1,2112,1740,0:02:46.750823
72,1,3477,2752,0:06:03.698577
73,1,2195,1783,0:02:17.953652
74,1,890,648,0:01:05.321474
75,1,2149,1708,0:02:55.801577
76,1,2447,1998,0:04:07.832374
77,1,1031,803,0:01:36.266877
78,1,1572,1289,0:02:00.956323
79,1,2382,2015,0:02:30.314569
80,1,4999,4822,0:00:26.974071
81,1,6236,5965,0:00:22.920288
82,1,13041,12339,0:00:45.419857
83,1,6461,6150,0:00:26.183184
84,1,1236,1158,0:00:07.660907
85,1,6116,5939,0:00:35.883292
86,1,7079,6794,0:00:36.885780
87,1,1975,1891,0:00:15.130061
88,1,1403,1261,0:00:12.567943
89,1,5976,5784,0:01:01.256767
90,1,8886,7796,0:10:49.949388
91,1,10260,9535,0:08:10.355795
92,1,21862,20167,0:19:51.868987
93,1,11498,10511,0:06:38.574294
94,1,1831,1632,0:01:15.764141
95,1,10673,9829,0:06:45.517351
96,1,12094,11116,0:07:49.119656
97,1,3394,2954,0:03:31.688671
98,1,2356,2045,0:02:46.122282
99,1,10320,9195,0:07:15.149610
100,1,15069,14807,0:00:40.819332
101,1,18946,18154,0:00:57.212242
102,1,38187,37239,0:01:29.038404
103,1,20333,19548,0:01:01.683957
104,1,3336,3199,0:00:13.072111
105,1,18288,18012,0:01:02.883039
106,1,20490,19992,0:01:10.063954
107,1,6233,5979,0:00:19.817153
108,1,4206,3852,0:00:16.707719
109,1,18409,17507,0:00:37.334709
110,1,25836,23844,0:18:52.196179
111,1,30308,28274,0:12:50.616239
112,1,62360,59841,0:53:18.386240
113,1,32751,30653,0:13:22.781417
114,1,5892,5358,0:02:08.868739
115,1,30846,28323,0:13:11.172046
116,1,35219,33163,0:24:21.269449
117,1,10433,9559,0:02:51.144286
118,1,6952,6058,0:04:48.622638
119,1,30527,28527,0:13:14.358725
120,1,3220,2850,0:01:36.898964
121,1,3958,3675,0:01:46.302870
122,1,3609,3272,0:01:29.311708
123,1,3082,2797,0:00:51.322763
124,1,1931,1725,0:00:27.995312
125,1,2896,2691,0:01:10.382359
126,1,3060,2801,0:01:21.398548
127,1,1884,1593,0:00:22.685615
128,1,2198,2066,0:02:01.637997
129,1,3262,2938,0:01:12.128624
130,1,5142,4313,0:10:08.712407
131,1,6676,5670,0:34:37.545403
132,1,5902,4811,0:11:59.029671
133,1,4605,3766,0:08:17.503850
134,1,3203,2691,0:07:36.388227
135,1,5149,4083,0:14:53.067491
136,1,5411,4195,0:10:01.323904
137,1,2975,2405,0:06:02.239740
138,1,3927,3258,0:09:21.449812
139,1,4944,4096,0:08:19.687989
140,1,17694,16845,0:01:44.694717
141,1,23581,22789,0:02:59.661577
142,1,13458,12948,0:03:19.394909
143,1,10051,9713,0:01:16.420458
144,1,4859,4502,0:01:19.688262
145,1,13256,12593,0:02:36.332120
146,1,15016,14361,0:03:59.779468
147,1,4444,4086,0:00:34.994466
148,1,5629,5228,0:00:56.598638
149,1,13827,13380,0:02:11.751191
150,1,29331,26774,0:25:23.644327
151,1,39651,36263,0:30:14.796873
152,1,21718,20142,0:24:09.864929
153,1,16926,15274,0:12:25.807502
154,1,8187,7224,0:12:34.951951
155,1,21801,20029,0:27:06.799135
156,1,23842,21880,0:31:38.400822
157,1,7256,6553,0:04:50.963375
158,1,8711,7537,0:12:59.842710
159,1,23353,21499,0:19:58.559531
160,1,51538,49968,0:03:35.131881
161,1,73278,71742,0:06:17.986523
162,1,38052,37196,0:07:18.424525
163,1,30083,29582,0:02:21.081942
164,1,14521,14114,0:01:40.333700
165,1,37775,36864,0:04:32.590104
166,1,43098,42106,0:03:15.492449
167,1,13578,12974,0:02:08.599911
168,1,15792,15218,0:01:29.178311
169,1,43273,41822,0:04:32.249787
170,1,88389,83227,1:45:23.370269
171,1,121628,116521,1:10:23.294794
172,1,65078,60823,0:40:56.850509
173,1,51703,47919,0:43:09.180473
174,1,26003,23949,0:13:52.997802
175,1,65857,62554,0:42:26.973848
176,1,74289,69715,0:53:42.475646
177,1,22578,21203,0:16:46.711989
178,1,25627,24069,0:16:41.057332
179,1,73606,69750,1:00:25.737740
180,1,6014,5573,0:02:30.966819
181,1,5463,5029,0:03:09.377510
182,1,4791,4374,0:01:51.322621
183,1,5022,4488,0:03:09.026965
184,1,3522,3106,0:01:33.365213
185,1,4675,4363,0:01:14.968110
186,1,5257,4876,0:03:04.307123
187,1,4483,3964,0:01:50.674858
188,1,4364,3888,0:01:17.337209
189,1,4555,4126,0:02:29.383231
190,1,10664,8929,0:35:33.418725
191,1,9517,8299,0:19:27.363102
192,1,8067,6524,0:32:27.686786
193,1,8574,7040,0:36:48.810356
194,1,5728,4718,0:12:51.769126
195,1,8138,6705,0:23:51.316670
196,1,9069,7708,0:18:01.232117
197,1,7443,6219,0:19:14.677325
198,1,7362,5890,0:11:04.540066
199,1,7165,5870,0:15:38.355365
200,1,37079,35260,0:04:45.124826
201,1,28382,27115,0:08:29.816964
202,1,16338,15439,0:06:40.801632
203,1,21393,20315,0:05:39.951445
204,1,11317,10662,0:01:48.561783
205,1,18851,18119,0:03:27.702253
206,1,19423,18576,0:03:51.903316
207,1,16620,15644,0:03:20.873262
208,1,12852,12240,0:02:03.150702
209,1,16910,15926,0:02:20.353461
210,1,62842,58093,1:05:50.805072
211,1,46198,42418,0:41:02.034648
212,1,26865,24375,0:38:20.570588
213,1,35733,32983,0:37:59.523222
214,1,18146,16555,0:21:58.490766
215,1,31046,28425,0:36:23.955821
216,1,32334,29572,0:34:03.501198
217,1,25926,23643,0:24:20.638093
218,1,21681,19367,0:19:40.274879
219,1,27123,24200,0:44:50.471375
220,1,112185,109745,0:10:16.172256
221,1,83929,81114,0:07:32.486709
222,1,48144,46071,0:04:27.079449
223,1,62014,60041,0:10:30.555064
224,1,32691,31219,0:06:34.701320
225,1,55989,53910,0:14:23.802088
226,1,60798,58227,0:08:25.626383
227,1,48769,46954,0:03:49.167301
228,1,38088,36355,0:03:14.373063
229,1,50445,47908,0:03:40.421499
230,1,189629,179893,2:10:18.179235
231,1,140224,132414,2:21:24.489235
232,1,79953,74620,0:59:54.467348
233,1,105776,100005,1:01:00.583325
234,1,55568,50977,0:43:11.246298
235,1,93066,87877,0:59:21.172537
236,1,101974,95045,1:57:03.347807
237,1,82366,76929,0:43:36.555305
238,1,61429,57874,1:01:02.065851
239,1,83416,78223,1:29:02.785109
0,2,243,201,0:00:02.431205
1,2,305,282,0:00:02.249885
2,2,350,310,0:00:03.587493
3,2,395,356,0:00:05.661312
4,2,33,30,0:00:00.553998
5,2,434,375,0:00:03.408673
6,2,400,327,0:00:04.784211
7,2,112,98,0:00:01.082468
8,2,-1,-1,-1
9,2,216,136,0:00:01.367742
10,2,321,248,0:00:16.270421
11,2,499,337,0:00:20.437303
12,2,547,350,0:00:55.740499
13,2,543,432,0:00:20.958116
14,2,68,56,0:00:02.718334
15,2,929,671,0:00:33.044353
16,2,764,523,0:00:34.765935
17,2,170,127,0:00:05.808469
18,2,285,220,0:00:13.941351
19,2,325,218,0:00:14.552850
20,2,1243,1143,0:00:05.937740
21,2,1022,969,0:00:06.076393
22,2,1111,1086,0:00:05.092732
23,2,2315,2112,0:00:07.936206
24,2,65,57,0:00:00.688841
25,2,3165,3058,0:00:07.729505
26,2,3343,3132,0:00:08.075668
27,2,400,351,0:00:02.989560
28,2,-1,-1,-1
29,2,451,433,0:00:02.194949
30,2,2204,1725,0:00:45.694462
31,2,1969,1678,0:00:48.567250
32,2,1579,1485,0:01:14.306271
33,2,3852,3248,0:01:47.532687
34,2,85,51,0:00:03.856987
35,2,5411,4692,0:02:38.891937
36,2,6157,5306,0:01:34.656618
37,2,770,617,0:00:11.323613
38,2,319,220,0:00:13.908583
39,2,800,657,0:00:24.364890
40,2,3556,3380,0:00:13.977444
41,2,3743,3570,0:00:07.745492
42,2,3877,3711,0:00:08.255100
43,2,6911,6564,0:00:15.512406
44,2,243,210,0:00:00.935175
45,2,8758,8527,0:00:27.757549
46,2,10119,9813,0:00:46.135643
47,2,1407,1364,0:00:04.068198
48,2,-1,-1,-1
49,2,1378,1367,0:00:05.838182
50,2,5793,5324,0:01:11.232637
51,2,5923,5324,0:02:11.136508
52,2,6675,5877,0:01:24.919548
53,2,11253,10356,0:03:03.372001
54,2,319,274,0:00:08.445429
55,2,13641,12830,0:04:33.283756
56,2,18182,16278,0:03:49.493411
57,2,2102,1929,0:00:40.485443
58,2,678,601,0:00:21.131358
59,2,2615,2283,0:00:36.383904
60,2,1065,1027,0:00:19.404727
61,2,1446,1251,0:00:24.451496
62,2,1952,1805,0:00:34.635933
63,2,1390,1098,0:00:19.267796
64,2,534,458,0:00:06.257944
65,2,1339,1207,0:00:16.537494
66,2,1634,1435,0:00:26.788373
67,2,603,525,0:00:07.889155
68,2,-1,-1,-1
69,2,1321,1183,0:00:17.499106
70,2,1829,1341,0:03:27.639507
71,2,2186,1686,0:07:54.727478
72,2,3264,2662,0:04:55.259928
73,2,2124,1669,0:02:48.237600
74,2,965,614,0:01:38.961856
75,2,2147,1622,0:02:40.712488
76,2,2324,1920,0:05:18.783618
77,2,1082,758,0:01:12.917334
78,2,1606,1264,0:02:49.605145
79,2,2320,1923,0:04:06.760004
80,2,5095,4643,0:00:46.366532
81,2,6042,5836,0:00:39.353343
82,2,12745,11996,0:01:20.212502
83,2,6480,6031,0:00:44.683090
84,2,1354,1156,0:00:13.646323
85,2,6347,5838,0:00:47.389399
86,2,6952,6665,0:00:59.324043
87,2,2037,1847,0:00:16.068032
88,2,-1,-1,-1
89,2,5911,5674,0:00:54.503320
90,2,8909,7577,0:08:18.134637
91,2,10511,9344,0:06:50.852040
92,2,21738,19663,0:16:02.668401
93,2,11784,10121,0:16:20.573983
94,2,1997,1579,0:00:56.557136
95,2,10756,9512,0:09:15.670502
96,2,12401,10971,0:08:31.773185
97,2,3348,2870,0:01:29.724700
98,2,2537,1951,0:06:03.557450
99,2,10093,9011,0:10:36.257196
100,2,15456,14627,0:01:12.366157
101,2,18704,17929,0:02:14.770381
102,2,38299,36654,0:02:32.374421
103,2,20138,19322,0:01:00.458569
104,2,3423,3146,0:00:36.762466
105,2,18693,17872,0:02:18.596755
106,2,20808,19673,0:01:21.448863
107,2,6226,5936,0:00:24.599617
108,2,-1,-1,-1
109,2,18463,17270,0:02:08.318057
110,2,26013,23458,0:11:45.801076
111,2,31403,28107,0:20:13.565665
112,2,63541,59611,0:32:22.792476
113,2,32703,30331,0:16:51.980061
114,2,6447,5249,0:03:28.747021
115,2,30681,28106,0:16:25.429310
116,2,35229,32911,0:19:08.995688
117,2,10604,9481,0:04:13.991583
118,2,6934,5865,0:03:47.385674
119,2,30567,28018,0:23:38.557085
120,2,3251,2777,0:02:35.397944
121,2,3936,3443,0:01:27.009086
122,2,-1,-1,-1
123,2,-1,-1,-1
124,2,1944,1639,0:00:49.252444
125,2,-1,-1,-1
126,2,3084,2722,0:02:14.386793
127,2,1715,1491,0:00:44.520509
128,2,-1,-1,-1
129,2,3159,2758,0:01:09.999858
130,2,5406,4188,0:14:10.051363
131,2,6601,5431,0:20:36.461699
132,2,5671,4457,0:15:35.856688
133,2,4757,3611,0:18:27.302718
134,2,3356,2600,0:07:29.361187
135,2,4973,3923,0:07:14.494023
136,2,5430,4041,0:14:11.078504
137,2,3040,2293,0:08:35.965443
138,2,3788,3135,0:08:38.537893
139,2,5040,3899,0:30:13.800902
140,2,17408,16510,0:02:07.081593
141,2,24202,22497,0:03:37.578599
142,2,-1,-1,-1
143,2,-1,-1,-1
144,2,5067,4451,0:01:13.065109
145,2,-1,-1,-1
146,2,15350,13876,0:02:31.920900
147,2,4295,4037,0:01:14.483997
148,2,-1,-1,-1
149,2,14033,13146,0:03:23.842964
150,2,29039,26225,0:52:55.897779
151,2,39706,35684,0:44:13.120536
152,2,23041,19855,0:53:16.457474
153,2,17059,14998,0:31:04.961689
154,2,8468,7005,0:10:43.444162
155,2,22529,19575,0:21:55.867788
156,2,24210,21606,0:35:21.111908
157,2,7611,6310,0:16:23.619887
158,2,8819,7424,0:32:11.487046
159,2,24001,20887,0:25:22.661935
160,2,51795,49197,0:04:03.863063
161,2,74171,70965,0:08:11.458238
162,2,-1,-1,-1
163,2,-1,-1,-1
164,2,14864,14074,0:03:20.411158
165,2,-1,-1,-1
166,2,43256,41826,0:04:34.084452
167,2,13415,12727,0:01:31.095400
168,2,-1,-1,-1
169,2,42954,41353,0:07:14.761525
170,2,88181,82117,0:54:52.273808
171,2,124824,115479,1:00:01.270088
172,2,65384,60283,0:50:57.001720
173,2,52778,47458,0:43:24.507324
174,2,26833,23493,0:20:31.017636
175,2,68450,62229,1:38:28.412246
176,2,75510,69340,1:13:27.521994
177,2,23201,20922,0:17:09.216844
178,2,26733,23883,0:16:53.394038
179,2,74203,69010,1:23:48.849458
180,2,6083,5381,0:02:53.388876
181,2,5479,4798,0:02:40.892467
182,2,-1,-1,-1
183,2,-1,-1,-1
184,2,3468,2930,0:02:07.735065
185,2,-1,-1,-1
186,2,5224,4665,0:03:38.821471
187,2,4435,3820,0:02:23.206885
188,2,-1,-1,-1
189,2,4410,3848,0:03:13.228943
190,2,10443,8563,0:42:41.198269
191,2,9758,7964,0:30:54.956412
192,2,8244,6314,0:20:58.021517
193,2,8413,6693,0:27:08.421080
194,2,5749,4515,0:16:17.200471
195,2,8303,6397,0:26:19.921272
196,2,9506,7402,0:28:46.501286
197,2,7517,5914,0:14:00.377363
198,2,7416,5656,0:17:32.471084
199,2,7380,5653,0:27:00.622837
200,2,36831,34733,0:15:13.800818
201,2,27726,26652,0:07:15.690612
202,2,-1,-1,-1
203,2,-1,-1,-1
204,2,11099,10379,0:02:27.953523
205,2,-1,-1,-1
206,2,19632,18339,0:04:47.079693
207,2,16586,15306,0:05:18.069276
208,2,-1,-1,-1
209,2,16821,15597,0:03:56.493618
210,2,63299,56830,1:37:13.856490
211,2,46124,41677,0:54:06.785227
212,2,27448,23970,0:43:04.883813
213,2,36214,32300,0:50:43.708262
214,2,19540,16039,0:20:24.843305
215,2,32001,28053,1:17:45.466561
216,2,32455,29048,0:31:09.481853
217,2,26931,23170,1:00:57.396715
218,2,21773,18877,0:32:01.431767
219,2,27236,23697,1:13:23.440698
220,2,113985,108685,0:15:29.542103
221,2,84480,79947,0:16:14.161538
222,2,-1,-1,-1
223,2,-1,-1,-1
224,2,32629,30747,0:11:48.783888
225,2,-1,-1,-1
226,2,60841,57648,0:09:46.336486
227,2,49175,46458,0:09:11.409504
228,2,-1,-1,-1
229,2,50006,47281,0:05:07.939922
230,2,190603,177513,3:00:21.768810
231,2,141248,131583,4:16:44.865193
232,2,80836,73963,2:27:36.909558
233,2,108087,98965,1:36:45.037498
234,2,56329,50522,1:16:00.709321
235,2,93949,87026,1:14:42.873572
236,2,103180,93987,1:48:16.719348
237,2,82661,75788,1:34:34.096613
238,2,64195,57383,0:54:36.075899
239,2,84919,77336,0:47:40.822303
0,3,237,197,0:00:02.615172
1,3,275,264,0:00:02.658610
2,3,355,309,0:00:05.475214
3,3,400,352,0:00:08.028722
4,3,-1,-1,-1
5,3,405,349,0:00:04.740593
6,3,382,318,0:00:05.716730
7,3,116,97,0:00:01.920233
8,3,-1,-1,-1
9,3,188,118,0:00:02.315058
10,3,320,231,0:00:15.374931
11,3,469,315,0:00:25.616123
12,3,583,336,0:00:47.377858
13,3,548,413,0:00:21.029548
14,3,98,47,0:00:03.006677
15,3,732,611,0:00:46.669458
16,3,621,474,0:00:32.018516
17,3,161,121,0:00:05.606832
18,3,258,198,0:00:13.072177
19,3,295,205,0:00:23.325554
20,3,1278,1143,0:00:07.500382
21,3,1038,962,0:00:09.619457
22,3,1133,1086,0:00:09.909519
23,3,2264,2091,0:00:26.695594
24,3,-1,-1,-1
25,3,3168,3016,0:00:10.133828
26,3,3361,3097,0:00:16.419829
27,3,394,351,0:00:03.117435
28,3,-1,-1,-1
29,3,405,404,0:00:02.380860
30,3,1859,1714,0:00:47.672020
31,3,1899,1594,0:00:42.838663
32,3,1743,1410,0:01:22.948149
33,3,3893,3198,0:01:44.448335
34,3,72,51,0:00:05.261784
35,3,5512,4575,0:04:03.190637
36,3,6008,5205,0:03:10.349979
37,3,678,592,0:00:21.686345
38,3,306,198,0:00:13.523039
39,3,797,607,0:00:26.736515
40,3,3561,3380,0:00:21.394594
41,3,3779,3526,0:00:15.789477
42,3,3835,3704,0:00:12.067033
43,3,6725,6550,0:00:33.039219
44,3,-1,-1,-1
45,3,8705,8343,0:00:29.277195
46,3,9841,9677,0:00:32.482969
47,3,1463,1340,0:00:02.850953
48,3,-1,-1,-1
49,3,1413,1367,0:00:10.907965
50,3,5511,5119,0:01:58.380352
51,3,6017,5239,0:03:13.756455
52,3,6941,5691,0:03:06.151246
53,3,11507,10289,0:04:20.900274
54,3,324,274,0:00:09.443539
55,3,13868,12811,0:04:46.943156
56,3,18293,16012,0:04:28.659641
57,3,2470,1888,0:00:37.213239
58,3,681,582,0:00:18.955727
59,3,2446,2253,0:00:35.967919
60,3,-1,-1,-1
61,3,1376,1208,0:00:24.958528
62,3,2165,1762,0:00:42.646147
63,3,-1,-1,-1
64,3,-1,-1,-1
65,3,-1,-1,-1
66,3,-1,-1,-1
67,3,638,520,0:00:15.479637
68,3,-1,-1,-1
69,3,1387,1173,0:00:22.395535
70,3,1878,1303,0:03:13.981934
71,3,2194,1656,0:02:48.870321
72,3,3410,2595,0:04:10.416028
73,3,2179,1615,0:03:40.722403
74,3,794,603,0:01:25.512091
75,3,2092,1579,0:02:42.411208
76,3,2343,1871,0:04:32.552783
77,3,1033,748,0:01:28.914959
78,3,1659,1205,0:02:11.788833
79,3,2409,1875,0:02:45.372634
80,3,-1,-1,-1
81,3,6078,5793,0:00:57.166588
82,3,13049,11750,0:01:47.234889
83,3,-1,-1,-1
84,3,-1,-1,-1
85,3,-1,-1,-1
86,3,-1,-1,-1
87,3,1985,1847,0:00:26.950279
88,3,-1,-1,-1
89,3,6094,5594,0:01:09.919639
90,3,8535,7406,0:11:27.357017
91,3,10565,9190,0:06:37.070630
92,3,22000,19456,0:21:38.323282
93,3,11373,9923,0:16:56.861620
94,3,2004,1473,0:01:34.267949
95,3,10701,9335,0:10:50.423005
96,3,12053,10800,0:09:00.273421
97,3,3343,2817,0:03:08.219577
98,3,2569,1895,0:04:32.236544
99,3,10160,8905,0:11:52.238212
100,3,-1,-1,-1
101,3,18792,17889,0:01:38.051537
102,3,37543,36491,0:02:56.211491
103,3,-1,-1,-1
104,3,-1,-1,-1
105,3,-1,-1,-1
106,3,-1,-1,-1
107,3,6124,5925,0:01:03.532247
108,3,-1,-1,-1
109,3,18173,17177,0:01:45.855124
110,3,26345,23103,0:20:32.236396
111,3,31592,28009,0:24:29.464984
112,3,64076,59474,0:47:26.814489
113,3,34573,30088,0:20:39.110175
114,3,6428,5133,0:03:47.808601
115,3,31097,27870,0:15:39.460620
116,3,34804,32530,0:23:58.847630
117,3,11189,9455,0:05:05.515352
118,3,7171,5796,0:06:53.649319
119,3,31116,27803,0:12:26.184937
120,3,-1,-1,-1
121,3,3821,3309,0:01:59.995451
122,3,-1,-1,-1
123,3,-1,-1,-1
124,3,-1,-1,-1
125,3,-1,-1,-1
126,3,-1,-1,-1
127,3,-1,-1,-1
128,3,-1,-1,-1
129,3,-1,-1,-1
130,3,5557,4078,0:13:45.212193
131,3,6845,5277,0:24:15.981903
132,3,5630,4186,0:13:16.147611
133,3,4915,3536,0:13:37.829381
134,3,3236,2485,0:05:22.566291
135,3,5169,3798,0:12:29.931366
136,3,5314,3986,0:15:20.725012
137,3,2965,2215,0:04:18.228967
138,3,3970,3034,0:06:03.670245
139,3,4836,3788,0:12:35.033082
140,3,-1,-1,-1
141,3,23835,22391,0:05:33.422781
142,3,-1,-1,-1
143,3,-1,-1,-1
144,3,-1,-1,-1
145,3,-1,-1,-1
146,3,-1,-1,-1
147,3,-1,-1,-1
148,3,-1,-1,-1
149,3,-1,-1,-1
150,3,30213,26024,0:24:02.678158
151,3,40962,35308,0:43:03.806759
152,3,22422,19619,0:41:14.873566
153,3,17061,14909,0:15:22.686100
154,3,8559,6954,0:11:51.729245
155,3,22791,19345,0:38:08.692225
156,3,24862,21450,0:27:36.959376
157,3,7683,6135,0:06:00.873076
158,3,8859,7372,0:13:31.460578
159,3,23152,20675,0:36:41.465688
160,3,-1,-1,-1
161,3,73960,70729,0:09:46.025786
162,3,-1,-1,-1
163,3,-1,-1,-1
164,3,-1,-1,-1
165,3,-1,-1,-1
166,3,-1,-1,-1
167,3,-1,-1,-1
168,3,-1,-1,-1
169,3,-1,-1,-1
170,3,89552,81809,1:32:47.663355
171,3,123565,114503,1:19:56.612189
172,3,67490,59874,1:28:04.527873
173,3,53090,46999,0:39:20.110630
174,3,27211,23277,0:37:32.388145
175,3,68850,61833,0:43:27.887207
176,3,75122,68900,0:52:54.802848
177,3,23000,20762,0:24:49.742715
178,3,26502,23769,0:39:36.805606
179,3,74472,68606,0:59:19.843029
180,3,-1,-1,-1
181,3,-1,-1,-1
182,3,-1,-1,-1
183,3,-1,-1,-1
184,3,-1,-1,-1
185,3,-1,-1,-1
186,3,-1,-1,-1
187,3,-1,-1,-1
188,3,-1,-1,-1
189,3,-1,-1,-1
190,3,10654,8318,0:20:25.375729
191,3,9607,7754,0:29:24.675058
192,3,8295,6207,1:09:25.628435
193,3,8239,6487,0:41:00.332769
194,3,5640,4377,0:28:07.076897
195,3,8184,6151,0:20:18.839708
196,3,9326,7155,0:17:59.875165
197,3,7748,5696,0:32:55.540778
198,3,7596,5531,0:28:44.679230
199,3,7562,5521,0:13:16.788074
200,3,-1,-1,-1
201,3,-1,-1,-1
202,3,-1,-1,-1
203,3,-1,-1,-1
204,3,-1,-1,-1
205,3,-1,-1,-1
206,3,-1,-1,-1
207,3,-1,-1,-1
208,3,-1,-1,-1
209,3,-1,-1,-1
210,3,64729,56035,1:32:15.818519
211,3,46884,41188,0:59:17.952076
212,3,27895,23740,0:37:35.706672
213,3,36539,31969,0:51:27.460823
214,3,18982,15736,0:32:53.464878
215,3,32285,27748,0:35:37.631315
216,3,32937,28631,0:38:32.529505
217,3,26767,22910,0:48:04.216311
218,3,22076,18631,0:25:19.949336
219,3,28173,23542,0:39:26.823516
220,3,-1,-1,-1
221,3,-1,-1,-1
222,3,-1,-1,-1
223,3,-1,-1,-1
224,3,-1,-1,-1
225,3,-1,-1,-1
226,3,-1,-1,-1
227,3,-1,-1,-1
228,3,-1,-1,-1
229,3,-1,-1,-1
230,3,194541,176626,2:16:39.251562
231,3,143054,131108,2:52:36.177161
232,3,82182,73574,1:16:00.258557
233,3,107342,98088,2:38:37.903581
234,3,56370,50131,1:00:18.016413
235,3,96172,86766,2:10:27.382891
236,3,101716,93312,2:33:56.385577
237,3,84269,75103,2:19:33.214445
238,3,64252,57221,2:08:28.387108
239,3,86133,76822,2:13:23.736089
