2
48 32 
1 19 16 2 17 3 9
1 23 5 3 8 4 16 22 29 21
1 4 9 17
1 3 17 13
1 11 8 13 1 15 27
1 25 18 7 15 10
1 7 13 19 9 11 10 1 6
1 8 1 2 19 13 15
1 17 6 14 0 11 8 27
1 15 14 8 3 11 9 12
1 6 9 12
1 20 14 3 2
1 10 9 14 4 17 13
1 14 0 8 10 11 15 25 28
1 0 1 31 2
1 26 3 12 5 8
1 16 6 14 0 15 17 19
1 13 4 11 14 3
1 24 7 3 2
1 9 15 11 13 9
1 21 15 7 30
1 12 17 4 6 30 22
1 29 5 16 0
1 18 10 11 14 12 6 16 2
1 5 13 11 19 15 8
1 22 18 6 14 11
1 28 18 5 8 16 31
1 1 17 19 1
1 2 17 19 21
1 27 7 0 4
0 30 14 18
0 31 8 24
0 32 1 4 10
0 33 26 7 23 11
0 34 29 16
0 35 11 19
0 36 13 23 17
0 37 24
0 38 12 14
0 39 9 1
0 40 10 31
0 41 18 30
0 42 19
0 43 3
0 44 5
0 45 18 28
0 46 20 17
0 47 5 3
1 13
1 1
1 11
1 14
1 8
1 19
1 9
1 17
1 12
1 4
1 6
1 5
1 15
1 3
1 10
1 7
1 16
1 2
1 18
1 0
0 20
0 21
0 22
0 23
0 24
0 25
0 26
0 27
0 28
0 29
0 30
0 31

