13
23 35 26 23 8 27 26 11 26 27 23 27 6 
1 10 11 1 14 10
1 2 18 25 1
1 14 19 3 28
1 13 16 26 20 22 8
1 8 21 7 28 15 5 6
1 6 8 15 26 25 18 9 17 20
1 18 13 24 17
1 4 8 22 15 32 3
1 12 2 0 9 20 25 11 1 12 8 29 33
1 17 24 19 14
1 7 17 2
1 11 23 6 12 5 11
1 3 10 1 11
1 0 5 23
1 15 13 14 20 17 21 22
1 1 21 18
1 16 13 20 7
1 5 27 4
1 9 2 19 8 20 34
0 19 16
0 20 31
0 21 7 30
0 22 12
1 27 20
1 10 15 3 12 20
1 2 2 13
1 11 8 19
1 6 18
1 3 2 10 3 14
1 15 16 15 4 10
1 5 1 15
1 0 14 3
1 20 16 19 20
1 7 17 3 5 16
1 18 17 1
1 22 9 5
1 26 9
1 16 0
1 13 19 13 21 24
1 9 14 15 4 5
1 19 10 1
1 1 8
1 21 7 6 19 0
1 28 20
1 8 5 13
1 17 19 9 18 13
1 12 18 0
1 25 10 9
1 4 16
1 24 10
1 14 0 7
1 23 4 11
0 29 3
0 30 11 2
0 31 9
0 32 4
0 33 25
0 34 23 22
1 11 12 15 5 6
1 8 6 5 12
1 1 17 1 15 5
1 0 2 9
1 18 4 10 22
1 10 15 18 3
1 12 18 15
1 16 0 8 7 13
1 3 14 11 5 9
1 19 11 7 0
1 17 6 15
1 13 3 7 6
1 9 5 16 0 15
1 6 10 13 17 9 22
1 2 9 3
1 4 2 8
1 5 14 16 10 8
1 15 8 4 11 13 20
1 7 15 17 21
1 14 10 16 15
1 20 11 4
0 21 19
0 22 11
0 23 19
0 24 8
0 25 11 10
1 18 5 2 1
1 9 5 1 0 3 7
1 6 0 1
1 8 3 5 0 4 6
1 12 2 1
1 1 0
1 10 3 5 2
1 14 4 3 1 5 6
1 7 1 0 4
1 5 2 4 0
1 15 3 5 1
1 17 1 4
1 13 3 5
1 11 1 2
1 3 0 2
1 16 5 2 4
1 2 2 0
1 0 0
1 4 0 2 3
0 19 7
0 20 2
0 21 0
0 22 5 2
1 0 18 3 14 17 9 0 15 12 13 7 11 23 24 16
1 4 9 15 20 14 10 3 0 19 8 5 6
1 2 7 6 13 15 1 5 12 19 8 14 3 10
1 1 21 2 4 5 9 19 6 0 14 3 12 15
1 3 19 10 11 16 5 6 17 1 8 7 12 9 26
1 5 13 0 1 8 12 11 7 14 6 17 5 18 25
0 6 5 22 23 15
0 7 10 2
1 20 15 14
1 16 18 0
1 1 2 10 12
1 11 4 20 10 19
1 8 7 6
1 13 4 5 18
1 4 6 17
1 3 12 17 21
1 18 7 11 20
1 2 12 6 11
1 15 7 25
1 5 3 10 15 2
1 17 9 1 15 0
1 6 13 2 23
1 7 4 10 24
1 0 3 16
1 9 0 17
1 10 8 3 4 17
1 19 7 8
1 12 4 19 8
1 14 16 12
1 21 18
0 22 12
0 23 15
0 24 16
0 25 22
0 26 17
1 6 4 5 3
1 11 3 7
1 1 4
1 0 6
1 8 0 6
1 4 6 5 4
1 3 4 10
1 12 2 3 4
1 15 0 1 5 6
1 13 2 6 1 5
1 7 7 5 3
1 9 4 2 5
1 2 4
1 14 8 4 5
1 17 4 2 8
1 19 0 8
1 20 8 1
1 10 2 4 10
1 18 1 7 0
1 5 5 6
1 16 1 3
0 21 7
0 22 9
0 23 9
0 24 2
0 25 4
1 6 13 6 20 16 3 19 8 9 0 14 25
1 7 8 2 3 9 16 0 17 24
1 5 17 5 12 16 3 2 11 1
1 2 11 18 4 19 13 23
1 1 1 10 2 22
1 3 16 12 18 7
1 0 19 7 2 11 21
1 4 5 4 14 9 1 2 12 18 0
1 8 15 0 5 23
0 9 9
0 10 16 13
1 19 3 1 7
1 5 16 17 19 8
1 4 4 11 10 8
1 9 21 24 3
1 7 9 15
1 18 10 7 3 1
1 12 10 5 14 6
1 2 9 18 19
1 17 20 26
1 15 14 21
1 8 20 8
1 0 8 2 15 19
1 10 14 0 12
1 6 19 11 10 18
1 1 13 19 15
1 13 20 17 25
1 11 6 15 14
1 20 20 7
1 3 18 15 17 21
1 14 20 17
1 16 10 5 1 7 16
0 21 23
0 22 5
0 23 6
0 24 19
0 25 2 22 17
1 9 14 4
1 20 16 12
1 2 0 15
1 14 11 16 22
1 5 9 17 2 15 3 5
1 4 8 17 10 0
1 19 12 6 5
1 21 5 0 10
1 1 9 17
1 11 3 10 9
1 18 13 16
1 7 4 7 17 2
1 15 1 13 5
1 3 3 9
1 16 16 7 11
1 6 8 13 5 4
1 10 16 10 8 15
1 12 5 8
1 0 8 21
1 8 18 7 15 20
1 17 13 16
1 13 2 15 5 3 12 21
0 22 17 21
0 23 17 19
0 24 4
0 25 16
0 26 14
1 9 9 18 13 12
1 11 2 10
1 7 19 8 16 7 15 3 18
1 12 2 12 21 20 3 7 4 1
1 3 1 7 8 20
1 18 0 20 16
1 15 20 17 10 11
1 16 20 3 2
1 1 13 5 9 10 1
1 0 1 6
1 14 18 14 17 16 0
1 4 7 15 23
1 10 9 16 17
1 8 11 5 7 18
1 13 18 5 3 4
1 2 14 17 2 19
1 17 20 4 16 22 26
1 5 1 5 10 15 11 24
1 6 21 10
0 19 12 7 9
0 20 10
0 21 12
0 22 0 25
1 17 2 0
1 1 1 4
1 11 1 2
1 20 2
1 13 3 0 4
1 4 0 4 1 3
1 2 1 0 4
1 10 2 1
1 5 0 3 1
1 3 0 1
1 14 3 0
1 19 3 2
1 15 3
1 9 3 4 0 5
1 6 3 0 1
1 8 2 1
1 21 2
1 12 1 2
1 18 0 2 3
1 0 1
1 16 3 2 0
1 7 2 1 4 0
0 22 2 4
0 23 0
0 24 2
0 25 5
0 26 4
1 2
1 0
1 4
1 3
1 1
0 5

