13
10 15 16 11 16 29 33 20 16 12 8 27 9 
1 2 10 12
1 7 3
1 0 5 7
1 6 2 11
1 4 5 9 13 14
1 3 1 4
1 5 8 6
1 1 1 0
0 8 8
0 9 7
1 0 3
1 4 1 2 4 5
1 10 6 15
1 9 7
1 5 1
1 1 3
1 6 12
1 2 10
1 8 8 14
1 11 0
1 3 3 9 11
1 7 12
0 12 10
0 13 7
0 14 13
1 12 5
1 5 4 9
1 3 6
1 0 2
1 4 6
1 7 7
1 11 1
1 9 7
1 8 7
1 1 2
1 2 0
1 10 1
1 6 8 3
0 13 2
0 14 0
0 15 6 10
1 1 6 4 11
1 7 10
1 0 3
1 3 12
1 4 7 9
1 8 10
1 2 7 8
1 6 1 15
1 5 3 0 2 5
0 9 13 14
0 10 9
1 7 0 3
1 11 8
1 9 17 19 20 21
1 2 12
1 3 10
1 4 16 1 24
1 0 13 23
1 1 7 18
1 8 0 5 6 11
1 10 15
1 12 0
1 6 16 2 9 22
1 5 4 14 25
0 13 27
0 14 15 28
0 15 26
1 22 1
1 12 14
1 15 26 18 29 32
1 8 23 2 5
1 4 3 27
1 18 15 10
1 10 6
1 1 19
1 20 0 13 20
1 21 24
1 7 17
1 11 9
1 6 25 30
1 0 4
1 17 16
1 19 0 31
1 5 25
1 23 1
1 3 11
1 13 19 12
1 16 9 21
1 14 22
1 9 4 8
1 2 3 7 28
0 24 20
0 25 4
0 26 14
0 27 26
0 28 9
1 19 3
1 26 1 7
1 1 11
1 6 6
1 0 11
1 20 2 0
1 9 12
1 4 10
1 17 15
1 10 12
1 15 2 9
1 5 13
1 23 8
1 14 5
1 12 5
1 22 8
1 18 15
1 8 12
1 11 5 16
1 2 4
1 25 8
1 24 8
1 13 5
1 3 4
1 21 8
1 7 6 18
1 16 14
0 27 9 19
0 28 15
0 29 17
0 30 5
0 31 17
0 32 8
1 10 2 1
1 14 0
1 12 0
1 11 2
1 1 5
1 7 12 10
1 5 2 4
1 15 11
1 13 2 3
1 3 9
1 2 6 7
1 0 5 14 15
1 6 8
1 4 9
1 8 12 13
1 9 12
0 16 12
0 17 11
0 18 1
0 19 9
1 10 1
1 7 2
1 9 7
1 11 4 3
1 2 8 0
1 1 9
1 5 7 5
1 0 8
1 6 2
1 3 6
1 4 6
1 12 4
1 8 7
0 13 2
0 14 11
0 15 10
1 4 2
1 7 3
1 5 2
1 8 0
1 9 0 4
1 2 2
1 3 2
1 6 3
1 0 5 7
1 1 1
0 10 2
0 11 3 6
1 4 19 9 11 12 13 20 22
1 1 5 2 8 18
1 2 4 3 7 10 17
1 3 6 1 15 25
1 5 0 14 16 21 23
1 0 6 26
0 6 12 24
0 7 16
1 18 5
1 7 6
1 1 2
1 9 4
1 6 6
1 4 3
1 2 3
1 0 2
1 10 4
1 20 1
1 3 3
1 8 6
1 21 1
1 5 3
1 15 0
1 14 0
1 19 5
1 16 5
1 11 4
1 12 4
1 17 5
1 13 4
0 22 5
0 23 8
0 24 7
0 25 7
0 26 3
1 4
1 6
1 0
1 1
1 3
1 5
1 2
0 7
0 8

