20
20 27 12 18 26 35 31 26 12 17 18 34 35 26 32 22 27 29 35 28 
1 9 17 18 1 9 5 12 16 19 20 23
1 0 7 15 9 6 21 12 2 1
1 1 1 7 21 12 5 2 20 8
1 2 1 8 19 7 20 13 10
1 14 4 20 3 8 17 0 19 1 16 9 13 24 21
1 5 9 10 14 21 13 19 18 2 16 11 17 3 0
1 10 1 18 0 4 6 9 12 24
1 15 16 3 17 5 21 0 15 1 25 14
1 13 16 12 15 13 5 4 11 10 19
1 12 11 13 9 4 5 18 19 3 23 17
1 11 19 2 5 8 13 20 16 15 10 3
1 3 16 4 0 21 19 13 14 10 8 6 7
1 4 0 1 9 18 14 10 13 16 6 3 5 4
1 7 11 9 12 20 21 0 5 6 23
1 6 6 14 8 11 15 12 18 7 10 20 2 21
1 8 9 16 17 1 0 19 14 3 13
0 16 21 20
0 17 12
0 18 14
0 19 26 22 14
1 17 9 7 0 6 1 5 4 2 11
1 8 9 7 8 0 5 2 3 4
1 5 9 6 0 3 2 7
1 19 1 2 4 9 0 11 5
1 11 7 9 4 3 0 8 1
1 10 2 1 6 9 7 0 4 8
1 3 3 4 1 8 0 5 9
1 9 6 4 7 9 3 8 2 0 5
1 18 5 4 9 8 1 6 3 2 10
1 4 5 3 8 7 1
1 0 8 2 3 0 7 1
1 16 1 2 3 5 8 0 9 4
1 20 4 6 0 9 5
1 15 7 3 1 5 9 8 10
1 2 1 8 4 6 0 7
1 21 3 4 6 9 2 1
1 12 8 5 3 2 0 6 9 1 10
1 14 4 5 0 3 8 6 9 2
1 13 8 5 7 2 4 6 9 1
1 6 0 9 3 6 8
1 7 4 8 6 2 1 0 3
1 1 6 2 8 1 0 5
0 22 11 9 4 3
0 23 1 10
0 24 5 3 0 11
0 25 11 0 10
0 26 2 9 8
1 2 13 0 11 10 6 2 1 12 5 3 4
1 8 1 12 14 9 7 4 2 10 11 5 3
1 3 10 1 9 13 3 5 7 14 6 4 15 2
1 4 13 12 3 1 9 5 2 10 4 6 7
1 6 0 11 8 14 1 10 7 13 12
1 7 4 6 2 9 8 0 11 13 14 1
1 5 8 2 3 11 10 1 6 4 9 5 13 14 7 0 16
1 1 6 7 10 11 3 5 1 4 9 13 8
1 0 5 9 13 3 2 8 12 11 6 1 14 10
1 9 14 9 4 2 10 7 1 15 6 12 16
0 10 11 16 1 7
0 11 4 17 15 10
1 14 6 13 1 19 24 2
1 0 10 14 20 7 19 6 12 16 21 8
1 12 0 15 11 8 17 19 7 2 13
1 4 7 5 8 16 2 15 12 14 9 4 20
1 11 8 9 19 1 14 7 18 6
1 2 17 5 10 8 12 0 14 9 16 19 20 13 21 25
1 1 18 4 9 14 19 15 6 16 20
1 13 17 19 4 7 15 12 0 8 2 1 25
1 6 3 9 14 1 5 8 16 15 11 23
1 7 3 1 15 7 9 6 5 16 12 18 0
1 10 18 4 13 20 17 9 15 7 19
1 3 8 9 7 14 15 17 10 6 20 1 3 0
1 9 11 15 18 8 3 0 12
1 5 16 2 13 14 0 6 9 5 18
1 8 12 11 2 14 10 0 6
0 15 17 22 20 14
0 16 7
0 17 11 23 4 15
1 11 1 7 21 11 9 26
1 20 10 16 17 11 0 29 24 32
1 17 11 6 14 18 28 25 1 13 7 31
1 19 19 0 13 11 16 21 9 32
1 18 0 22 26 2 18 6 23 24 34 17
1 13 2 12 14 3 23 7 5
1 1 25 7 2 19 3 27 26
1 10 24 9 15 16 21 28 13 4 10
1 8 5 4 13 20 28 2 24 30
1 4 21 8 1 32 33
1 6 0 19 21 23 1 5 9
1 15 12 25 22 18 20 2 10 5 23 9
1 5 28 23 27 15 19
1 14 0 14 17 26 10 27
1 2 8 3 14 9 23 2
1 0 12 13 20 22 7 3
1 3 15 27 6 21 7 4 26 5 30 10
1 9 10 0 20 25 3 13 5
1 12 2 9 26 4 12 7
1 16 0 20 17 27 21 4 28 8 34 12 19
1 7 27 18 24 19 23 7 14 13 22
0 21 9 31
0 22 16
0 23 12 7
0 24 9
0 25 11
1 27 7 0 3 17 16 13 10
1 5 2 5 17 14 12 3 19
1 28 17 3 2
1 0 21 4
1 8 20 19 1 0
1 3 12 3 4 1
1 23 21 16 0 10 22
1 11 1 2 20 21 7
1 10 15 4 23 6 20 16 0 14
1 19 6 13 19 17 14 3 26 22
1 17 13 19 23
1 26 7 0 1
1 21 16 24
1 9 15 3 19 0 25
1 15 15 12 5 7 3
1 4 4 18 15 2 11 12 27
1 24 10 2 20 8
1 12 6 8 16 10 23 4
1 25 22 11 14 7 16 17 6
1 2 23 5 9 15 19
1 14 20 24 15 11 9 18 13
1 20 19 17
1 1 4 24 10
1 18 23 22 15 21 12 17 11 19
1 7 14 24 9 3 28
1 13 10 4 12 7 26
1 6 5 9 11 6
1 16 1 6 18 23 17 20
1 22 23 9 12 7 2
0 29 16 30
0 30 19
0 31 13
0 32 29
0 33 14
0 34 28 27
1 15 10 11 0 1 16 5 7 6
1 2 20 1 13
1 10 3 10 12 20 9
1 20 19 18 15 11
1 0 12 7 0 14 15
1 4 13 12 17 10 21 23
1 6 13 0 17 9 8
1 23 8 16 12 4 5 11 3 2 0 19 20
1 16 6 11 13 2 15 14 12 8 24
1 12 8 17 2 12 16 7 4 9 0
1 14 3 7 10 12 16 1
1 17 16 15 17 0 13 9
1 9 10 8 19 1 15
1 21 19 12 5 0 2 11 10
1 1 4 9 11 14 0
1 5 8 5 20 14 9 0 18 10
1 19 11 3 15 16 20
1 24 16 4 3 18 2 5 14 13
1 7 18 0 1 14 20 6 10 9
1 3 15 14 16 0 18 19 4 17 5 8 20 13 11 24
1 22 2 15 18 3 4
1 11 16 3 4 10 9 17 8 11 22 5
1 18 20 5 2 3 13 15 17
1 13 6 14 8 19 0 2 21 3
1 8 9 17 18 15 7 19 0 13 4 1 8
0 25 25
0 26 18 20
0 27 12 8
0 28 7 3 23
0 29 24
0 30 11 16
1 1 3 9 1 2 0 8
1 12 9 3 4 1 7 6 5
1 19 7 3 0 6 8 11 4
1 10 3 7 5 0 9 1 11
1 5 7 1 4 5 9 8 0 10
1 16 5 7 4 3 9 8
1 17 0 6 3 8 9 4 5 1 10 7
1 4 2 5 0 3 7 1
1 6 1 2 3 8 6 9 4
1 20 8 3 5 4 0 6 9 1
1 7 7 5 2 3 0 1 8
1 8 1 8 7 9 2 6 5
1 11 5 8 3 9 1 6 7 2 10
1 13 5 8 9 0 3 7 1
1 2 8 4 7 1 3 10
1 9 5 0 4 2 7 3 6 11
1 18 6 4 5 8 3 2 0
1 3 7 4 5 1 8 0
1 15 9 0 8 7 1 6 5
1 14 4 7 8 0 5 9 1
1 0 1 9 4 6 7 5 10 11
0 21 7
0 22 1 6
0 23 0
0 24 1 3 8
0 25 11
1 5 13 8 4 7 3 1 10 0 2 6 9 12 5 11
1 0 13 0 3 2 6 10 9 4 12 5 1
1 1 11 10 3 12 2 1 13 7 4 16
1 7 11 2 7 12 6 3 4 13 0 8 10 5
1 3 1 2 12 13 5 7 8 9 4
1 9 7 5 4 13 1 6 2 12 9 10 8 3
1 8 10 5 9 8 6 4 1 0 2 12 14
1 2 11 3 4 6 5 2 1 10 13 9 14 16
1 6 9 0 2 8 1 3 10 13 6 4 5
1 4 4 3 6 12 0 7 13 10 11 8 5 2 9 1 14
0 10 15 14 16 1 0 4
0 11 13 7 8 6 15 12
1 4 3 14 0 6 8 4 5 1 11 12 13 2
1 8 7 12 11 3 10 8 13 2 5 4 0 14
1 6 11 1 10 3 13 14 9 6 2 16 0
1 3 13 14 3 11 4 2 8 1 7
1 7 9 0 11 12 14 10 3 13 7 15 6
1 10 6 8 12 1 4 9 3 0 7 13
1 11 9 4 14 10 7 1 5 0 6
1 12 8 13 12 4 10 3 0
1 13 3 4 5 7 0 6 9 10 12 14
1 1 2 13 1 8 7 11 10 6 12 14
1 9 6 10 5 7 11 12 2 13 1 8 9 0 15
1 5 9 5 10 7 13 8 11 2 6 12 4 1
1 2 3 8 1 12 14 10 6 13 11 7
1 0 11 4 6 7 2 12 14 8 13 1 5 0 17
0 14 0 16 7
0 15 7 13
0 16 17 16 2 12 0 7
1 14 19 27 26 12 7 10 4 17
1 3 10 5 7 9 2 18 12 20 8 6 11
1 8 4 3 24 5 7 11 20 19 22 17
1 10 9 13 12 19 6 26 20 32 31 1
1 6 17 27 14 5 11 20 12 21 15 16 22 23 13
1 9 25 15 7 13 16 22 29 21 18
1 5 21 2 27 3 10 9 13 23
1 2 0 22 18 9 19 14 15 1 5
1 11 0 6 15 4 20 12 27 1 5 7 3 18 30 31 28
1 12 12 7 11 23 1 16 21 8 20 3
1 13 1 18 9 0 4 10 8 6 23 11 14 28
1 0 8 16 27 22 0 14 18
1 1 20 13 22 21 2 3 10 12
1 7 14 23 26 12 20 15 22 25 11 17 10 3
1 4 26 11 10 9 12 13 22 4 33 5
0 15 12
0 16 12 19 30
0 17 2 1 5 30
1 9 7 27 6 16 13 18
1 16 23 14 25 1 9 28 3 18 10 16 31
1 2 15 1 24 3 25
1 18 26 6 14 16 19 17 1
1 21 25 9 1 22 16 30
1 0 4 28 7
1 24 10 27 12 14 18 20 4
1 22 8 7 0 17 10 33
1 26 22 11 4 17 5 27
1 4 25 16 26 1
1 12 24 26 2 25 11
1 19 13 11 25 24 27 0 2 22 33
1 10 22 26 3
1 23 1 11
1 11 5 12 25 15 19 29
1 27 10 14 34
1 5 15 20 23 0
1 17 16 1
1 14 0 30 25
1 25 5 17 21 6 18 11
1 7 26 18 3 13 25 2 0
1 15 8 27 13 5
1 1 9 19 23 13 7 15 34
1 20 21 18 20 9 8 22 26 32
1 3 2 26 1
1 6 24 3 14 4 20 7
1 8 7 1 9 16 19 10 25 5 26
1 13 16 11 19 28 4 15 12 1 23
0 28 31 3
0 29 19
0 30 0 34
0 31 25 4
0 32 12
0 33 13
1 13 8 12 2 14 13 23 6
1 7 18 3 1 12 10 8 7
1 23 18 11 17 10 14 5 4 1 3
1 15 15 8 18 1
1 5 10 9
1 12 15 5 20 8 18 21 1
1 17 3 0 2 16 14 21
1 1 13 10 6 20
1 16 17 10 3 4 16 2 25 11
1 25 1 6 5 17
1 28 9 4 17
1 27 17 0
1 20 1 8 3 11
1 8 3 15 17 7 12 20 19
1 19 15 9 0 12 23
1 14 19 14 20 0 13
1 21 11 18 3 2
1 24 12 11 20 1 3 17
1 9 7 18 2 11 6 13 3
1 6 19 4 0 13 7 10 15 14
1 11 0 6 16 8 9 19 3 14
1 26 11 14 2 9
1 22 17 20 0 19 12 24 25 6
1 4 8 13 19
1 3 2 15 8 16 13
1 10 0 16 5 14 10 8
1 0 10
1 18 0 7 12 17 9
1 2 15 6 20 12 16 1 23
0 29 5
0 30 0 17
0 31 14 8
0 32 10
0 33 4 22
0 34 0
1 16 15 7 0 24 6 16 29 19
1 20 25 6 9 21 22 26
1 18 11 21 3 16 9 2
1 7 10 2 5 8 9 21 13 20 24 0
1 19 21 9 30 22
1 17 18 24 4 20 23 21
1 5 7 0 17 18 10 1 25 13 23
1 0 22 13 10 7
1 6 24 8 10 4 13 22 25
1 14 22 0 24 16 14 5 12 8 20
1 1 18 15 17 3 11 10 0 19 4
1 15 7 5 19 16 6 12
1 12 19 22 2 13 17 16 29
1 3 3 1 18 5 19 11 12 17 4 7 10
1 8 6 5 17 24 14 9 7 13 19 2
1 4 12 1 7 3 15 9 14 17 28 21 4 11
1 2 1 13 21 4 18 20 23
1 13 16 13 18 10 11 25 3
1 9 1 4 9 20 5 17 8 24 13 18 6 22
1 11 10 11 5 21 20 4 23 19 25 9
1 10 10 14 23 3 13 15 20 16 24 9 31
0 21 12 4 28 2
0 22 11 4
0 23 12 24 31 1 27
0 24 2
0 25 0 27 3
1 11 14 0 8
1 12 13 4 11
1 20 8 3 5 2 14 17
1 10 16 11 3 2 17 0 1
1 9 1 2 16 10 8 9 18
1 7 10 1 11 0 8
1 16 17 15 6 4 13 2 3 16 10
1 5 17 6 0 20
1 14 0 6 10 3 12 8 5 14 19 21 11
1 21 1 5 14 15 8 9
1 3 1 17 16 14 15
1 8 16 7 6 12 2 0
1 19 6 3 15 7 13
1 2 13 11 14 10 17
1 6 14 13 16 7 2
1 4 7 4 14 17 1 10
1 25 3 13 9 12 4 1 8
1 1 14 11 5 7 19 3
1 18 12 14 1 13 0 5 4 21
1 15 11 16 12 9 4 5 1
1 0 6 16 5 10 7 11 13
1 13 7 15 3 8 11 13
1 17 8 4 6 13 2 7
1 23 0 9 5
1 22 12 13 0 9 4 14
1 24 8 9 1 0 2 3 18 15
0 26 2 5
0 27 3 0 18 5
0 28 4
0 29 0 7 18
0 30 16 11
0 31 13
1 6 14 5 8 2 1 12 6
1 8 10 8 9 0 15 6 12 18
1 9 4 14 21 10 3 19
1 17 13 1 3 21 6 16 18
1 12 7 3 20 6 19 2 0 11 16
1 11 6 2 21 18 11 12 1 7 13 24 26
1 5 7 21 8 9 11 2 19 14
1 4 14 1 7 8 15 19 12 0 26
1 14 5 0 19 20 16 13 1 18 14
1 16 6 14 11 13 17 3 18 2 24
1 2 17 5 9 21 4 15 6 7 1
1 0 12 7 14 23
1 15 6 2 24 9
1 13 4 11 14 13 16 6 10 15
1 3 5 15 7 16 20 25 13
1 10 21 11 7 20 19 12 18 14 6 16 3 23
1 1 15 18 20 17 8 1
1 7 4 16 18 8 1 3 2 23 14
0 18 18 22 5
0 19 21
0 20 24
0 21 8
1 14 8 3 21 18 1 23 4 16 9 0 28
1 11 14 13 20 2 11 21
1 7 11 0 8 13 24
1 15 8 12 10 20 6 23
1 1 11 20 21 7 8
1 12 21 1 18 20 22 14 9
1 19 14 19 2 8 11 7 6 15 22 3 26
1 3 8 1 13
1 6 23 0 18 7 22 10 5 20
1 2 15 7 8 23 4 18 21
1 20 11 9 17 16 18 1 10 15 6
1 17 3 4 13 5 16 21 1
1 10 14 17 12 8 22 9 3 26
1 21 17 6 4 0 14 23
1 5 17 21 16 13 2 8 5
1 0 21 14 18 15 16 7
1 18 20 19 0 8 17 13 3 10 14
1 9 2 7 9 16 14 21 23 4 8 17
1 13 3 6 8 23 24 19
1 16 22 10 0 9 14 12 1
1 4 5 16 0 18 13 22
1 8 5 19 16 12 18
0 22 6 14
0 23 25 2 8
0 24 20
0 25 27 1 3 5 21
0 26 20 23
1 17 8 0 22 21 2 16 30
1 21 10 28 14 6 11 26
1 19 13 16 12 26 14 1 25 21
1 9 21 4 20 9 25 17 2 19 16 7
1 22 27 11 4 7 6 12 14
1 16 19 27 4 6
1 23 11 0 4 28 21 31 34
1 1 17 15 7 3 16 9 25
1 6 1 5 22 19 2 14 10 24 18
1 13 12 22 10 8 17 26 13 34 15
1 11 11 3 24 26 20 18 16
1 15 18 13 20 16 23 3
1 2 15 17 0 1 16 7
1 0 10 28 16 11
1 14 17 13 9 0 30
1 7 14 7 20 8 3 31 32
1 8 17 6 1 13 19 10 7 8 23
1 18 12 8 5 13 25 22 27
1 4 27 9 25 19 1 17 22 24
1 20 23 11 12 8 3 28 27 22
1 12 17 4 12 5 2 8 11 24 22 25
1 3 23 3 9 15 20 16 27
1 10 1 24 25 26 10 4 12
1 5 2 4 27 10 9 34 0
0 24 22 31
0 25 13 29
0 26 10 33
0 27 32
0 28 11
1 28 7 0 3 10 8 17
1 1 22 19 13 1 23 20
1 13 8 6 5 2 22
1 7 17 19 2 16
1 18 10 22 2 15 17
1 10 17 12 8 21
1 26 8 5 11 3
1 4 19 16 18 14
1 17 4 7 17 16 13 20 19
1 2 16 19 1 13 6 14
1 0 14 13
1 22 19 8 9 20 12 26
1 27 2 17 11 20 23 15
1 21 2 6 4 11 12 16 20 22
1 12 10 13 22 17 3 11 24
1 3 14 1 6 5 22 19
1 5 19 15 14 5 22 20 18
1 8 21 3 14 1 22 11 0 8
1 23 17 5 7 16 10 2 11
1 14 1 18 11
1 9 1 11 20 22 16 7 14 24
1 25 7 6 20 5 17 10 18 8 9 25
1 6 5 3 13 1 25 2
1 19 12 3 22 2 17
1 11 10 21 9 0 13 26
1 16 4 14
1 24 10 3 9 1
1 15 15 19 8 10 27
1 20 18 0 19 10 8 4 16 22
0 29 21 18
0 30 6 7
0 31 2
0 32 21 13
0 33 17 14
0 34 12
1 10
1 2
1 14
1 17
1 22
1 8
1 9
1 21
1 16
1 18
1 20
1 19
1 13
1 4
1 1
1 7
1 5
1 12
1 11
1 3
1 15
1 0
1 6
0 23
0 24
0 25
0 26
0 27

