6
24 23 18 26 24 29 
1 5 2 15 18
1 9 3
1 10 3
1 12 1
1 11 3
1 4 12 9
1 0 8
1 2 6
1 6 0 13
1 1 8 14
1 8 11 5
1 3 4 22
1 14 1 7
1 7 10
1 13 1
0 15 20
0 16 21
0 17 21
0 18 19 17
0 19 16
0 20 11
0 21 9
0 22 13
0 23 20
1 8 7
1 12 4 12
1 5 1
1 11 4
1 2 2
1 9 8
1 1 2
1 13 4
1 0 6 14
1 4 2 5
1 7 1 3
1 10 9
1 3 0
1 6 10
0 14 15
0 15 11
0 16 0
0 17 5
0 18 2
0 19 16
0 20 1 13
0 21 1
0 22 5 17
1 2 10 12 14
1 3 9 3 25
1 1 7 0
1 7 13 4 18
1 10 6
1 4 13 1
1 0 8
1 6 5 24
1 8 15 21
1 9 2
1 5 11 19
0 11 20
0 12 9
0 13 17 16
0 14 23
0 15 11
0 16 20
0 17 7 22
1 1 7 19
1 5 3 2
1 14 0
1 7 3 15
1 13 6 12 13
1 11 9 21
1 15 11
1 3 14 1
1 0 7
1 6 10
1 4 14 4 5
1 8 8
1 10 9
1 9 8
1 2 7
1 12 9
0 16 3
0 17 3
0 18 1
0 19 20 18
0 20 22
0 21 12
0 22 23
0 23 12 16
0 24 17
0 25 7
1 13 8
1 1 11 2
1 5 15 3
1 7 0 18
1 3 16
1 4 10 12 14
1 10 6 13
1 0 1 20
1 8 0 28
1 9 9 4 19 22
1 6 10
1 14 17 21
1 11 7
1 12 5
1 2 11
0 15 2
0 16 23
0 17 17
0 18 26
0 19 23
0 20 5
0 21 27
0 22 11
0 23 24 25
1 9
1 0
1 1
1 6
1 10
1 15
1 12
1 14
1 16
1 11
1 8
1 2
1 4
1 13
1 5
1 7
1 3
1 17
0 18
0 19
0 20
0 21
0 22
0 23
0 24
0 25
0 26
0 27
0 28

