20
44 21 29 40 23 44 31 23 29 42 40 45 48 18 34 13 26 28 44 24 
1 10 10
1 1 11
1 21 1
1 2 11
1 22 1
1 23 1
1 12 9
1 5 12
1 9 12 4
1 6 0
1 0 6
1 3 11
1 24 1
1 13 9 16
1 14 9
1 11 10
1 19 7
1 15 9
1 7 5 18
1 25 1
1 16 9
1 17 9
1 8 9 2 3
1 18 9
1 4 11
1 26 8
1 20 7
0 27 2
0 28 10
0 29 20
0 30 15
0 31 3
0 32 1
0 33 12
0 34 19
0 35 11
0 36 14
0 37 7
0 38 19
0 39 9
0 40 17
0 41 13
0 42 4
0 43 15
1 4 7 0 13
1 11 12 3
1 2 8
1 6 15 19
1 10 4 16
1 5 14 11 18
1 0 2 1
1 9 2 9
1 12 10
1 8 6 17 25 26
1 7 15 23
1 1 5
1 3 8 21
0 13 28
0 14 11
0 15 1 22
0 16 8
0 17 4
0 18 1 20
0 19 27
0 20 24
1 3 23 13
1 1 5 27
1 8 6 14 17 38
1 17 4
1 14 16 37 39
1 5 9 0
1 13 16
1 0 24
1 6 12 31
1 12 20 1 21
1 15 4
1 2 8
1 10 3 15 28 29
1 16 4 32
1 11 22 2 7 18 33 36
1 7 3 10
1 9 16 11
1 4 8 19
0 18 6
0 19 9
0 20 10
0 21 15
0 22 17 26
0 23 8
0 24 25
0 25 34
0 26 30 35
0 27 10
0 28 13
1 1 5
1 14 8
1 21 2
1 13 8 19
1 22 3 4
1 4 9
1 17 11
1 18 12
1 5 9
1 12 8
1 10 6 14
1 7 9
1 8 0
1 11 8
1 15 6 10
1 16 12 1 22
1 20 13
1 3 7
1 9 6
1 6 9
1 19 12
1 24 3
1 23 3
1 0 5
1 2 7
0 25 10
0 26 4
0 27 10
0 28 7
0 29 7
0 30 7
0 31 20
0 32 0 16
0 33 18
0 34 4
0 35 11 17
0 36 18
0 37 11
0 38 6 21
0 39 15
1 3 14 32
1 6 2 0 24 26
1 11 3 37 42
1 13 13 30
1 12 13
1 0 8
1 4 10 7 17
1 1 11 38
1 5 9 1 6
1 2 18 19 28
1 9 5 4 21
1 7 20 25 36
1 8 12 16 22 23
1 10 15 27
0 14 2 29 40
0 15 8 34
0 16 1 31 35
0 17 26 41
0 18 20
0 19 33
0 20 43
0 21 15
0 22 39
1 10 2
1 11 3 15
1 1 8 17
1 20 16 24
1 26 13
1 8 10
1 12 7 23
1 6 5 20
1 0 8
1 14 14 19 25
1 13 7
1 2 9 28
1 21 16
1 24 18
1 7 5
1 19 11
1 16 1
1 15 14
1 9 8 4 12
1 4 3
1 25 11 0
1 17 1
1 5 8 6 26
1 18 11
1 22 18
1 3 3
1 23 18
0 27 12
0 28 3
0 29 15
0 30 12
0 31 0
0 32 12
0 33 5
0 34 12
0 35 13
0 36 18
0 37 10 21
0 38 10
0 39 29
0 40 10 22
0 41 10
0 42 30
0 43 27
1 17 6
1 11 3
1 8 5
1 3 10
1 5 7 8
1 4 2
1 7 7 9
1 9 3
1 0 7
1 2 1
1 6 4
1 12 3
1 16 11 19
1 18 12
1 10 3 17
1 15 13
1 13 11 0
1 1 1
1 14 13 16
0 19 20 22
0 20 9 14
0 21 3
0 22 6 15
0 23 21
0 24 12
0 25 18
0 26 4
0 27 4
0 28 12
0 29 9
0 30 5
1 6 5 19
1 1 7
1 3 16 4 9
1 8 15 2 6 8 14 20
1 4 15 1
1 5 5
1 12 17 24
1 0 13
1 7 13 11
1 9 0 28
1 2 7
1 11 3
1 13 10
1 10 0 12 23
0 14 21 26
0 15 18
0 16 17
0 17 25
0 18 12
0 19 6
0 20 21
0 21 9 22
0 22 6 27
1 10 5 16
1 8 4
1 1 15 36
1 12 5
1 0 3 26 34
1 7 25 22 37
1 17 0
1 3 20 35
1 5 1 9 14 24
1 6 10 13 17
1 16 2 12
1 13 18 11 33
1 11 5
1 2 23 31
1 15 8 6
1 4 20 41
1 9 19 7 21
1 14 8 27
0 18 29
0 19 8
0 20 30
0 21 40
0 22 20
0 23 24
0 24 21 32
0 25 1 38
0 26 17 28
0 27 39
0 28 7
1 24 2
1 2 23
1 20 9 33
1 0 15 30
1 12 12
1 14 6
1 18 16 4 36
1 8 3
1 17 18 37
1 16 10 22
1 3 11 1
1 6 24
1 25 8 28
1 23 20 35
1 5 24
1 1 15 13
1 11 12 32
1 7 3
1 22 0
1 15 12 14
1 10 6 21
1 13 19 5
1 4 24
1 9 11
1 21 0 17
1 19 0 7
0 26 27 38
0 27 26
0 28 9
0 29 34
0 30 13
0 31 39
0 32 25
0 33 18
0 34 22
0 35 21
0 36 15
0 37 1 31
0 38 5
0 39 15
0 40 13 29
0 41 4
1 21 19
1 1 14
1 23 22
1 6 2
1 12 14 12 18 36
1 9 17
1 13 15
1 11 13
1 24 11 10
1 18 5 20
1 8 17
1 7 21 0 3 8 35
1 10 16 26
1 2 21 44
1 16 24 23
1 0 14
1 17 9 25
1 20 24 6
1 14 15 43
1 15 15 27
1 22 11 7
1 4 1 39
1 19 4
1 3 21 32
1 5 2
0 25 40
0 26 12
0 27 29
0 28 24
0 29 21
0 30 38
0 31 9
0 32 9
0 33 19 34
0 34 18
0 35 8 31
0 36 30 33
0 37 9
0 38 30
0 39 37 28 41 42
1 26 26 28
1 6 27 29
1 8 5
1 3 16
1 18 18 4
1 5 6 30 33
1 16 24
1 14 8 1
1 4 6
1 25 0
1 23 8 19 37
1 24 10
1 12 20 2 46
1 11 24 17
1 0 3
1 13 13 22
1 2 23 31
1 9 5
1 22 7 44
1 19 9 32
1 27 0
1 1 25
1 21 20
1 10 24 15
1 20 9
1 7 21 12
1 17 16 11
1 15 3 14 39
0 28 12
0 29 12
0 30 10
0 31 15
0 32 42
0 33 6
0 34 27
0 35 42
0 36 34
0 37 35
0 38 45 40
0 39 17 36
0 40 11 47
0 41 43 38
0 42 2
0 43 27
0 44 16 41
1 24 0
1 12 6
1 8 6
1 2 4
1 14 9
1 11 6 12
1 6 5
1 21 1
1 17 8
1 18 10
1 23 1
1 26 7
1 9 6
1 1 4
1 27 7
1 7 5
1 5 5
1 13 9
1 22 1
1 25 0
1 20 3
1 10 6
1 28 2
1 4 5
1 15 9
1 3 5
1 19 10
1 16 8
1 29 2
1 0 4
0 30 9
0 31 5
0 32 10
0 33 16
0 34 11
0 35 17
0 36 9
0 37 8
0 38 13
0 39 1
0 40 16
0 41 8
0 42 0
0 43 6
0 44 0 14
0 45 17
0 46 1
0 47 15
1 8 17 1 2
1 7 4 6
1 10 8 5 26
1 6 11
1 0 3
1 1 9 24 27
1 2 16 15 25 31
1 9 18 7 13 14 19
1 4 20
1 3 3 0 12
1 5 18 10 21
0 11 22
0 12 33 29
0 13 18 28
0 14 16 30 32
0 15 23
0 16 23
0 17 3
1 13 0
1 7 4
1 17 0
1 1 7
1 14 0
1 15 0
1 6 4
1 4 7
1 18 1
1 2 7
1 3 7
1 10 2
1 9 2 8
1 19 1
1 20 5
1 5 4
1 0 3
1 12 2
1 16 0 12
1 11 2
1 8 1 6
0 21 5 9
0 22 7
0 23 6
0 24 11
0 25 4
0 26 1
0 27 1
0 28 0
0 29 10
0 30 11
0 31 10
0 32 6
0 33 1
1 5 3 4 19
1 6 2
1 4 11 10 13 14 18
1 0 1 15 17
1 3 12
1 7 6 9
1 1 0 8
1 2 7 5 25
0 8 1
0 9 22 16
0 10 23 21
0 11 24 20
0 12 0
1 3 14 10 21
1 4 6 2 11
1 11 9 18
1 14 16
1 8 1
1 1 13
1 12 9
1 9 1 17 20
1 2 14
1 15 16 27
1 10 5 8
1 5 4 7
1 6 1 12
1 7 6 24
1 13 15 0 3 23 25
1 0 13
0 16 26
0 17 11
0 18 13
0 19 15
0 20 14
0 21 15
0 22 13
0 23 19
0 24 2 22
0 25 6
1 7 22 39
1 10 7 5 25
1 5 8 3 24
1 14 12 41
1 12 21 2 13 36
1 9 1
1 8 14 18 38
1 1 20
1 13 4 11 27
1 11 7 23 32 40
1 6 21 9 15 16 30
1 2 20 6 10 26
1 4 0 29
1 0 20
1 3 17 43
1 16 19
1 15 19
0 17 8
0 18 12
0 19 37
0 20 34
0 21 24 35
0 22 11 28 33
0 23 13
0 24 22
0 25 4
0 26 13 42
0 27 4 31
1 6 14
1 15 4
1 20 13
1 8 10
1 18 1
1 16 1 9
1 14 4
1 7 14
1 4 14
1 10 10
1 0 0
1 22 7
1 23 7
1 21 7
1 19 13
1 2 3
1 13 7 8
1 5 14
1 11 10
1 26 11
1 3 3
1 17 6 18
1 12 10 19 22
1 25 5
1 9 10
1 24 5
1 1 2 12
0 27 4
0 28 0
0 29 12
0 30 6
0 31 17
0 32 15
0 33 4
0 34 7
0 35 1
0 36 6
0 37 0
0 38 0
0 39 17 16
0 40 1
0 41 21
0 42 20 23
0 43 14
1 0
1 10
1 1
1 4
1 8
1 13
1 9
1 12
1 3
1 7
1 6
1 14
1 2
1 11
1 5
0 15
0 16
0 17
0 18
0 19
0 20
0 21
0 22
0 23

