13
18 36 39 21 39 28 37 44 34 29 16 26 15 
1 3 6 7 14 2 1 30
1 10 14 0 10 16 17 7 3 25
1 9 21 3 18 9 8
1 6 4 9 3 18 10 7
1 5 6 9 21 16 4
1 7 21 18 10 6 33 35 29 0
1 4 18 13 5 26 34 12
1 1 12 2 18 15 6
1 8 20 13 9 8 18 28 1 24 21
1 2 5 8 11 15 19 10
1 0 1 7 5 12
0 11 27
0 12 32 24 35 7 20
0 13 12 31 23 14
0 14 29 23
0 15 8 11 10
0 16 19
0 17 22 32
1 21 8 9 22 24
1 10 7 11 14 22
1 8 6 31
1 20 18 22 9
1 12 4 12 13 20 2
1 0 21 14
1 7 19 17 23
1 1 19 12 16
1 19 18 8
1 4 22 5 21 18
1 16 19 1 20 29 6 34
1 6 21 16 10 25 15
1 2 4 0
1 13 9 4
1 17 15 13 2 7 11 4 5 30 10
1 3 21 17 19 23
1 18 8 1 19 7 28
1 9 17 20 10 21 1
1 15 9 17 4 27 19
1 5 23 10 6
1 14 8 3 10
1 11 2 7 21 6 17 4 37 29
0 22 8 16 19 35
0 23 38
0 24 34 36
0 25 5
0 26 10
0 27 16 20 13
0 28 32
0 29 32
0 30 17 35 14
0 31 14 33
0 32 26
0 33 16
0 34 32
0 35 38
1 9 6
1 8 1 2 10 8
1 16 4 3 11 12 7
1 12 10 4 12
1 3 4 3 11
1 6 5 7 18 4 13
1 10 6 8 12 19
1 23 11 12
1 17 7 10 3
1 21 12 10
1 7 7 9
1 2 4
1 0 8
1 18 1 3 14
1 4 6 8
1 22 12
1 20 10
1 13 12 5 7 15
1 15 6 0 9 3 8
1 11 6
1 19 10 9
1 1 4 7
1 14 3 11 1 7 13
1 5 4 1 0
0 24 3
0 25 20
0 26 17
0 27 3
0 28 1 15 8 18
0 29 20
0 30 10 14
0 31 16
0 32 14
0 33 11
0 34 11
0 35 19 18
0 36 7 14
0 37 2
0 38 9
1 3 13 21 8 6 0 19 37 26 2
1 4 12 11 17 21 20
1 6 12 8 22 15 23 13 7 6
1 12 10 23 15 22 11 25
1 2 6 4 15 0 12 29
1 7 20 22 11 6 8 24 31 33
1 5 7 14 17 15 19 9 23 16 36 22
1 1 14 8
1 0 0 5 21 25
1 8 1 5 7 23 22 31
1 9 19 18 21 15 23 3
1 11 9 16 22 2 4 18 24 35 20
1 10 2 3 10 13 20 21 1
0 13 26 34 23
0 14 11 38 5 3 19
0 15 35
0 16 2 29 24
0 17 30 27 6
0 18 1 28
0 19 12
0 20 32 4 17
1 9 6 5 22
1 21 9 16 18
1 17 9 7 13 1 0
1 8 2 13 10 4 12
1 0 14 2 11 4 20
1 1 15 14 4
1 2 0 1 22
1 16 16 12 8
1 10 15 5 14
1 23 7 13 9 3
1 22 7 23
1 18 5 15
1 11 16 4 0 2 12 10 3
1 7 3 8 11 12 4 23
1 3 10 8
1 12 14 0 11 7
1 6 10 8 6 1 26
1 4 5 8 0 11 2 21 19
1 15 0 6 7 5
1 19 15 13 12 6 18
1 13 15 11 10 5 2 9
1 5 12 0 14
1 20 10 13 7
1 14 13 5 2
0 24 12
0 25 14 24 17
0 26 25
0 27 20 27
0 28 25
0 29 22
0 30 9 2
0 31 8 19
0 32 4 20
0 33 16
0 34 10 17 4
0 35 20
0 36 12
0 37 3 26 11 2
0 38 6 27
1 6 10 11 20
1 4 13 3 8 28 35
1 1 12 7 17 3 0
1 5 12 14 19 3
1 2 22 10 21
1 11 21 15 11 7 35
1 7 8 16 10
1 14 1 4 5 9 21
1 3 22 6 11 10 17 33
1 13 0 15 19 8 1
1 8 15 9
1 9 5 15 16 18 20
1 12 2 17 18 0 14 19 36
1 16 1 19 2
1 0 13 10 29
1 10 18 16 0 21
1 15 21 19 11
0 17 26 30
0 18 18
0 19 16 36
0 20 17 31 32 13
0 21 20 13
0 22 10 28
0 23 26 33 34 3
0 24 23
0 25 15 0
0 26 9
0 27 4 24 25 27
1 9 10 6 21
1 22 7 23 29 43
1 15 12 7
1 10 25 10 31
1 14 25 26 20 6 21 18
1 11 25 8
1 6 17 15 6 19
1 3 19 4
1 20 22 36
1 8 15 26 17 6
1 12 17 14 21 22
1 17 0 19 42 35
1 2 2 11
1 0 10 34 18
1 13 6 24 20 43
1 16 9 1 13
1 4 18 3
1 7 5 11 24 19
1 21 16
1 18 22 2
1 5 4 10 21
1 19 20 12
1 1 17
0 23 15 41
0 24 23
0 25 6 37 41
0 26 5 35
0 27 33 28
0 28 25 1
0 29 42
0 30 30
0 31 40
0 32 15 27
0 33 38
0 34 15
0 35 7 32 5 34
0 36 39 1
1 21 18 10
1 18 8 18 26 33 9
1 14 5 9 19 2 23
1 4 4
1 1 1
1 19 11 2
1 7 3 4 31
1 23 10 20 17 24 14
1 8 18 7
1 20 16 17 10
1 5 8 3 19 1
1 0 19 7
1 10 19 12
1 12 6 2 27 32
1 2 14 7
1 9 10 14
1 24 12 2 8 10 5
1 6 15 18 7
1 11 3 8 31
1 13 5 3 9
1 26 3 0 13 18 5
1 17 1 13 4 18 12
1 22 12 2 1 29
1 25 5 11 25
1 3 6 15
1 15 4 13 8
1 16 15 12 8
0 27 21 33
0 28 11
0 29 13
0 30 3
0 31 11 29
0 32 13 21
0 33 8
0 34 9 26 28
0 35 15 31 25
0 36 18 6
0 37 12
0 38 28
0 39 30
0 40 15
0 41 21
0 42 17 25 30
0 43 6 22 19
1 20 7 14 9
1 3 3 15 12 8 4
1 18 6 5 17
1 10 6 9 3 0 25
1 4 8 12
1 15 4 16 14 17 22 21
1 1 15 11 4
1 0 8 19
1 9 5 3 28 23
1 5 3 2 14 4
1 11 12 8
1 6 0 13 14 17
1 17 6 0 2 12
1 19 14 16 5
1 8 17
1 7 7 17 0 12 2 13
1 13 15 16 6 0 8 2 22 4
1 12 14 5 15
1 14 12 1 6 14 20
1 2 8 2 21
1 16 10 2
0 21 5 13
0 22 15 23
0 23 28
0 24 14 23
0 25 15 25
0 26 27
0 27 26 28
0 28 15 10
0 29 11
0 30 24 5 28
0 31 28
0 32 18
0 33 0 16
1 12 6 3 9 13 7
1 1 6 2 14
1 7 0 4 8 3 15
1 8 9 5 0 2 7 4
1 5 7 9 0 8
1 11 7 8 4
1 17 9 5 1 6
1 14 6 8 9 4 12 2 14
1 4 8 0
1 2 6
1 16 1 8
1 3 1 2
1 10 2 3 8 0 5
1 0 6 0
1 13 3
1 6 0 5 6 4 7 11
1 15 3 9 4 6 1 5 0
1 9 7 0 9 1 6 8
0 18 15 0
0 19 10
0 20 3
0 21 6 4
0 22 4 2 8
0 23 2
0 24 11 9
0 25 10 14
0 26 6 2
0 27 3 8
0 28 1 9 3
1 0 2 7 15 0 1 5 8 4 11
1 6 11 12 9 3 7 19 23 14
1 1 3 1 15 11
1 5 0 14 6 15 3 1
1 4 8 5 6 2 15 24
1 9 7 9 15 12 6 13 20 22 24
1 2 4 6 3 5 2 25
1 3 10 1 14 15 8 9 13 4
1 7 0 15 4 6 12 16 21 7
1 8 7 13 10 2 8 17
0 10 4 18 12
0 11 25 3 9
0 12 11 4 19
0 13 12 17 22 19 0
0 14 1 10
0 15 7 19 22
1 11 1 6 2
1 6 2 5 11
1 9 6 7 1 5 8 4 3 11 2
1 5 7 1 3 4
1 0 0 2 7 14
1 4 6 0 2
1 14 1 5 13
1 12 1 4 8 13
1 3 8 0
1 13 1 6 4 8
1 15 6 1
1 1 0 4 3 7
1 10 8 6 5 2 11
1 7 5 3 2 4 8 0
1 2 4 7 0
1 8 0 1 6 5 2 3 8
0 16 7 8 10
0 17 7 9 6 13
0 18 11 2
0 19 12 9
0 20 2 10
0 21 9 0
0 22 3
0 23 14 11 5
0 24 6
0 25 14 10
1 1
1 8
1 2
1 3
1 4
1 6
1 7
1 0
1 5
0 9
0 10
0 11
0 12
0 13
0 14

