13
28 26 10 27 28 28 9 28 6 29 27 31 8 
1 16 17 14 0
1 19 0 6
1 0 18
1 3 20 6 12 15 19
1 18 16 4 2 20
1 17 15
1 5 19
1 12 8 11
1 2 11 20
1 6 16
1 10 11 23
1 20 1 7 25 15
1 1 10
1 7 3 7
1 21 13 2 1
1 4 13 10 17
1 14 20 8 5
1 15 13 12 7 24
1 11 2 19 11 12
1 13 13 15 3
1 9 10 4 6
1 22 9 11 0
1 8 5 17 10 15
0 23 22
0 24 6
0 25 5 21
0 26 15
0 27 6 23
1 17 6 4 8
1 13 7 0 4
1 19 7 4
1 4 5 1
1 16 4 6
1 18 3
1 6 6 1
1 12 3 0 7 6
1 10 6
1 20 4 3
1 5 2 5 6
1 9 7 5 9
1 3 1 0 2 7 8
1 14 5 7 4
1 15 7 1
1 11 5 7 4 0
1 8 0 7
1 0 1 5 2
1 2 1 0 5
1 7 0 4 5 2 6
1 1 1 0 9
0 21 0
0 22 6
0 23 7
0 24 2
0 25 6
1 2 18 17 10 4 20 8 1 16 24 25
1 1 9 4 11 12 18 19
1 0 15 1 2 20 6 9 18 26
1 6 5 3 17 18 0 23 26
1 7 5 19 13 14 0
1 3 10 0 14 16 19
1 4 7 13 11 21 8 20 1 19 15
1 5 8 6 21 16 9 13 4 18 5 22
0 8 16
0 9 0 7
1 11 12 3 17 10 14 23
1 4 15
1 9 15 14 17 26
1 10 10 22
1 8 6 12 21 19
1 20 20
1 15 20 7
1 13 16 11
1 19 20 5
1 7 12 1 11 0 21
1 5 15
1 17 21 18
1 6 8 6 27
1 16 4 9 18
1 3 19
1 12 0
1 18 22 2 0 17 24 25
1 21 2 13
1 1 8 19
1 14 6
1 0 10 8
1 2 8 19
0 22 19
0 23 11
0 24 13
0 25 18
0 26 18
1 10 16 21 12 19
1 4 18 4 22
1 21 1 13
1 18 10
1 13 7 14 17
1 14 11 14 17
1 12 12 8 3 9 0
1 6 3 7
1 1 15 20
1 9 2 4
1 0 16
1 5 16 4
1 8 0 20 23
1 22 21 9 19
1 7 17 8 18 14 11
1 3 5 15 4 11
1 15 0 6 14 22 1
1 16 21
1 17 21 27
1 2 5 12 0 7 16
1 20 19 14 2
1 11 22 9 20 27
1 19 13 0 25
0 23 18
0 24 8
0 25 12 26 19
0 26 15 24
0 27 0
1 10 1 5 4 0
1 12 5 0 2
1 9 2 0 1
1 16 6 4
1 13 2 5 4
1 7 3 0 4 6
1 20 2 6
1 1 0 4
1 6 5 4 0
1 19 5 1
1 15 3 1
1 3 4 3
1 8 5 0 3
1 21 5
1 17 4 1 6
1 0 0 7
1 2 4
1 18 1
1 4 3
1 22 6 5
1 11 3 4 5
1 14 6 0 5 4
1 5 3
0 23 0 7 3
0 24 8 2
0 25 2
0 26 0
0 27 0
1 0 18 16 4 15 20 10 3 8 19
1 4 11 2 3 17 21 14 6 27
1 3 22 13 2 16 9 5
1 2 20 6 7 9 8 15 11 1 19 17 0 3 24 25
1 1 19 4 8 15 17 20 2 26
1 5 14 0 1 10 12 21 22 2 15 25
1 6 20 5 6 19 1 10 2
0 7 0
0 8 1 23 3
1 6 3
1 19 1 0
1 15 1 0 2
1 18 1
1 7 3
1 20 1 0
1 10 2 3 0 5
1 16 0 4
1 3 4 3
1 14 0 3 4
1 21 0
1 1 4 2 1
1 9 0 3 2
1 12 4 2 1 0
1 11 4 1
1 17 3 1 4
1 4 1 2 0
1 13 4 0 3
1 0 4 2
1 8 4 0 1 2
1 5 2 4 0 5
1 22 0
1 2 4 2 1
0 23 3
0 24 4
0 25 0
0 26 4
0 27 0
1 4 3 5 16 18 22 23 19 1 9 25 26
1 3 14 6 9 21 23 15 0 11 24
1 0 14 2 4 8 11 19 12 13 15 10 0
1 2 12 0 1 15 14 22 10 9 28 25
1 1 7 10 13 17 20 15 16 14 8 21 0 5
0 5 9 27 14
1 10 16
1 23 21
1 1 4 23
1 22 14 21
1 8 5 17 25
1 15 14 2
1 18 0
1 4 16 20 4 9
1 13 11 17
1 20 7 14
1 19 13
1 12 12 14 3
1 0 4
1 6 11 18 10
1 21 7
1 9 6 10 18 8 17
1 14 3 21 16 4 26
1 7 19
1 5 6 8
1 16 21 6
1 2 5 9
1 11 1 20
1 3 5
1 17 15
0 24 11
0 25 22
0 26 24
0 27 7
0 28 2
1 16 23 20 2 4
1 14 16 6 3
1 6 15 14 1
1 15 23 5
1 1 8 22 6
1 5 2 7 18
1 4 9 18
1 20 3
1 9 2 13 24 26
1 3 12 22 18 14
1 17 16 20
1 11 1
1 0 0
1 18 3 24 4 8
1 19 3 7 28
1 13 4 18
1 10 23 10 19
1 12 16 21 12 1
1 2 22 8 20
1 8 16 5 24 6 12
1 7 8 15 4 6 1 19
1 21 17 11 29 5
0 22 25
0 23 18
0 24 4
0 25 27
0 26 6 30
1 3 2
1 14 0 3
1 2 2
1 21 0 4
1 20 4 0
1 6 3 2 6
1 7 0 1
1 17 1 5 3
1 5 2 0 1
1 9 0 1
1 4 0 1 2
1 22 4 3
1 11 2 5
1 19 5 3
1 12 2 4
1 1 2
1 15 3 0
1 23 4 3
1 8 0 1
1 10 0
1 18 1 4 5
1 16 4 2
1 0 2 4
1 24 4 5
1 13 1 5
0 25 0
0 26 7
0 27 0
0 28 3
0 29 6
0 30 2 0
1 2
1 1
1 0
1 3
1 5
1 4
0 6
0 7

