6
15 36 32 15 36 31 
1 2 12 5 9 26 4 10 14 11 13 2 8 3 6 27
1 0 10 3 28 23 7 0 8 2 11 1 12 26 29 4
1 4 25 18 16 2 5 0 24 20 34 32
1 3 13 29 5 8 20 23 28 2 19 7 0 6 33 35 10 11 14
1 9 23 17 19 15 25 14 16 29 3 9 27 22 20 12
1 1 8 11 15 22 7 0 3 29 12 26 13 20 4 16 24 32
1 8 22 0 14 10 4 29 19 12 6 2 23 25 26 5
1 5 6 29 5 9 28 21 15 12 19 20 24 7 1 31 30
1 10 21 1 4 24 29 5 22 16 17 3 13 19 15 12 14 35 7
1 7 2 18 6 14 26 1 23 12 0 7 16 20 29 22 13 33
1 11 7 16 29 1 27 28 3 25 21 6 22
1 6 27 20 13 9 11 10 4 7 0 24 19 12 23 5 35
0 12 3 30 15 32
0 13 32 30
0 14 6 22 3 21
1 4 23 14 22 10
1 26 2 11 12 4 6 20
1 7 18 7 23
1 13 5 20 2 15 19 11 12 13
1 18 0 6 19 10 7 3 25
1 11 5 13 18 19 0
1 24 16 24 12 3 8
1 12 0 11 12 13 15 3 28 18
1 3 7 1 10 16 14
1 0 23 0
1 25 21 19 11 25 0 5 31 18
1 5 21 10 18 17 1 7 13 15
1 6 17 5 0 18
1 22 18 0 24
1 19 8 19 10 24 4 16 2
1 8 7 3 0 26 10
1 10 2 15 17
1 17 15 14 2 16 18
1 1 22 13 1 0 11
1 16 15 7 19
1 20 9 16 14 3 1 6 17 25
1 23 24 9 18 0 8 6
1 28 7 6 19 18 30
1 14 2 25 18 13 27 17
1 21 15 12 7 11 29 3
1 29 2 11 14 6
1 9 2 14 13
1 27 25 2 8 4 22
1 2 9 21 23 13
1 15 5 3 4 20 16 2 21 18
0 30 26 22 19
0 31 25 16
0 32 14
0 33 11
0 34 21
0 35 11
1 4 3 0 10 11 6 7 1
1 11 0 4 1 9 11 2
1 10 10 11 7 0 3 6
1 16 3 0 8 5 1 10 2 11 6
1 22 11 4 10 5 9 0 6 14
1 14 8 2 1 11 3 5 9
1 25 9 4 10 5
1 8 1 11 0 8 6 3 10 9 2
1 13 8 11 2 1 5 0 4
1 7 11 9 6 7 3
1 0 7 11 4
1 21 0 5 10 1
1 18 1 2 6 4 0 9 10 7 8 14
1 2 1 5 6 7 4
1 19 7 5 0 14
1 12 6 8 1 9 5 11 10 2 7
1 9 3 6 11 9 4 7 14
1 1 1 6 7 8 2 0 13
1 17 1 7 3 5 9 10 4 11 14
1 20 2 6 10 8 9 11
1 5 1 10 11 8
1 15 10 9 11 1 0 2 3 4 14
1 6 7 4 8 1 2 5 3
1 3 4 1 7 0 2 11 10 5
1 24 0 9 3
1 23 9 6 10 11 5 8
0 26 13 6 14
0 27 11 1
0 28 0 9
0 29 12
0 30 0 1 5
0 31 10 12 1
1 8 24 0 11 19 17 29 18 4 3 1 28 20 23 10 12 7 31 35
1 1 21 24 29 11 14 5 8 1 9 12 16 27 22 35 4
1 2 17 2 14 1 16 8 3 21 20 26 7 24 15 19 28 27
1 5 7 15 19 22 10 12 4 25 18 21 11 24 6 8 3 20
1 6 21 9 20 28 13 17 6 7 0 4 27 3 11 25 34 35 29 14
1 10 5 6 16 29 0 4 8 9 17 22 2 19 3 12 23 25 14 10 20 30
1 4 5 12 26 27 6 14 2 20 3 4 11 24 22 16 23
1 0 13 1 4 2 5 29 10 31 12 11
1 7 19 18 25 11 21 1 29 20 5 4 10 8 17 12 7 13 23 28 33
1 11 8 3 10 11 22 26 19 1 27 6 9 18 28 30 17 13
1 9 1 14 13 12 29 9 19 18 25 17 4 30
1 3 8 4 23 24 15 5 18 21 11 26 10 14 19
0 12 5 32 33
0 13 21 12
0 14 29 1
1 19 1 13 20 8
1 4 22 8 24 20 10 16 17
1 2 10 22 16 24
1 18 11 17 4 14 2
1 12 5 3 21 2 14
1 16 21 6 17 14 4 3 19
1 15 7 11 20 6 2 26 8
1 11 2 8 10 5 21 9 13 18
1 13 10 6 14 12 5 15 19 21 3
1 26 10 19 12 9 6
1 7 20 9 23 7 2 28 18
1 14 15 13 4 2 11
1 22 18 0 23 24 10 15 19 12 25
1 5 11 9 5 24 25
1 1 7 8
1 9 23 7 12 24 20 15 29 30 0
1 10 21 16 3 11 23 13 24 30
1 27 12 0 23 16 20 2 9
1 25 4 8 2 18 15 1 24 17
1 23 16 10 3 9 18
1 8 13 20 6 22
1 3 11 7 8 10 23 22 9 4 21
1 28 16 3 12 13 0 9
1 24 9 17 12 8 16
1 0 23 11 7 5 8
1 20 24 9 3 19 23 11 0
1 29 17 1
1 6 21 1 5
1 21 4 14 12 23 1
1 17 23 17 5 0 18 3 16 10
0 30 2 27 3
0 31 28 26
0 32 14
0 33 19 14
0 34 18
0 35 28 10 14
1 24
1 23
1 22
1 19
1 10
1 2
1 15
1 4
1 7
1 16
1 6
1 8
1 21
1 11
1 9
1 13
1 14
1 17
1 18
1 20
1 12
1 1
1 0
1 5
1 3
0 25
0 26
0 27
0 28
0 29
0 30

