6
10 15 16 11 16 29 
1 4 0 8 11 4 1
1 6 1 3 7 5 8 0 10 4
1 0 10 4 0 2 6
1 1 1 5 0 6 4 9
1 3 5 9 7 0 4 1
1 7 11 9 7 1 2 0
1 5 8 6 11 4 12
1 2 10 2 5 0 4
0 8 13 14
0 9 13 6
1 1 1 5 3 6
1 4 6 0 5 1 10
1 7 3 4 10 5
1 6 4 10 3 6 1 12
1 0 6 11
1 10 12 0 9 1 8 3 15
1 2 5 0 7
1 8 3 2 8 10 11 4
1 11 1 3 8 9 0
1 5 6 2 7 9 11 8
1 3 7 3 6 10 4 5 14 2
1 9 1 9 4 11 2
0 12 9
0 13 0 13
0 14 2 3
1 7 6 2 4 5 3
1 9 5 4
1 12 1 4
1 3 8 6 0 3
1 11 2 4 6 3
1 4 2 5 7 0 3
1 1 5 3 7 0
1 2 5 3 0
1 10 4 2 6 1
1 8 6 3 2 8
1 5 2 0 3 6
1 0 6 5 7 3 9
1 6 7 0 8 3 2 9 6
0 13 10
0 14 5
0 15 3 2
1 4 4 0 5 12 10 3
1 5 10 12 13
1 7 12 8 0 11 10 13
1 0 8 1 4 6
1 8 2 7 3 15
1 2 8 12 2 1 6 14
1 3 6 0 10 9
1 1 10 9 1 6 4
1 6 3 11 8 1 0
0 9 3
0 10 9
1 9 19 1 22 18 13 7
1 2 9 6 18 21 22 12 0 26
1 5 9 2 10 19 12 25
1 12 3 18
1 4 14 4
1 0 0 15 20 22
1 1 8 22 20 2
1 10 17 14 1 13 19
1 6 12 11 1 17 24
1 3 10 5 0 17 1
1 8 16 20 23 3 2 18 6 4 19 28
1 11 13 10
1 7 7 19 12 3
0 13 27
0 14 20
0 15 13 2 26
1 2
1 18
1 11
1 23
1 8
1 9
1 12
1 16
1 1
1 7
1 14
1 6
1 10
1 22
1 13
1 0
1 20
1 15
1 17
1 19
1 5
1 3
1 4
1 21
0 24
0 25
0 26
0 27
0 28

