6
48 32 47 10 36 32 
1 11 8 11 7 14 10
1 27 18 16 14 13 3
1 28 13 9 16 8 2
1 5 1 15 17 13 10 6
1 19 6 19 17 16
1 0 14 0
1 14 9 25
1 18 14 8 13 4 18 3 6
1 26 9 19 14 13
1 7 0 18 6 12
1 17 1 11 15 10 8 2 7 0
1 20 3 2 16 14 5
1 4 6 1 2 4 7 0
1 25 4 5 2 1 27
1 22 7 18 1 2
1 10 15 8 1 14 11 5
1 6 15 10 13 0 3 20
1 1 17 7 6 11 13
1 23 5 12 11 18 9 21 1 30
1 8 10 9 13 0 14 7
1 24 13 11 6 2 29 1
1 29 18 19 28
1 21 18 19 1 10 14 26
1 12 17 12 15 2 6 4 31 21
1 16 17 12 10 13 26
1 13 7 8 16
1 2 17 11 20 18 15
1 9 9 2 0 12 27
1 3 15 7 5 1 22
1 15 17 13 11 2 3 8 25
0 30 28
0 31 24 12
0 32 9 15
0 33 3 30
0 34 11
0 35 5 29
0 36 19
0 37 28 15
0 38 24
0 39 22 16
0 40 14 20 13
0 41 0 4 5
0 42 28 20 4
0 43 16 23 1 15 28
0 44 30
0 45 16 30 19
0 46 27
0 47 18 8 3 11
1 1 23 4 12 10 27 7 35 36
1 4 15 2 28 27 11 4 8 24 18
1 15 7 22 4 25 17 26 1 14 28 27 44
1 3 19 24 23 32
1 14 14 10 9 28 18 39 5
1 6 11 0 27 9 29
1 2 22 18 26 2 0 20 16
1 7 11 1 8 15 27 34 0 13 19
1 11 20 2 28 17 9 3
1 9 22 0 25 10 9 21
1 8 3 15 0 21 27 8 5 16 25 10 38
1 12 28 18 12 11 37 26 30 40 10 39
1 13 26 27 14 8 28 21 9 7 31 39 42 44 35 23
1 17 23 5 3 12 25 14 38 41
1 5 4 16 11 15 24 1 28 30 2
1 10 19 20 6 23 3 2 17 13 7 30 15
1 18 17 6 25 18 28 11
1 0 4 20 10 9 27 18 35
1 16 11 9 21 19 25 12 1 13 14 6 27 37
1 19 12 13 28 17 10 5
0 20 8 7 21 2 17
0 21 1 41
0 22 17 37 46
0 23 37 45 28
0 24 8 1
0 25 40 43 46
0 26 13 16 10 3
0 27 20 46 24 4
0 28 32 38
0 29 27 33 46 40
0 30 23 36 26
0 31 8 35 29
1 21 1 2 3 4
1 22 0 2 1 3 4
1 10 0 2 1 3 4 5 6 8
1 6 5 1 4 8
1 1 4 0 3 5 8 1
1 28 2 9
1 16 0 2 4 5
1 18 0 4 2 3 1
1 17 1 5 2 3 0 6
1 8 1 3 4 5 0
1 11 5 2 1 3 8
1 15 0 2 4 5 3 1 8
1 19 1 4 5 2 3
1 27 0 4 2 1 3 5
1 24 1 5 2 0
1 5 5 1 3 8
1 0 0 5 3 2
1 25 0 2 1 5
1 4 0 5 4 1
1 12 4 2 0 5
1 9 4 2 3 1 5 6 9
1 14 3 5 0 4 1 2
1 2 3 4 9
1 3 5 4 0
1 20 1 3 0 4 2 7
1 26 4 3 1 2
1 13 3 5 1 2 4
1 7 3 4 5 0 2 8
1 23 0 2 4 3 1
0 29 2 3
0 30 4 1
0 31 1
0 32 0 5 2
0 33 2 7 5
0 34 0 2
0 35 4 1 8 7
0 36 9
0 37 0 4 8
0 38 3 5
0 39 5 0 7
0 40 8 6
0 41 9
0 42 6 9 7
0 43 0 9 8
0 44 4 0 1
0 45 3 7
0 46 8
1 3 4 0 5 8 17 1 2 3 18 11 12 10 15 19 7 13 20 24 25 30 33 21 26 32
1 4 14 2 21 7 16 1 18 19 20 8 5 12 4 10 13 15 3 9 0 28 29 26
1 5 3 13 18 9 6 7 20 1 10 15 11 4 8 12 5 21 0 27 35 26 30 14 29 22
1 1 3 6 10 0 12 14 15 8 20 13 18 5 2 7 1 19 16 17 11 34 29 30
1 2 15 9 16 19 20 13 17 3 0 4 2 1 12 8 14 11 10 5 26 21 25 29 18 32 34 24
1 0 11 1 7 12 3 4 17 6 14 8 0 2 19 15 13 20 9 16 22 29 28 21 24
0 6 0 15 34 28 5 11 10 6 20 30
0 7 31 32 34 26 20 17
0 8 23 30 5 27 2 25 13 32 18
0 9 2 14 17 27 6
1 6 2 13 1 8 11 22 10 17 9
1 10 14 19 8 10 16 2
1 7 3 15 8 7
1 3 17 16 3 19 1 6 18 30
1 18 11 17 5 10
1 12 7 11 19
1 0 6 3 23 28
1 8 1 11 17 14 2 18
1 15 4 19 7 18 5 15 16
1 19 0 10 2 21 22 26
1 16 12 4 14 23
1 5 18 3 16 6 7 2 15 12 8 1
1 14 2 16 7 0
1 17 5 18 4 17 31 22 27
1 9 8 11 7 13 3 18 0 4
1 20 9 4 8 26
1 2 3 13 1 16 18 29 8 27 28
1 1 15
1 21 0 4 10 7 24 14
1 4 12 19 15 3 11 14 8 23
1 11 7 19 14 5 3 10 28
1 13 7 5 15 8 0 9 18 10 3 13 11 31
0 22 13 29
0 23 13 0 16 2 3
0 24 9 27
0 25 15 22
0 26 15 0
0 27 20 2 18 4
0 28 2 4 16
0 29 13 24
0 30 0
0 31 12 21
0 32 15 13
0 33 20 10 1
0 34 17 25
0 35 11 22
1 16
1 1
1 12
1 2
1 17
1 15
1 0
1 14
1 11
1 19
1 18
1 7
1 10
1 6
1 9
1 3
1 4
1 13
1 8
1 5
0 20
0 21
0 22
0 23
0 24
0 25
0 26
0 27
0 28
0 29
0 30
0 31

