13
20 48 42 20 48 40 21 12 42 20 20 40 8 
1 1 6 11 17
1 2 21 12 26
1 3 2 34 45
1 11 7 15 19 38 41
1 8 27 4 8 39
1 6 23 1 30 32 42 46
1 0 6 0
1 4 2
1 7 13 10 14 24 28
1 9 20 5 25
1 10 7 3 18 35
1 5 16 9 22 29
0 12 26
0 13 40
0 14 43 37
0 15 4 31 36 47
0 16 17
0 17 28
0 18 33
0 19 44
1 0 0
1 22 7
1 11 23
1 17 21 1
1 26 21
1 16 17 13 16
1 9 18
1 27 8 10 41
1 23 7 33
1 18 2
1 13 15
1 2 22 34
1 12 15
1 5 9
1 28 24
1 24 7
1 19 2
1 7 15 6
1 20 2
1 21 2
1 29 25
1 4 9 4 11 39
1 3 5
1 6 14
1 8 12 3
1 15 19
1 10 20
1 1 12
1 25 8
1 14 19
0 30 32
0 31 29
0 32 2
0 33 5
0 34 40
0 35 30 38
0 36 19
0 37 2
0 38 32
0 39 8
0 40 37
0 41 0 28
0 42 3 31
0 43 14 36
0 44 26 35
0 45 37
0 46 27
0 47 19
1 0 7
1 10 0
1 18 1
1 17 1 12
1 1 7 17
1 4 6
1 5 3 14 18
1 19 1
1 20 1
1 8 2 16
1 22 1
1 7 10
1 2 7
1 16 4
1 9 0
1 14 9
1 24 8
1 6 11
1 11 5 19
1 15 4
1 12 5
1 21 1
1 3 6
1 13 5
1 23 8
1 25 8
0 26 11
0 27 6
0 28 10
0 29 13
0 30 13
0 31 9
0 32 0
0 33 6
0 34 5
0 35 0
0 36 2
0 37 8
0 38 3
0 39 15
0 40 0
0 41 10
1 6 13 23
1 10 19 47
1 5 8 5
1 2 1 7 42 44
1 9 8 12 20 24 28 35 36 40
1 7 10 9 22 39 45
1 1 6 4 17 18 26 41
1 0 27
1 11 10 11 16 30
1 8 6 2 3 14 29 31
1 4 0 34 37
1 3 21 15 25
0 12 23 46
0 13 10
0 14 9
0 15 6 32
0 16 33
0 17 8
0 18 28 38 43
0 19 6
1 12 7
1 11 2 8
1 27 10 31
1 28 10
1 17 20 22
1 14 15 37
1 1 18 30
1 8 11 38
1 13 7 28
1 5 23
1 15 21 14
1 29 12
1 25 4 29
1 23 16
1 18 13
1 9 11 35
1 24 16
1 2 9
1 6 23
1 22 24
1 21 17 1
1 4 21
1 26 4 3
1 7 23
1 19 20
1 16 15 36
1 0 5
1 3 21
1 20 19 6
1 10 0
0 30 27
0 31 1
0 32 26
0 33 25
0 34 0
0 35 34 32
0 36 39
0 37 6
0 38 22
0 39 39
0 40 3
0 41 15
0 42 26
0 43 7
0 44 22
0 45 13
0 46 39
0 47 33
1 7 3
1 22 10
1 13 4 20
1 20 8
1 18 2
1 0 9
1 24 12 15
1 11 5 17
1 8 7
1 2 1
1 19 2
1 5 0
1 23 8 11
1 14 4
1 21 8
1 12 5
1 17 6
1 9 7
1 1 9
1 6 0
1 15 4
1 3 1
1 10 5
1 4 0
1 16 6
0 25 16 13
0 26 18
0 27 3
0 28 2
0 29 4
0 30 19
0 31 3
0 32 16
0 33 16
0 34 14
0 35 3
0 36 2
0 37 3
0 38 3
0 39 18
1 2 3
1 1 3
1 8 1
1 3 0
1 6 4
1 5 0 11
1 7 6
1 4 0
1 9 1
1 0 3 7
1 10 5
1 11 5
1 12 2
0 13 9
0 14 4
0 15 3
0 16 3
0 17 8 10
0 18 1
0 19 4
0 20 0
1 1 23 5 7 8 16 18 34
1 4 9 4 6 24 27 41
1 6 21 13 17 19 29 31 32
1 0 1 25 39
1 2 10 3 11 33
1 5 12 0 2 14 20 38
1 3 9 15 22
0 7 22 37
0 8 16 40
0 9 28 30
0 10 21
0 11 36 26 35
1 20 2
1 0 4
1 22 7
1 2 0
1 9 1
1 11 10
1 12 10
1 10 11
1 4 0
1 19 2
1 8 1
1 15 9
1 21 2
1 24 3
1 7 8 12 18
1 14 10
1 16 2
1 23 2 5
1 1 4
1 18 2
1 25 6
1 13 10
1 5 0
1 6 8
1 17 2
1 3 0
0 26 6
0 27 1 16
0 28 13
0 29 13
0 30 17
0 31 13
0 32 9
0 33 15
0 34 0
0 35 13
0 36 14
0 37 5
0 38 14
0 39 3
0 40 19
0 41 9
1 1 1
1 3 5 7 9 18
1 7 0
1 9 10 2
1 0 3 19
1 10 10
1 11 10
1 8 11 15
1 2 6
1 6 0
1 5 0 8
1 4 6 4
0 12 9
0 13 12 16
0 14 17
0 15 14
0 16 9
0 17 5
0 18 10 13
0 19 8
1 7 12 13 32 38
1 3 24
1 9 19 2 14 33 37
1 1 23 0 4
1 6 12 20 31
1 2 22 3 7 10
1 4 8 11
1 11 12 30 35
1 5 15 1 5 6 27
1 0 24 17
1 10 16 18
1 8 21 9
0 12 0
0 13 39 25 36
0 14 20 26
0 15 28 29
0 16 1
0 17 34
0 18 17
0 19 1
1 15 3
1 21 1
1 23 1
1 4 0
1 2 0
1 5 0
1 6 0
1 8 4
1 12 4
1 24 1
1 1 2
1 13 4
1 20 1
1 11 4
1 14 4
1 22 1
1 18 3
1 0 2
1 19 3
1 17 3
1 10 4
1 7 0
1 16 3
1 3 0
1 9 4
0 25 1
0 26 7
0 27 2
0 28 1
0 29 1
0 30 5
0 31 6
0 32 7
0 33 2
0 34 0
0 35 2
0 36 2
0 37 4
0 38 4
0 39 7
1 1
1 4
1 0
1 3
1 2
0 5
0 6
0 7

