20
48 32 47 10 36 32 24 40 42 13 47 31 10 21 36 44 10 13 37 44 
1 14 7
1 6 15
1 7 15
1 20 17
1 28 5
1 24 10
1 18 13
1 17 18 12
1 26 18
1 21 17
1 22 17
1 15 7
1 19 17 19
1 25 9 31
1 8 15
1 23 17
1 29 5
1 2 8
1 4 11 3
1 16 13 4
1 0 2
1 1 2
1 27 16
1 13 17 1 28
1 11 7 6 20 21
1 10 15 0
1 3 8
1 9 15 27
1 5 11
1 12 18 14
0 30 13
0 31 22
0 32 30
0 33 5
0 34 2 24 29
0 35 18
0 36 16
0 37 26
0 38 4
0 39 6
0 40 0
0 41 22
0 42 25 23
0 43 1
0 44 7
0 45 4
0 46 12
0 47 9
1 6 4 27
1 7 19 7 24
1 0 17 9
1 2 4 14
1 10 11 26
1 19 12 34 38 46
1 9 3 22
1 11 5 6 21
1 1 10
1 16 2 43
1 15 8
1 3 10 20
1 8 23
1 13 19
1 4 15 13 37
1 5 25 39
1 18 18 31 42
1 14 28 1 16
1 17 28 29
1 12 3 0 32
0 20 35
0 21 20
0 22 44
0 23 12 33
0 24 25
0 25 5 30 45
0 26 16
0 27 26
0 28 41
0 29 2 36
0 30 11
0 31 21 40
1 15 0
1 16 0
1 23 4
1 20 4
1 4 3
1 7 3
1 27 5
1 11 1
1 22 4
1 0 3
1 3 3
1 13 0
1 28 5
1 5 3
1 2 3
1 10 1
1 25 2
1 1 3
1 26 2
1 21 4
1 8 1
1 18 4
1 12 0
1 14 0
1 6 3
1 9 1
1 19 4
1 17 4 7
1 24 2
0 29 1
0 30 9
0 31 0
0 32 8
0 33 2
0 34 6
0 35 2
0 36 1
0 37 4
0 38 9
0 39 8
0 40 3
0 41 4
0 42 1
0 43 4
0 44 4
0 45 5
0 46 2
1 2 10 21 30
1 1 2 0 8 9 14 19 29 31
1 4 20 6 15 23 24 34
1 0 11 5 13 17
1 3 18 4 7 12 35
1 5 3 1 16 22
0 6 20 26
0 7 2 32 33
0 8 27 25 28
0 9 19
1 6 3 11
1 18 15 21 26
1 0 0
1 13 12 8
1 3 7
1 2 7
1 12 16
1 17 15
1 16 13 14
1 8 4
1 9 17 1 6
1 7 9
1 19 12
1 4 2
1 15 15
1 10 5 28
1 20 12
1 5 10 19
1 11 16 29
1 1 0
1 21 12
1 14 18
0 22 12
0 23 4
0 24 23 31
0 25 6 24
0 26 27
0 27 11
0 28 8
0 29 30
0 30 25
0 31 3
0 32 3
0 33 20
0 34 1
0 35 22
1 1 1
1 3 1
1 5 8
1 4 10 5 12 22
1 8 14
1 10 2 7
1 14 6
1 2 1
1 9 14
1 6 13
1 11 11 4
1 7 13
1 19 3
1 16 11 16
1 18 3
1 17 11
1 13 13 0 20
1 12 9
1 15 6
1 0 1
0 20 0 15
0 21 3
0 22 14
0 23 23
0 24 21
0 25 17
0 26 9 19
0 27 3
0 28 8
0 29 23
0 30 5
0 31 11 18
1 13 10
1 0 7 29 31 34 38
1 4 20 3 5 33
1 14 15
1 3 22 8
1 1 12 21 24
1 11 14 37
1 10 12 16 17
1 5 4 6
1 8 20 1 13 23
1 2 2
1 12 19 27
1 9 15 0 18
1 6 9
1 7 11
0 15 17
0 16 15 30 32
0 17 28
0 18 35
0 19 26
0 20 18 39
0 21 1 25 36
0 22 35
0 23 20
1 6 7
1 12 16 4
1 8 11
1 17 14 9 28 34
1 18 12
1 9 11
1 1 23 6 24
1 3 20 3 39
1 4 21
1 10 1 22
1 20 13 15
1 11 8
1 0 2
1 22 19 40
1 16 14
1 21 10
1 23 19
1 24 17
1 13 21 5
1 19 12
1 2 18
1 5 21 27
1 14 0 25 38
1 15 14
1 7 11
0 25 26
0 26 35
0 27 7 37
0 28 1 32
0 29 41
0 30 5 36
0 31 17
0 32 41
0 33 14 33
0 34 24
0 35 30
0 36 17
0 37 14
0 38 31
0 39 29
1 7 1
1 14 4
1 1 2
1 2 5 11
1 24 0
1 19 7
1 5 1
1 10 1
1 13 1
1 18 6
1 20 7
1 12 1
1 17 6
1 21 7
1 15 4
1 16 4
1 3 5
1 25 3
1 4 5
1 22 7
1 8 1
1 9 1
1 11 1
1 0 2
1 6 1
1 23 0
0 26 9
0 27 8
0 28 1
0 29 3
0 30 6
0 31 2
0 32 1
0 33 12
0 34 0
0 35 12
0 36 4
0 37 5
0 38 2
0 39 7
0 40 12
0 41 10
1 6 21 1 4 20 27
1 2 28 5 7 13 30 32
1 0 11 0 18 26 29 37 40 46
1 7 6 3 15 19 33 36 42
1 3 17 9 12 25 44 45
1 1 11 14 16
1 4 2 24
1 5 23 8 10 22 35
0 8 31
0 9 12 38
0 10 24 43
0 11 12 39 41
0 12 10 34
1 8 2
1 26 9
1 25 12
1 19 5
1 16 5
1 0 17
1 28 3 21
1 13 0
1 12 7
1 10 7 30
1 21 8
1 1 17
1 9 1
1 24 12
1 18 5
1 6 15
1 4 6
1 11 7
1 14 14
1 23 4
1 3 6
1 17 5
1 22 16
1 7 1 18
1 5 6
1 27 3
1 2 11 24
1 20 10
1 15 13
0 29 17
0 30 13
0 31 29
0 32 11
0 33 6
0 34 4
0 35 28
0 36 3
0 37 20
0 38 16
0 39 25
0 40 7
0 41 29 26
0 42 23
0 43 27
0 44 18 22
0 45 13 19
0 46 13
1 8 1
1 6 2
1 5 2
1 18 3
1 15 4
1 11 5
1 2 0
1 7 2
1 13 4
1 17 3 7
1 12 4
1 1 0
1 16 3
1 10 5
1 9 1
1 4 0
1 14 4
1 0 0
1 3 0
0 19 4
0 20 3
0 21 3
0 22 8
0 23 5
0 24 0
0 25 5
0 26 9
0 27 6
0 28 9
0 29 9
0 30 1
1 0 0
1 2 5 6 7 8
1 1 0 1 18
1 5 12 4 11 16
1 4 12 9 10 13 15
1 3 5 2 3 19
0 6 2 17
0 7 20
0 8 6 14
0 9 7
1 0 14
1 4 19 10 34
1 9 12 16
1 5 3 4 5 6 21 32
1 12 1
1 2 19 7
1 1 11 15
1 3 18 8 30
1 8 17 20 29
1 11 2
1 7 3
1 10 17 0 9
1 6 13 24 35
0 13 33 26
0 14 9
0 15 23 22
0 16 1 27 28
0 17 19
0 18 31
0 19 25
0 20 23
1 20 23
1 21 23
1 18 21
1 11 7 38
1 3 26
1 8 25 0
1 4 18 19
1 7 12 35
1 2 14 6
1 16 3 8 22 27
1 12 7 10 13 37
1 6 16
1 9 15 5
1 10 15 20 24 31
1 1 2
1 0 2 1
1 19 11
1 15 17
1 14 17
1 5 4
1 13 9 36
1 17 21
0 22 4
0 23 42
0 24 6 41
0 25 43
0 26 3 40
0 27 10 32
0 28 11
0 29 0
0 30 39
0 31 28
0 32 11
0 33 25 29 33
0 34 34
0 35 30
1 12 0
1 0 4
1 2 4
1 23 1
1 7 5
1 22 1
1 5 5
1 15 0
1 24 1
1 17 2
1 14 0
1 25 3
1 10 0
1 19 2
1 1 4
1 4 4
1 9 0
1 18 2
1 3 4
1 11 0
1 16 0
1 20 2
1 8 5
1 26 3
1 21 2
1 13 0
1 6 5
0 27 0
0 28 3
0 29 2 6
0 30 7
0 31 1
0 32 1
0 33 4
0 34 5
0 35 3
0 36 8
0 37 5
0 38 4
0 39 4
0 40 1
0 41 3
0 42 9
0 43 3
1 2 5 3
1 4 4
1 3 6 7
1 5 1
1 0 2 10 11
1 1 0
0 6 7
0 7 12 8 9
0 8 3
0 9 4
1 1 0 4 6 11 21 28 35
1 7 19 10 34
1 0 18 1 3 9 17
1 2 20
1 6 19 2 5 7 22 30 32 36
1 3 16 15 33
1 5 14 12 23 24
1 4 8 13
0 8 18
0 9 18
0 10 29 25 26
0 11 15 31
0 12 3 27
1 8 17 20
1 0 4 19 28
1 15 16 39
1 12 16
1 13 16
1 7 6
1 3 25
1 22 1
1 11 8 29 32
1 1 0 42
1 20 3
1 4 2 7
1 14 17 21 37
1 17 11
1 18 26 12 31
1 16 11 40
1 10 23 41
1 5 6 34
1 2 5 13 15 27 35
1 19 11 18
1 9 14 9 10
1 6 6
1 21 16 22 24
0 23 19
0 24 14
0 25 14
0 26 33
0 27 12
0 28 12
0 29 2
0 30 14
0 31 43
0 32 5 36
0 33 26
0 34 2 38
0 35 30
0 36 10
1 2
1 26
1 7
1 22
1 0
1 3
1 10
1 8
1 16
1 11
1 12
1 18
1 20
1 4
1 13
1 5
1 17
1 15
1 23
1 1
1 9
1 19
1 24
1 14
1 25
1 6
1 21
0 27
0 28
0 29
0 30
0 31
0 32
0 33
0 34
0 35
0 36
0 37
0 38
0 39
0 40
0 41
0 42
0 43

