20
36 24 35 8 27 24 18 31 32 10 35 23 8 16 27 33 8 10 28 33 
1 12 7
1 26 15
1 27 15
1 14 17 0
1 9 5
1 1 10 13 5
1 2 13 5
1 24 18 12 11 3 14
1 28 18 3
1 0 17 21
1 15 17 18
1 13 7
1 3 17 19 12 20
1 21 9 14 4 7
1 6 15 19 1 12
1 4 17 2
1 17 5 2 3 17
1 23 8 11
1 22 11 3 4 5 8
1 10 13 4 2
1 19 2
1 20 2 3 13
1 11 16 3 5 7
1 16 17 1 4 2 3 15
1 7 7 6
1 18 15 0 13
1 25 8 0 12
1 8 15 9 5
1 5 11 17 1 21
1 29 18 14
0 30 12
0 31 23 3
0 32 22 4
0 33 9
0 34 20
0 35 14
1 17 4 27 12
1 5 19 7 24 15 28
1 11 17 9 20 22
1 13 4 14 23 26 28
1 16 11 26 10 7
1 9 12 7 17 27
1 7 3 22 20 1 10
1 10 5 6 21 28 0 32
1 12 10 5 19 25
1 2 2
1 0 8 6
1 14 10 20 11 13 26
1 8 23 18 12 33
1 1 19 30
1 19 15 13
1 15 25 11
1 6 18 1 5 27
1 3 28 1 16 8 7 9
1 18 28 24 10
1 4 3 0 20
0 20 21 34
0 21 10
0 22 22 31 33
0 23 24 29
1 19 0 5 2
1 6 0 4 5
1 7 4 7
1 16 4 2 5 1
1 27 3 0 2
1 22 3 0
1 1 5 1
1 2 1 5
1 5 4
1 17 3 0 5 4
1 25 3
1 26 0 2
1 18 5 2 4
1 23 3 4 2
1 13 3 4 5 0 6
1 21 1 3 2
1 9 2 1 4
1 24 3
1 10 2 1 4
1 3 4 5
1 0 1
1 4 4 5
1 20 0
1 15 0 4
1 11 3 5 4
1 12 1 3 0
1 8 4
1 14 4 0
1 28 2
0 29 5
0 30 7
0 31 7
0 32 3
0 33 6 4
0 34 2
1 3 10 21 20 11 13 1 14 16 18 15 9 19
1 0 2 0 8 9 14 19 5 7 10 15 13 6 21 24
1 5 20 6 15 21 2 0 10 11 9 13
1 4 11 5 13 17 9 8 15 20 14 22 25 23
1 2 18 4 7 12 5 19 13 10 23 26
1 1 3 1 16 13 9 5 21 7 8 19 20 6
0 6 18 26
0 7 0 25 2
1 9 3 11 17 10 4
1 4 15 4 13 1 22
1 3 0 10 7 12
1 10 12 8 4 15 21
1 2 7
1 1 7
1 17 16 23
1 16 15 3 9
1 11 13 14
1 5 4 1 2 3
1 13 17 1 6
1 20 9 23
1 21 12
1 19 2
1 12 15
1 6 5 0 13
1 14 12 19 6 15 5 8
1 8 10 19 15 2
1 15 16 3
1 0 0 10
1 18 12 15 2
1 7 18 4 15 8
0 22 22
0 23 20
0 24 19
0 25 16
0 26 0
1 0 1 11
1 4 1 6 7 5
1 15 8 3 12
1 12 10 5 12 4 6
1 3 14 2
1 16 2 7 13 8
1 11 6 4 3
1 1 1 5 11 9
1 8 14 2 3 6
1 17 13 4 6 7
1 2 11 4 0
1 7 13 14 11 8
1 18 3 10
1 6 11 4 10 8 12
1 14 3 12 2
1 10 11 14 12 15
1 13 13 0 4 14
1 19 9
1 9 6 8
1 5 1 5 13 7
0 20 17
0 21 2 12
0 22 1
0 23 7 16
1 6 10 22
1 0 7 9 4
1 2 20 3 5
1 10 15 8 6
1 5 22 8 12 20 15
1 4 12 21 24 4 6 19
1 7 14 12 11
1 11 12 16 17 23 26 27
1 3 4 6 21
1 12 20 1 13 23 21
1 9 2 20 1 14
1 1 19 9 16 28
1 13 15 0 18
1 14 9 18 23 13 25
1 8 11 0 20
0 15 18
0 16 23
0 17 29 30
1 9 7 3 0
1 20 16 4 21
1 19 11 10
1 7 14 9 21 25
1 0 12
1 3 11 1 8
1 15 23 6 24 16 14
1 5 20 3 11 19
1 8 21 16
1 4 1 22 14 30
1 14 13 15 14
1 18 8
1 17 2 9
1 24 19 25 6 24 2
1 2 14
1 22 10 20 28
1 12 19 15 18 2
1 13 17 13 4 30
1 21 21 5 13 14
1 1 12 7 17 27 14
1 11 18 19
1 6 21 31
1 10 0 25 12 24
1 23 14 25 10
1 16 11 25 3 4 26
0 25 7
0 26 10
0 27 17
0 28 22
0 29 23
0 30 29
1 14 1 7 3
1 4 4 3
1 19 2
1 1 5 6
1 25 0
1 21 7 2
1 18 1 9
1 20 1 0
1 15 1
1 6 6 3 7
1 23 7
1 7 1 3
1 3 6 5 4
1 24 7 0
1 8 4 5
1 5 4 3
1 12 5 1
1 0 3 6
1 2 5 3 8
1 22 7 1
1 9 1 5 4
1 10 1 5
1 16 1
1 11 2 3
1 13 1 5
1 17 0 3
0 26 1
0 27 9
0 28 7
0 29 9
0 30 9
0 31 9
1 7 21 1 4 20 27 11 17 31
1 4 28 5 7 13 26 17 0 21
1 5 11 0 18 26 17 27 22 30 34
1 1 6 3 15 19 12
1 3 17 9 12 25 5 22
1 2 11 14 16 9 28 0 3 1 32
1 0 2 24 8 11 9 31 33 6
1 6 23 8 10 22 7 6 26 24
0 8 25
0 9 24 29
1 3 2
1 19 9 15 13
1 0 12
1 5 5 9 4
1 17 5
1 10 17
1 12 3 22
1 18 0 14 9
1 7 7 21
1 4 7 8
1 2 8
1 13 17 3 5
1 14 1
1 1 12
1 8 5 9
1 24 15 5
1 21 6
1 15 7 14
1 9 14 12
1 6 4 10 3
1 20 6 5
1 23 5 13 1
1 28 16 19
1 22 1 18 7
1 25 6 18 17
1 11 3 17
1 26 11
1 16 10 16 3
1 27 13
0 29 12 20
0 30 16
0 31 10
0 32 13
0 33 1
0 34 5
1 17 1 5 3
1 9 2 3 1 0
1 3 2 4 5 0
1 8 3 0
1 4 4
1 10 5
1 11 0 5 4
1 6 2 5 3 1
1 1 4 3
1 2 3 4
1 5 4 6
1 13 0 1 2
1 0 3 2 4
1 15 5 0
1 12 1 2 0
1 14 0 5
1 16 4 1 5 0
1 7 0 3 5 4
1 18 0 7
0 19 0
0 20 7
0 21 2
0 22 7 4
1 4 0 9 5 3 10 4 6 12
1 5 5 6 7 8 4 11 0 3 13
1 0 0 1 5 4 14 13
1 1 12 4 11 10 6 0 9 8 3 1
1 2 12 9 10 1 8 7
1 3 5 2 3 0 1 6 8
0 6 5
0 7 7 15 2
1 6 14 2 12 4 22
1 3 19 10 7 20 3 21 16
1 0 12 16 17 20
1 11 3 4 5 6 21 9
1 1 1 19 16
1 10 19 7 12 11 8 3 23 25
1 8 11 15 4 24
1 9 18 8 20 2 11
1 7 17 20 18 22
1 2 2 12 15 19
1 12 3 11 17 26
1 4 17 0 9 20 10 1
1 5 13 5 21 18 7 26
0 13 15
0 14 8 10
0 15 20
1 4 23 16 18 1 28 9
1 7 23 24
1 11 21 18 29 4
1 16 7 11 13 12
1 21 26 12 19 0
1 10 25 0
1 18 18 19 26 24
1 9 12 15 14
1 20 14 6
1 14 3 8 22 23 19 0
1 17 7 10 13 19 14 17
1 13 16 23 13 7
1 6 15 5 22 30
1 5 15 20 24
1 3 2
1 2 2 1 23
1 1 11 0
1 15 17 21 19
1 19 17 13 7
1 12 4 1
1 0 9 1
1 8 21
0 22 27
0 23 26
0 24 12 31
0 25 27 32
0 26 9
1 4 0 1 3
1 1 4 1 7
1 5 4 3 1 5 6
1 8 1
1 25 5 0
1 9 1 0 3 4 5
1 26 5 6
1 17 0
1 24 1 5 4
1 3 2 4
1 12 0 1
1 2 3
1 23 0 2
1 22 2 0 7
1 14 4 0 5
1 0 4
1 7 0 3
1 16 2 4 5
1 15 4 0 5
1 18 0
1 10 0 1
1 11 2 3
1 19 5 3
1 6 3 0
1 13 2 3
1 21 0 2
1 20 5 2 3 0
0 27 0
0 28 2
0 29 4
0 30 0
0 31 1
0 32 0
1 3 5 3 2 7 1 4 6 0 9
1 2 4 0 1 5 2 6 7 3
1 4 6 7 5 0 4 2 1 8
1 1 1 2 3 5 6 0 4
1 0 2 1 0 4 3 6 8
1 5 0 7 6 5 2 4
0 6 6 2
0 7 6 7
1 3 0 4 6 11 21 7 17 5 16 27
1 2 19 10 8 13 1 15 16
1 5 18 1 3 9 17 14 5 4 21 12 11 27
1 0 20 18 19 22 3
1 1 19 2 5 7 22 17 10 18 24
1 4 16 15 12 4 19 8 22 26
1 6 14 12 17 13 22 16 9 11 18 23 25 24
1 7 8 13 22
0 8 18 8 2
0 9 15
1 15 17 20 14 0
1 11 4 19 21 3 29
1 5 16 13 17 11 27
1 7 16
1 8 16 27
1 14 6 25 7 30 32
1 9 25 11 8 31
1 0 1
1 20 8 20 2
1 19 0 4
1 2 3
1 22 2 7 20
1 18 17 21 22
1 17 11 2 12
1 21 26 12 23 4 7 20
1 6 11 26
1 10 23 2 9 3 28
1 13 6
1 3 5 13 15 9
1 4 11 18 26 9
1 1 14 9 10
1 12 6
1 16 16 22 24 19 14 23
0 23 4
0 24 23
0 25 2
0 26 10 21
0 27 12
1 19
1 2
1 22
1 5
1 20
1 6
1 15
1 21
1 16
1 4
1 0
1 8
1 26
1 3
1 9
1 7
1 11
1 14
1 1
1 13
1 24
1 17
1 25
1 23
1 18
1 10
1 12
0 27
0 28
0 29
0 30
0 31
0 32

