20
48 32 47 10 36 32 24 40 42 13 47 31 10 21 36 44 10 13 37 44 
1 12 7
1 26 15
1 27 15
1 14 17 0 23 26
1 9 5 24
1 1 10 13 5 26 25
1 2 13 5
1 24 18 12 11 3 14
1 28 18 3 6 27
1 0 17
1 15 17 18
1 13 7 12
1 3 17 19 12
1 21 9 14 4 7
1 6 15 19 1 12
1 4 17 2 3
1 17 5 2 3 23
1 23 8 11
1 22 11 3 4 5 8 7 29
1 10 13 4 2
1 19 2
1 20 2
1 11 16 3 5 7
1 16 17 1 4 2 3 15
1 7 7 6 5
1 18 15 0 13 3 10
1 25 8 0 31 4
1 8 15 9 5
1 5 11 17 1
1 29 18 14
0 30 20
0 31 15
0 32 30
0 33 1 29
0 34 20
0 35 30
0 36 6
0 37 20
0 38 12 28 16 30
0 39 21
0 40 21
0 41 5 25 29 26
0 42 15 27 17
0 43 7
0 44 27
0 45 22
0 46 2 10
0 47 7
1 17 4 27 12
1 5 19 7 24 15 28 36 43 4
1 11 17 9 20 22
1 13 4 14 23 26 28
1 16 11 26 10 3
1 9 12 7 17 27 41
1 7 3 22 20 1 10 32
1 10 5 6 21 28 0 31 42
1 12 10 5 19 25
1 2 2 29 1
1 0 8 6
1 14 10 20 11 13 32
1 8 23 18 12
1 1 19 29
1 19 15 13
1 15 25 11
1 6 18 1 5 27
1 3 28 1 16 8 7 9 23 26
1 18 28 24 10 45 46
1 4 3 0 20 14
0 20 15 26
0 21 24 34 37
0 22 26
0 23 38 30 37
0 24 16 13
0 25 11 33 35
0 26 22
0 27 28 44
0 28 39 12
0 29 16
0 30 20
0 31 14 40 12
1 19 0 5 2 1 3
1 6 0 4 5
1 7 4 8
1 16 4 2 5
1 27 3 0 2 8
1 22 3 0
1 1 5 1 6
1 2 1 5
1 5 4
1 17 3 0 5
1 25 3
1 26 0 2
1 18 5 2 4
1 23 3 4 2 0
1 13 3 4 5 0
1 21 1 3 2 7
1 9 2 1 4
1 24 3 5
1 10 2 1 4
1 3 4 5 7
1 0 1 6 5
1 4 4 5
1 20 0
1 15 0 4 1
1 11 3 5 4
1 12 1 3 0 8
1 8 4
1 14 4 0
1 28 2
0 29 9 5
0 30 3
0 31 9 3
0 32 4
0 33 7
0 34 4 1
0 35 3
0 36 9
0 37 1
0 38 3
0 39 8
0 40 3
0 41 6
0 42 7
0 43 5
0 44 3 1
0 45 3 1
0 46 7
1 3 10 21 20 11 13 1 14 16 18 15 9 19 27 32 7 24 34
1 0 2 0 8 9 14 19 5 7 10 15 13 6 21 23 31 33
1 5 20 6 15 21 2 0 10 11 9 13 28 16 14
1 4 11 5 13 17 9 8 15 20 14 24 26 28 12
1 2 18 4 7 12 5 19 13 10 32 34
1 1 3 1 16 13 9 5 21 7 8 19 20 33 23 27
0 6 15 29 12
0 7 25 23
0 8 8 22 30 29 28 26
0 9 15 34 35 25 18 1
1 9 3 11 17 10 4
1 4 15 4 13 1
1 3 0 10 7 12
1 10 12 8 4 15 29
1 2 7
1 1 7
1 17 16 14
1 16 15 3 9 25 23
1 11 13 14
1 5 4 1 2 22 11
1 13 17 1 6
1 20 9
1 21 12 27
1 19 2 11
1 12 15 28
1 6 5 0 13
1 14 12 19 6 15 5 26
1 8 10 19 15 2
1 15 16 3
1 0 0 10
1 18 12 15 2 21 23 7
1 7 18 4 15 8 24 5
0 22 31
0 23 18
0 24 31 25 22
0 25 30 20
0 26 6
0 27 9 13
0 28 30
0 29 4
0 30 8 6
0 31 31
0 32 18
0 33 7
0 34 18
0 35 5
1 0 1 11 16
1 4 1 6 7 5
1 15 8 3 12
1 12 10 5 12 4
1 3 14 2 19
1 16 2 7 13 11
1 11 6 4 3 11 21
1 1 1 5 11 18
1 8 14 2 3 6 22
1 17 13 4 6 7
1 2 11 4 0
1 7 13 14 11 8 15 21 18 6
1 18 3 10 12
1 6 11 4 10 8 12
1 14 3 12 2
1 10 11 14 12 3
1 13 13 0 4 14
1 19 9 6
1 9 6
1 5 1 5 13
0 20 6 23 12
0 21 9
0 22 0
0 23 0
0 24 13 17
0 25 22 5 3
0 26 13
0 27 2 7
0 28 8 6
0 29 18
0 30 20 15 7
0 31 0 19
1 6 10 22 14
1 0 7 9 4
1 2 20 3 5 27
1 10 15 8
1 5 22 8 12 20 37 33
1 4 12 21 24 4 6 19 30 39
1 7 14 12 11 26 29 38 33 9
1 11 12 16 17 23
1 3 4 6 21
1 12 20 1 13 23 21 39 9
1 9 2 20 1 14 37
1 1 19 9 16 2
1 13 15 0 18 25
1 14 9 18 23 13
1 8 11 0 20 1
0 15 16
0 16 34
0 17 15 31
0 18 2
0 19 16
0 20 32
0 21 35 34
0 22 18 33 36
0 23 28 39
1 9 7 3 0 34 21
1 20 16 4 21
1 19 11 10 27 24
1 7 14 9 21 25 35
1 0 12
1 3 11 1 8
1 15 23 6 24 16 14
1 5 20 3 11 19 32
1 8 21 16 20
1 4 1 22 14 5
1 14 13 15 14 31
1 18 8
1 17 2 9 18 37
1 24 19 25 6 24 2
1 2 14
1 22 10 20 38 33
1 12 19 15 18 2
1 13 17 13 30
1 21 21 5 13 14 39
1 1 12 7 17 35
1 11 18 19
1 6 21
1 10 0 25 12 24
1 23 14 25 10 7
1 16 11 25 3 4
0 25 32 11
0 26 30 32
0 27 29
0 28 19
0 29 6 29
0 30 19
0 31 28 35
0 32 26 33 30
0 33 21
0 34 6
0 35 40 18
0 36 30
0 37 36
0 38 8 0
0 39 37 41 24
1 14 1 7 3
1 4 4 3
1 19 2
1 1 5 6
1 25 0 3
1 21 7 2
1 18 1
1 20 1 0
1 15 1 12
1 6 6 3 7
1 23 7
1 7 1 3 6
1 3 6 5 4
1 24 7 0 11
1 8 4 5
1 5 4 3
1 12 5 1
1 0 3 6
1 2 5 3
1 22 7
1 9 1 5 4
1 10 1 5 12
1 16 1
1 11 2 3
1 13 1 5
1 17 0 3 4
0 26 2
0 27 6 3
0 28 4
0 29 10
0 30 3
0 31 5
0 32 8
0 33 0
0 34 9 0
0 35 3
0 36 6
0 37 3
0 38 12 5
0 39 6 5 11
0 40 4 9
0 41 3 7
1 7 21 1 4 20 27 11 17 36 39 45 30
1 4 28 5 7 13 26 17 0 21 37 42 25
1 5 11 0 18 26 17 27 22 35 13
1 1 6 3 15 19 12 46
1 3 17 9 12 25 5 22
1 2 11 14 16 9 28 0 3 1 32 33 38
1 0 2 24 8 11 9 29 31 21
1 6 23 8 10 22 7 6 26 24
0 8 8 43
0 9 44 40 2
0 10 34 42 22 18 11
0 11 22 30 24
0 12 16 41 30
1 3 2
1 19 9 15 13 0
1 0 12
1 5 5 9 4
1 17 5
1 10 17
1 12 3 7
1 18 0 14 9
1 7 7
1 4 7 8
1 2 8
1 13 17 3 5
1 14 1
1 1 12 23
1 8 5 9
1 24 15 5
1 21 6 18
1 15 7 14
1 9 14 12
1 6 4 10 3
1 20 6 5
1 23 5 13 1 20 12
1 28 16 10
1 22 1 18 7 30
1 25 6 18 17
1 11 3 17
1 26 11
1 16 10 16 3 26 29
1 27 13
0 29 5
0 30 23
0 31 12 28 7
0 32 10
0 33 19 29
0 34 24
0 35 7
0 36 15
0 37 27
0 38 28
0 39 3
0 40 17 29
0 41 21
0 42 25
0 43 22
0 44 2
0 45 8
0 46 19
1 17 1 5
1 9 2 3 1 0
1 3 2 4 5 9 3
1 8 3 0
1 4 4
1 10 5
1 11 0 5 4 1
1 6 2 5 3 1 0
1 1 4 3
1 2 3 4
1 5 4
1 13 0 1 2
1 0 3 2 4
1 15 5 0 8
1 12 1 2 0
1 14 0 5 3 6
1 16 4 1 5 0
1 7 0 3 5 4 9
1 18 0
0 19 7 6
0 20 1 7
0 21 5 8
0 22 4 9 2 7
0 23 4
0 24 2
0 25 0
0 26 1
0 27 9
0 28 6 1
0 29 6 2
0 30 2
1 4 0 9 5 3 10 4 6 12 15 19 1 2
1 5 5 6 7 8 4 11 0 3
1 0 0 1 5 4 20 11
1 1 12 4 11 10 6 0 9 8 3 16
1 2 12 9 10 1 8 7 16 19
1 3 5 2 3 0 1 6 8 13 7
0 6 17 12 14
0 7 7 19
0 8 16 14 18 17 2
0 9 11 13 10 15
1 6 14 2 12 4 10
1 3 19 10 7 20 3 21 16 17
1 0 12 16 17 20 22
1 11 3 4 5 6 21 9 29 30
1 1 1 19 16 33
1 10 19 7 12 11 8 3 23 25
1 8 11 15 4 32 9
1 9 18 8 20 2 11 3 28
1 7 17 20 18
1 2 2 12 15 19
1 12 3 11 17 5
1 4 17 0 9 20 10 1 34 14 8
1 5 13 5 21 18 7 31
0 13 5 10
0 14 20
0 15 27 28 8
0 16 27
0 17 26 35
0 18 17 2
0 19 8 24 31
0 20 12 1 9 4
1 4 23 16 18 1 2
1 7 23 24
1 11 21 18
1 16 7 11 13 12 36 16
1 21 26 12 19 31
1 10 25 0
1 18 18 19 26 24 9
1 9 12 15 14 5 10
1 20 14 6
1 14 3 8 22 23 19 0 41
1 17 7 10 13 19 14 17
1 13 16 23 13 7
1 6 15 5 22 40
1 5 15 20 24 4
1 3 2
1 2 2 1 23
1 1 11 0 39
1 15 17 21 19
1 19 17 13 7 32
1 12 4 1 29
1 0 9 1 34
1 8 21 33
0 22 4 35 37
0 23 13
0 24 21
0 25 20 27 43
0 26 13 19 12
0 27 26 38
0 28 17
0 29 13
0 30 1
0 31 15
0 32 24 30 41
0 33 42
0 34 21
0 35 28 35
1 4 0 1 3 8
1 1 4 1
1 5 4 3 1 5
1 8 1
1 25 5 0
1 9 1 0 3 4 5
1 26 5 6
1 17 0
1 24 1 5 7
1 3 2 4
1 12 0 1 5
1 2 3
1 23 0 2
1 22 2 0
1 14 4 0 5
1 0 4 2
1 7 0 3 1
1 16 2 4 5 9
1 15 4 0 5
1 18 0
1 10 0 1
1 11 2 3 9
1 19 5 3
1 6 3 0 1
1 13 2 3 6
1 21 0 2
1 20 5 2 3 0
0 27 5
0 28 5 9
0 29 3 1
0 30 4
0 31 8
0 32 0
0 33 8 0
0 34 4 0
0 35 5 9
0 36 5
0 37 0
0 38 6 4 1
0 39 1
0 40 5
0 41 5 2
0 42 3
0 43 8
1 3 5 3 2 7 1 4 6 0 8
1 2 4 0 1 5 2 6 7 3
1 4 6 7 5 0 4 2 1 12 11 8
1 1 1 2 3 5 6 0 4 8 11
1 0 2 1 0 4 3 12 8
1 5 0 7 6 5 2 4 9
0 6 11 8 0
0 7 4 8 10 7 12 6
0 8 9 7 1
0 9 9 5 4
1 3 0 4 6 11 21 7 17 5 16 1
1 2 19 10 8 13 1 15 16 29 31 11 22
1 5 18 1 3 9 17 14 5 4 21 12 11 35
1 0 20 18 19 22 3 23
1 1 19 2 5 7 22 17 10 18 3
1 4 16 15 12 4 19 8 22
1 6 14 12 17 13 22 16 9 11 18 33 25
1 7 8 13 22 28 32
0 8 17 26 36 25 8
0 9 4 27 28 35
0 10 13 25 34 0 7
0 11 3 30 12 26
0 12 35 24 33 1 6
1 15 17 20 14 0 30
1 11 4 19 21 3 29
1 5 16 13 17 11 39
1 7 16
1 8 16 3
1 14 6 25 7
1 9 25 11 8 31
1 0 1
1 20 8 20 2 5
1 19 0 4
1 2 3
1 22 2 7 20
1 18 17 21 22 5
1 17 11 2 12 38
1 21 26 12 23 4 7 20
1 6 11 26 35
1 10 23 2 9 3 42 1
1 13 6 28
1 3 5 13 15 9 38
1 4 11 18 26 9 37
1 1 14 9 10 34
1 12 6
1 16 16 22 24 19 14 23 33
0 23 4 27
0 24 28 36 41
0 25 32
0 26 18 43 28
0 27 25
0 28 6 17
0 29 32 30
0 30 32
0 31 37
0 32 9 36
0 33 9
0 34 40 15
0 35 21 35
0 36 10
1 19
1 2
1 22
1 5
1 20
1 6
1 15
1 21
1 16
1 4
1 0
1 8
1 26
1 3
1 9
1 7
1 11
1 14
1 1
1 13
1 24
1 17
1 25
1 23
1 18
1 10
1 12
0 27
0 28
0 29
0 30
0 31
0 32
0 33
0 34
0 35
0 36
0 37
0 38
0 39
0 40
0 41
0 42
0 43

