20
28 26 10 27 28 28 9 28 6 29 27 31 8 21 14 14 33 35 32 31 
1 3 8
1 18 11
1 20 16
1 12 11 4
1 22 1 24
1 15 10
1 0 3
1 10 13
1 11 13
1 9 20
1 7 13 0
1 21 2
1 8 13 15
1 6 10 6
1 1 9 14
1 14 5 17 19
1 5 5 12
1 17 1 7
1 2 18 25
1 4 8
1 16 10
1 19 11
1 13 5
0 23 21
0 24 1 23
0 25 11 22
0 26 21
0 27 16
1 7 3
1 20 6
1 18 4
1 2 2
1 10 7
1 14 1
1 5 5
1 11 7
1 4 5
1 0 0
1 15 1
1 16 1
1 1 0
1 13 1 9
1 6 3
1 8 3
1 17 4
1 9 3
1 3 2 8
1 19 6
1 12 1
0 21 2
0 22 6
0 23 5
0 24 3
0 25 3
1 0 17 0 19
1 5 14 9
1 1 11 3 8 21 25
1 3 5 18
1 6 4 2 7 20
1 2 17 23
1 7 1 12 13 16
1 4 5 6 10 15 24 26
0 8 21
0 9 5 22
1 3 21
1 19 8
1 9 4 3
1 2 19 13 23
1 12 0
1 8 22
1 1 2
1 20 8 27
1 5 6 9
1 10 10 18
1 17 8
1 6 20
1 21 11 26
1 16 5
1 14 4
1 18 8
1 15 5 14
1 7 7 16 17
1 11 0
1 0 19
1 13 1 15
1 4 22 12 24
0 22 25
0 23 17
0 24 21
0 25 10
0 26 22
1 15 0
1 11 21 20
1 2 17
1 5 5 8
1 16 0
1 19 21
1 17 21
1 12 5
1 21 19
1 1 22
1 7 13 14 23
1 22 15
1 8 3 11 12 26
1 6 1
1 14 18 4
1 20 2 9
1 4 16
1 13 5
1 18 21 24
1 0 10 25
1 9 6 7
1 3 16
1 10 2 27
0 23 11
0 24 14
0 25 13
0 26 18
0 27 5
1 15 4
1 10 5
1 11 5
1 12 4
1 9 0
1 14 4
1 4 1
1 18 3
1 2 6
1 22 3
1 0 6
1 17 3
1 3 1
1 8 0
1 13 4
1 21 3
1 7 0
1 5 1
1 19 3
1 20 3
1 6 1
1 16 2
1 1 6
0 23 5
0 24 1 8
0 25 4
0 26 7
0 27 7
1 2 5 2 6 10 18
1 1 9 16
1 5 15 17 20 25
1 6 0 19 24 26
1 4 8 1 3 11 12 14
1 3 8 4 13 21 22
1 0 7 23
0 7 1
0 8 13 27
1 10 4
1 7 4
1 14 3
1 19 1
1 5 4
1 8 4
1 9 4
1 1 2
1 16 0
1 6 4
1 3 2
1 2 2
1 20 1
1 18 1
1 13 3
1 4 2
1 12 3
1 17 0
1 15 3
1 22 1
1 21 1
1 11 3
1 0 2
0 23 1
0 24 0
0 25 5
0 26 5
0 27 4
1 3 7 1 5 6 10
1 4 19 4 9 22 23
1 0 11 2 14 20 21
1 2 18 8 12 13 17 26 28
1 1 16 0 3 15 27
0 5 25 24
1 14 11 18
1 23 7
1 5 6 16 26
1 12 3 0
1 2 19
1 1 6
1 10 21 8 23
1 19 5
1 8 1
1 20 5 24
1 13 15
1 15 10
1 18 5
1 4 12
1 9 2
1 17 4
1 0 6
1 21 20
1 6 9 17 22
1 11 6 14
1 7 1
1 3 13
1 22 20
1 16 10
0 24 16
0 25 6
0 26 21
0 27 17
0 28 25
1 16 0
1 7 3 11
1 8 3
1 6 4 15
1 17 23
1 18 16 6
1 0 22
1 20 16
1 2 8
1 3 17 5
1 13 13
1 15 18
1 5 21
1 4 20 2
1 21 16 29
1 12 21 9
1 11 10 14
1 9 13 7 12
1 10 3
1 1 17
1 19 19 25 27
1 14 1 24 26 30
0 22 11
0 23 28
0 24 14
0 25 0
0 26 2
1 20 4
1 13 2
1 4 5
1 11 2
1 12 2
1 6 3
1 22 4
1 0 0
1 3 0
1 17 1
1 18 4
1 10 2
1 19 4
1 14 1
1 5 3
1 7 3 6
1 24 4
1 2 0
1 15 1
1 23 4
1 9 2
1 8 3
1 1 0
1 21 4
1 16 1
0 25 4
0 26 2
0 27 7
0 28 4
0 29 4
0 30 4
1 0 6 8 18 20
1 4 9
1 3 5 0 1 16
1 2 13 2 10 14
1 5 7 11 15
1 1 9 3 4 12 17
0 6 15 19
0 7 2
1 15 10
1 8 5
1 5 4
1 4 4 3
1 0 6
1 13 8
1 6 2
1 16 10
1 2 6
1 12 1
1 10 9
1 14 7
1 3 0
1 11 1
1 1 6 11
1 7 2
1 9 5
0 17 1
0 18 13
0 19 7
0 20 9 12
1 1 5
1 7 9 10 11
1 4 1 8
1 2 3 4
1 3 0
1 5 7
1 0 3
1 9 9
1 8 9
1 6 7 6
1 10 2
0 11 1
0 12 4
0 13 3 12 13
1 3 7 4 21 22 30
1 5 20 15
1 10 7 25 26
1 0 9
1 4 6 24
1 2 1 10 12 13 16 27
1 7 17 14 32
1 6 11 19
1 1 5
1 9 11 0 8
1 8 23 2 3 18
0 11 24
0 12 29
0 13 28 31
1 25 16
1 1 0 30 34
1 20 9 8 26
1 19 18
1 9 14
1 6 27
1 12 23
1 15 23 7
1 17 9
1 3 11
1 22 21
1 10 14
1 2 28 4
1 7 10 5 20 24
1 24 16
1 5 22
1 0 15
1 8 6
1 16 9
1 18 1
1 21 2 31
1 4 12
1 14 13 17
1 13 23
1 11 16 25 33
1 26 19
1 23 21 3
0 27 4
0 28 3
0 29 24
0 30 28
0 31 1 32
0 32 29
1 1 2 13
1 18 7 5
1 23 22 12
1 25 14
1 3 16 23
1 4 16 11
1 12 19 18
1 16 17
1 22 15 27
1 17 17 29
1 15 19
1 5 25
1 7 9
1 20 3
1 13 7
1 0 6 10
1 26 21
1 10 4
1 21 3
1 28 1
1 19 0
1 24 20 26
1 8 16
1 14 8
1 9 4
1 2 2
1 27 24
1 11 4
1 6 9
0 29 30
0 30 16
0 31 31
0 32 31
0 33 20
0 34 28
1 15 23
1 25 2 3 22
1 5 19
1 17 24
1 10 20 26 29
1 18 24
1 0 11
1 11 20
1 12 4
1 7 18
1 1 8
1 4 6
1 16 23
1 2 10
1 21 0
1 19 17 30
1 8 14
1 14 9 25
1 9 18 1
1 13 9
1 20 0
1 22 5
1 23 5
1 3 16 13
1 24 7 12 15
1 6 21
0 26 20
0 27 28
0 28 23
0 29 2
0 30 27
0 31 1
1 17
1 10
1 22
1 23
1 12
1 18
1 5
1 19
1 1
1 13
1 2
1 0
1 20
1 3
1 9
1 21
1 4
1 16
1 8
1 6
1 11
1 7
1 24
1 14
1 15
0 25
0 26
0 27
0 28
0 29
0 30

