20
36 24 35 8 27 24 18 31 32 10 35 23 8 16 27 33 8 10 28 33 
1 14 7 20
1 6 15
1 7 15
1 20 17
1 28 5
1 24 10
1 18 13
1 17 18 12
1 26 18
1 21 17
1 22 17 23
1 15 7
1 19 17 19
1 25 9
1 8 15
1 23 17
1 29 5
1 2 8
1 4 11 3
1 16 13 4
1 0 2
1 1 2
1 27 16
1 13 17 1
1 11 7 6
1 10 15 0
1 3 8
1 9 15
1 5 11
1 12 18 14
0 30 5
0 31 22
0 32 22
0 33 21
0 34 10
0 35 10
1 6 4 27
1 7 19 7 24
1 0 17 9
1 2 4 14
1 10 11 26
1 19 12 29
1 9 3 22 30 32
1 11 5 6 21
1 1 10
1 16 2
1 15 8
1 3 10 20
1 8 23
1 13 19
1 4 15 13
1 5 25
1 18 18 33
1 14 28 1 16
1 17 28
1 12 3 0
0 20 7
0 21 4
0 22 34
0 23 11 31
1 15 0
1 16 0
1 23 4
1 20 4
1 4 3
1 7 3
1 27 5
1 11 1
1 22 4
1 0 3
1 3 3
1 13 0
1 28 5
1 5 3
1 2 3
1 10 1
1 25 2
1 1 3
1 26 2 6
1 21 4
1 8 1
1 18 4
1 12 0
1 14 0
1 6 3
1 9 1
1 19 4
1 17 4
1 24 2
0 29 1
0 30 1
0 31 7
0 32 4
0 33 4
0 34 1
1 2 10 21 22
1 1 2 0 8 9 14 19
1 4 20 6 15 23 24
1 0 11 5 13 17 25
1 3 18 4 7 12
1 5 3 1 16
0 6 26
0 7 17
1 6 3 11
1 18 15
1 0 0
1 13 12 8
1 3 7
1 2 7
1 12 16 21
1 17 15
1 16 13 14
1 8 4
1 9 17 1 6
1 7 9
1 19 12
1 4 2
1 15 15
1 10 5
1 20 12
1 5 10 19
1 11 16
1 1 0 20
1 21 12
1 14 18
0 22 11 23
0 23 2
0 24 2
0 25 6
0 26 0 22
1 1 1
1 3 1
1 5 8
1 4 10 5 12
1 8 14
1 10 2 7
1 14 6 15
1 2 1
1 9 14
1 6 13
1 11 11 4
1 7 13
1 19 3
1 16 11
1 18 3
1 17 11
1 13 13 0
1 12 9
1 15 6
1 0 1
0 20 17
0 21 16
0 22 7
0 23 9
1 13 10 30
1 0 7
1 4 20 3 5 25
1 14 15
1 3 22 8
1 1 12 21 24
1 11 14
1 10 12 16 17
1 5 4 6 27
1 8 20 1 13 23 26
1 2 2
1 12 19 29
1 9 15 0 18 28
1 6 9
1 7 11
0 15 1
0 16 23
0 17 11
1 6 7
1 12 16 4 26 28
1 8 11
1 17 14 9 30
1 18 12
1 9 11
1 1 23 6 24
1 3 20 3
1 4 21 29
1 10 1 22
1 20 13 15
1 11 8
1 0 2
1 22 19
1 16 14
1 21 10
1 23 19 31
1 24 17
1 13 21 5
1 19 12
1 2 18
1 5 21
1 14 0 25
1 15 14
1 7 11
0 25 27
0 26 22
0 27 21
0 28 24
0 29 3
0 30 14
1 7 1
1 14 4
1 1 2 8
1 2 5
1 24 0
1 19 7
1 5 1
1 10 1
1 13 1
1 18 6
1 20 7
1 12 1
1 17 6
1 21 7
1 15 4
1 16 4
1 3 5
1 25 3
1 4 5
1 22 7
1 8 1
1 9 1
1 11 1
1 0 2
1 6 1
1 23 0
0 26 9
0 27 1
0 28 1
0 29 9
0 30 0
0 31 9
1 6 21 1 4 20 27
1 2 28 5 7 13
1 0 11 0 18 26 33
1 7 6 3 15 19 30
1 3 17 9 12 25
1 1 11 14 16
1 4 2 24 32
1 5 23 8 10 22
0 8 0 29
0 9 34 31
1 8 2
1 26 9
1 25 12
1 19 5
1 16 5
1 0 17
1 28 3
1 13 0
1 12 7
1 10 7
1 21 8
1 1 17
1 9 1
1 24 12
1 18 5
1 6 15 21 22
1 4 6
1 11 7
1 14 14
1 23 4
1 3 6
1 17 5
1 22 16
1 7 1 18
1 5 6
1 27 3 20
1 2 11
1 20 10
1 15 13
0 29 12
0 30 4
0 31 12
0 32 8
0 33 19
0 34 0
1 8 1
1 6 2
1 5 2
1 18 3
1 15 4 6 7
1 11 5
1 2 0
1 7 2
1 13 4
1 17 3
1 12 4
1 1 0
1 16 3
1 10 5
1 9 1
1 4 0
1 14 4
1 0 0
1 3 0
0 19 1
0 20 3
0 21 3
0 22 4
1 0 0
1 2 5 6 7 8 14
1 1 0 1
1 5 12 4 11
1 4 12 9 10
1 3 5 2 3
0 6 4
0 7 0 13 15
1 0 14
1 4 19 10
1 9 12 16
1 5 3 4 5 6 21
1 12 1
1 2 19 7 24
1 1 11 15
1 3 18 8 22
1 8 17 20
1 11 2 26
1 7 3
1 10 17 0 9
1 6 13
0 13 11
0 14 23
0 15 25
1 20 23
1 21 23 31
1 18 21
1 11 7
1 3 26
1 8 25 0
1 4 18 19
1 7 12
1 2 14 6
1 16 3 8 22
1 12 7 10 13
1 6 16
1 9 15 5
1 10 15 20 24
1 1 2
1 0 2 1
1 19 11
1 15 17
1 14 17
1 5 4 28
1 13 9
1 17 21
0 22 0
0 23 24
0 24 3 32
0 25 27 30
0 26 29
1 12 0
1 0 4
1 2 4
1 23 1
1 7 5
1 22 1
1 5 5
1 15 0
1 24 1
1 17 2
1 14 0
1 25 3
1 10 0
1 19 2
1 1 4
1 4 4
1 9 0
1 18 2
1 3 4
1 11 0
1 16 0
1 20 2
1 8 5
1 26 3 6
1 21 2
1 13 0
1 6 5
0 27 1
0 28 3
0 29 0
0 30 7
0 31 5
0 32 3
1 2 5 3
1 4 4
1 3 6 7
1 5 1 9
1 0 2
1 1 0
0 6 8
0 7 8
1 1 0 4 6 11 21
1 7 19 10
1 0 18 1 3 9 17 27
1 2 20
1 6 19 2 5 7 22
1 3 16 15
1 5 14 12 23
1 4 8 13
0 8 19 26
0 9 0 24 25
1 8 17 20
1 0 4 19
1 15 16
1 12 16 27
1 13 16
1 7 6
1 3 25
1 22 1 29 30
1 11 8
1 1 0
1 20 3
1 4 2 7
1 14 17 21
1 17 11
1 18 26 12
1 16 11 31
1 10 23
1 5 6
1 2 5 13 15
1 19 11 18
1 9 14 9 10
1 6 6
1 21 16 22 24
0 23 26
0 24 10
0 25 6
0 26 0 28
0 27 22 32
1 2
1 26
1 7
1 22
1 0
1 3
1 10
1 8
1 16
1 11
1 12
1 18
1 20
1 4
1 13
1 5
1 17
1 15
1 23
1 1
1 9
1 19
1 24
1 14
1 25
1 6
1 21
0 27
0 28
0 29
0 30
0 31
0 32

