13
23 35 26 23 8 27 26 11 26 27 23 27 6 
1 14 11 1 14 10 5 25 16 13 27
1 17 18 25 1
1 4 19 3 28 15 24 33 18
1 9 16 26 20 22 8 5
1 8 21 7 28 15 5 6 19 8 25
1 6 8 15 26 25 18 9 17
1 7 13 24 17 28 12 31 20 30
1 1 8 22 15 24 2
1 12 2 0 9 20 25 11 1 12 8
1 13 24 19 14 5 13 29 27 18 0
1 0 17 2 15 32
1 5 23 6 12 5 11 4 27 26
1 2 10 1 2 4 21 3 11
1 10 5 25 1 16 4 30
1 15 13 14 20 17 21 22 4 25 6 3 7
1 16 21 18 9 7
1 18 13 20 7 1 6
1 3 27 4 6 30
1 11 2 19 8 20 23
0 19 20 0
0 20 9 34
0 21 0
0 22 32
1 18 20 4 10 15 9
1 26 15 3 12 20 1 0 22
1 4 2 13 7
1 16 8 19 2 16
1 1 18 5
1 9 2 10 3 14 13 15
1 24 16 15 4 10 3 0
1 25 1 15
1 8 14 3 8 18
1 21 16 19 20 7 18
1 11 17 3 5 16
1 6 17 1 16
1 12 9 5
1 28 9
1 13 0 4
1 2 19 13 5 23
1 15 14 15 4 0 6 8 20
1 10 10 1 11 9 16 6
1 22 8 12
1 23 7 6 19 0 3
1 27 20 0 15
1 3 5 13 15 17
1 17 19 9 18 13 0
1 14 18 0
1 7 10 9 0 5 19 4
1 20 16 9 14
1 0 10 4 25 15 7 6
1 19 0 23
1 5 4 11 19
0 29 21 1
0 30 5
0 31 9
0 32 24
0 33 20
0 34 22 24
1 12 12 15 5 6 18 14 17 0 4
1 6 6 5 12 3
1 11 17 1 15 5 0
1 18 2 9 7 12 22
1 8 4 10 2 15 14 13 5
1 1 15 18 3 4 8
1 14 18 15 1
1 7 0 8 7 13 11 3
1 10 14 11 5 9 12 13
1 19 11 7 0 13 2 17
1 2 6 15 4 19 11 10 8
1 4 3 7 6 1 0 8
1 15 5 16 0 15 7 2
1 5 10 13 17 9 15 14 4 21 22
1 0 9 3 15 21
1 20 2 8 10 6 17 9
1 17 14 16 10 0 11 17 12
1 3 8 4 11 13 14 0 12 9 20
1 9 15 17 4 12 21
1 13 10 16 15 6 18 4 19
1 16 11 15 13 4 6
0 21 8
0 22 22
0 23 22
0 24 17 8
0 25 10
1 1 5 2 1 4 3
1 12 5 1 0 3 4
1 18 0 1 4 5
1 2 3 5 0 4 2 7
1 0 2 1 5
1 7 0 4 1 5 2
1 10 3 5 2 0 1
1 13 4 3 1 5 0
1 5 1 0 2 4 5
1 4 2 4 0 5 3 6
1 14 3 5 1 4 0
1 17 1 4 0 3
1 11 3 5 0 4
1 8 1 2 5 4 3 0 6
1 3 0 2 5 3 4 6
1 6 5 2 4 0 1
1 15 2 0 4 1 3
1 16 0 1 4
1 9 0 2 3 5 1 6
0 19 2 5 6
0 20 4 0
0 21 3
0 22 2 7 5
1 5 18 3 14 17 9 0 15 12 13 7 11 4 10 1 8 5 2 25
1 4 9 15 20 14 10 3 0 19 8 5 11 21 4 18 16 12 7 13 6
1 1 7 6 13 15 1 5 12 19 8 14 3 20 18 21 16 4 17 11 2
1 3 21 2 4 5 9 19 6 0 14 3 12 15 10 18 20 11 17 8 16 13 22
1 2 19 10 11 16 5 6 17 1 8 7 12 9 15 18 4 2 21 14 24 25 22 3
1 0 13 0 1 8 12 11 7 14 6 17 5 18 15 9 20 16 4 21 2 24 23
0 6 12 23 26 13 2 19 17 20
0 7 16 22 1 0 15
1 10 15 14 8
1 5 18 0 13 16
1 16 2 10 12 0 6
1 18 4 20 10 19 14 6 1
1 17 7 6 4 0
1 8 4 5 18 12 23 6
1 12 6 17 9 14 0 4 21
1 11 12 17 3
1 21 7 11 20 14
1 20 12 6 11 13 4
1 19 7 0 12 9
1 7 3 10 15 2 5
1 15 9 1 15 0 7 25
1 9 13 2 15 16 11
1 2 4 10 16 2
1 0 3 15 9
1 1 0 17 3 2
1 3 8 3 4 17 2
1 14 7 8 3 16
1 13 4 19 8 16 6 22 3
1 6 16 12 24
1 4 18 9 16
0 22 3
0 23 17
0 24 5 15
0 25 20
0 26 8 7
1 7 4 5 3 1
1 15 3 7 6
1 2 4 5 0 8 2
1 5 6 1
1 3 0 6 3
1 9 6 5 4 8
1 17 4 3
1 19 2 3 5
1 13 0 1 5 6 2 7
1 8 2 6 1 5 0
1 18 7 5 3 2
1 20 4 2 5 7 3
1 14 4 6 1 5 0
1 16 8 4 5 2 9 10 7
1 10 4 2 8 0 5 1
1 1 0 8 3 5
1 0 8 3 1
1 6 2 4 8 0 5
1 4 1 7 0 5
1 11 5 6 4 8
1 12 1 3 4
0 21 3 1
0 22 7
0 23 8
0 24 7 2
0 25 10
1 1 13 6 20 16 3 19 8 9 0 14 17 18 7 15 5
1 2 8 2 3 9 16 0 17 7 12 14 4 13 20 19 18 15 22 5
1 8 17 5 12 16 3 2 11 1 9 7 24 8 21
1 3 11 18 4 19 13 2 12 20 6 0 15 14 10 17
1 7 1 10 2 17 4 7 20 3 5 6 24
1 4 16 12 18 7 1 8 3 0 2 21
1 5 19 7 2 11 20 12 4 17 22 14 25 21
1 6 5 4 14 9 1 2 12 18 7 8 16 10 22
1 0 15 0 5 18 10 12 17 6 19 8 2
0 9 25 23 8
0 10 19
1 1 3 1 7
1 13 16 17 19 8 11 10 0
1 19 4 11 10 8 13 19 14
1 14 21 14 15 4
1 20 9 15 19 4 25
1 5 10 7 3 1 14 11 15
1 16 10 5 14 6 0 12 8 15 13
1 18 9 18 19 5 15 14 24
1 8 20 9 19 6
1 10 14 21 9 3 1 2 15
1 11 20 8 3 4
1 15 8 2 15 19 3
1 12 14 0 12 9 18 24
1 9 19 11 10 18 13 21
1 7 13 19 15 3
1 0 20 17 12 7 19 0
1 17 6 15 14 16 4 11
1 3 20 7 3 14 4 23 26 13
1 4 18 15 17 21 0 26
1 2 20 17 15
1 6 10 5 1 7 13 3
0 21 8
0 22 22 26 20
0 23 9
0 24 11 3
0 25 20 25 21
1 18 14 4 15 13
1 8 16 12 17 0 1 14
1 15 0 15 9 13 6
1 2 11 16 1 22 13
1 17 9 17 2 15 3 5 10 12 20 8
1 19 8 17 10 0 9 14 11
1 5 12 6 0 7 16
1 3 5 0 10 16
1 21 9 17 8 5
1 20 3 10 9 15 11 18
1 9 13 16 10 14 1 12
1 16 4 7 17 2 10 12
1 1 1 13 5
1 14 3 9 12 5 7
1 12 16 7 11 2 10 18 12
1 11 8 13 5 4 17 2 1
1 13 16 10 8 15 13 9 17
1 0 5 8
1 6 8 12
1 10 18 7 15 5 3
1 4 13 16 7 8 2 14 19 11
1 7 2 15 5 3 12 0 1 6 13
0 22 12
0 23 12 19
0 24 20
0 25 9
0 26 16 21
1 6 9 18 13 12 4
1 3 2 10 13 19 12 3 0
1 7 19 8 16 7 15 3 0 5 23 12
1 8 2 12 21 20 3 7 4 18 6
1 14 1 7 8 20 14 18 12 3
1 1 0 20 16 13 9 14
1 11 20 17 10 11 6 9 3 4 15
1 2 20 3 2 7 6 9 26 8 0
1 4 13 5 9 10 1 14 16
1 18 1 6 17 18 4
1 13 18 14 17 16 0 9 22 19
1 10 7 15 5 20 25
1 9 9 16 17 12 21 24 0
1 5 11 5 7 4 2 18 13 9 20
1 15 18 5 3 4 8 14 0
1 12 14 17 2 19 6 20 21 15 12 26
1 0 20 4 16 3 21
1 17 1 5 10 15 11
1 16 21 10
0 19 13
0 20 4 7 0
0 21 9 22
0 22 14
1 12 2 0 1 4 3
1 5 1 4 3 0
1 8 1 2 0 4 3
1 7 2 0 1 4
1 6 3 0 4 2 1 5
1 13 0 4 1 3 2
1 10 1 0 2 4 3
1 11 2 1 4 3 0
1 15 0 3 1 4 2
1 3 0 1 4 3
1 17 3 1 4 2
1 16 3 2 4 1
1 19 3 0 2 1
1 0 3 4 0 5 2
1 14 3 0 1 4 2 5
1 18 2 1 4 3
1 1 2 0 4
1 21 1 2 5
1 20 0 2 3 1
1 4 1 0 4 3
1 2 3 2 0 4
1 9 2 1 4 0
0 22 2 5 3
0 23 5 4
0 24 3 1
0 25 5 0 1
0 26 5 3
1 1
1 4
1 3
1 2
1 0
0 5

