20
10 15 16 11 16 29 33 20 16 12 8 27 9 9 8 29 26 27 29 21 
1 6 1 5 6 11
1 4 8 11 9 10 6 3 2
1 1 7 3 4 11 2 12
1 2 9 6 11 10 1 0
1 0 4 0 2 10 11 8
1 3 7 11 0 8 9 5 10 1 14
1 7 3 9 13
1 5 9 10 5 4 3
0 8 9
0 9 7 14
1 0 10 7 2 8 3
1 7 8 11 6 9
1 3 0 9 6 12
1 8 3 2 1 13 11
1 4 12 10 3 6 2
1 11 3 5 4
1 10 11 7 9 3
1 5 2 9 8 11 3 7 0
1 6 6 9 15
1 9 11 3 4 9 0
1 2 4 5 8 9 12
1 1 12 1 0 10 14
0 12 6
0 13 8
0 14 9
1 5 7 3 2 9
1 8 7 8 6 5 0
1 1 2 8 4
1 12 0 7
1 9 1 7 0 2
1 7 8 0
1 10 7 6
1 6 4 3 1 7
1 3 4 5 7 2 10 3
1 4 7 2
1 2 4 8 7 1
1 11 0 6 5
1 0 2 4 8
0 13 7
0 14 6
0 15 4 2
1 8 7 3 9 6 8 12
1 6 1 8 9 6
1 2 3 0 5 11 8 6
1 4 12 5 7 8 10 0 11
1 0 10 14
1 3 11 0 4 9 12
1 7 10 6 8 9 0 12 3
1 5 7 3 6 5 10 9 13
1 1 9 2 11 4 14
0 9 12
0 10 9 15
1 9 0 23 8 16 13
1 5 15 19 24
1 10 0 3 5 6 13 22 19 12 27
1 7 16 17 5 7 24
1 1 4 21
1 0 11 19 26
1 11 14 12 22 1 18 6
1 12 9 2 25
1 6 20 6 1
1 4 21 18 23 19
1 2 10
1 3 0 8 3 1
1 8 7 1 23
0 13 0 28
0 14 2
0 15 10
1 20 19 31
1 4 0 17
1 12 24 6
1 0 17 14 10
1 8 9 23
1 22 25
1 10 4 15 13 2
1 13 16
1 9 0 2 10 8 3 25
1 23 25
1 7 1 18 16
1 5 11 5
1 21 19
1 11 9
1 14 22 13 3 2
1 16 4 28
1 3 3 21 26
1 6 7
1 15 5 13
1 2 8 21 29
1 17 21 12 20 30
1 1 21
1 19 26 20 1
1 18 25 24 4 21
0 24 13
0 25 12
0 26 2
0 27 32
0 28 27
1 16 12 11
1 12 10 13 0
1 19 15
1 1 12 1 15
1 17 2 6 8
1 13 13
1 3 8
1 10 5 8 9
1 9 5 1 16
1 14 8 3
1 8 15 7
1 7 12 9 6
1 22 5
1 20 4 11 14
1 2 8
1 4 8
1 15 5 0 13
1 0 4 12 7 0
1 6 8 13 0
1 23 6 14 15 18
1 25 14 5 11
1 5 3 1
1 21 3
1 11 7 3
1 26 6
1 24 5 14
1 18 11 4 15
0 27 0
0 28 19
0 29 8
0 30 1 17
0 31 1
0 32 11
1 6 2 10 4 12
1 0 11
1 9 2 9 4 8
1 11 9 7 6
1 4 6 11
1 12 5 0
1 14 8
1 2 9 12
1 5 12 6 8
1 1 12 15
1 8 1 7
1 15 8 3
1 3 2 11 1
1 7 4 9 0 12 13
1 13 8 3 7 12
1 10 1 0 8 3 5 12
0 16 12
0 17 15
0 18 7
0 19 14
1 10 7 6
1 0 8 5 10
1 8 2 9 6 4
1 12 6 5
1 6 6 2 8 0 11
1 4 4 3
1 7 7 0 9
1 11 4
1 9 6 4 9 2
1 3 2 7 3
1 5 4 1 5
1 1 1 0 5
1 2 2 9 8
0 13 3
0 14 3 0
0 15 7
1 4 2 4
1 3 2 4 0 5 7
1 5 3 4 2 0
1 0 5
1 8 1 0 2
1 2 3 6
1 9 1 2
1 7 1 3 0
1 1 5 2 4
1 6 1 5 0
0 10 5 0
0 11 2
1 3 18 0 1 2 11 21 9 6 10 4 19
1 5 19 10 17 20 4 0 12 18 24 25 26
1 4 5 8 13 6 20 18 2 10
1 2 4 6 7 1 5
1 0 9 3 7 12 14 15 21 5 13
1 1 16 11 19 23
0 6 11 22
0 7 11 23
1 19 2
1 6 4 6
1 21 1
1 3 3
1 13 6
1 20 1
1 12 3 2 6
1 5 0 3
1 7 0
1 8 5 3
1 4 5 4 3
1 2 4 7
1 10 4 1
1 9 5
1 0 4 7
1 1 4
1 11 1 3 0
1 16 2 6
1 17 2
1 18 2
1 15 6 2
1 14 5 1
0 22 0
0 23 8
0 24 7
0 25 5
0 26 3
1 2 6 4 2 3 0 1
1 6 1 3 0 2
1 5 0 2 1 3 6
1 1 5 6 0 3 7
1 0 3 2 4 5 6
1 3 0 4 1 2 3
1 4 2 1 0 3 6 4
0 7 8 4
0 8 0 2
1 6 5 2 4 3 1
1 5 3 0 2 1 4 5 7
1 4 3 4 1 5 0
1 3 1 4 0 6 2
1 1 2 4 3 0
1 0 3 5 0
1 2 3 0
0 7 0
0 8 5
1 1 23 17 19 16 3 9 21 28
1 5 8 0 10 15 22 11 3 2 9 4 23
1 4 4 3 12 13 18 8
1 3 2 6 7 21 14 12 1
1 0 5 16 20 2 13 12
1 2 9 1 11 14 21 23 13 15 3 12 24 25 26 27
0 6 1
0 7 21 13
1 20 14 10
1 11 16 4
1 12 7 19 2 24
1 3 11
1 6 5 1 9
1 5 11
1 1 13 19
1 16 12 1
1 22 12
1 15 6 18 7
1 14 7 15 0
1 9 9 22 25
1 23 18
1 4 13 1
1 13 5 17
1 19 14 3
1 18 10
1 21 12 23
1 10 4
1 7 3 15
1 2 20
1 0 8 6
1 17 4 17 2
1 8 9 0 2 13 4 8
0 24 16
0 25 17
0 26 5
0 27 10
0 28 21
1 13 4 15 16 17
1 7 0 12
1 16 6 1 19
1 11 12 16 11
1 10 4
1 8 18 9 19
1 0 7
1 17 5 9
1 2 20 8
1 9 4 2 12
1 14 10 0
1 5 13 14 17 9 25
1 19 5
1 3 13
1 18 5 6 0 12
1 6 12 2 23
1 12 4 20 3
1 15 20 11 26
1 20 6
1 1 8 21 14 19 20
1 4 7 3
0 21 14
0 22 22
0 23 20 24
0 24 5
0 25 19
1 14 12
1 20 14 17 25 22
1 13 7 20 13 27
1 16 21 11 2
1 11 3 19 26
1 17 6 18 11 15 12
1 18 10 14
1 0 2
1 2 9
1 15 23 11
1 12 8 15 5 21
1 21 21
1 4 8 22 4
1 5 23 1 4 16
1 3 0
1 19 13 10 21
1 9 8 20 19
1 10 5 16 17
1 6 10 3 17 5
1 7 2 0 13 1 24
1 8 9 8 18
1 1 20
0 22 9
0 23 12
0 24 3
0 25 9
0 26 18 28
1 6 11 5
1 7 7 2 13
1 1 5
1 4 13
1 0 16
1 2 0
1 15 12 2 7
1 18 10 1 20
1 9 3 15
1 5 15 0
1 10 11 1 4 3 13
1 21 12 19
1 14 7 15
1 20 7
1 23 8 10
1 19 6 14
1 12 10 9 0 6 8
1 16 7 15 12
1 13 15 3 1
1 17 10
1 3 13
1 22 12
1 11 6 4 17
1 8 7 0 11
0 24 9
0 25 8
0 26 5
0 27 13
0 28 18
1 2
1 12
1 4
1 10
1 8
1 1
1 9
1 13
1 15
1 6
1 11
1 7
1 14
1 3
1 16
1 5
1 0
0 17
0 18
0 19
0 20

