20
15 36 32 15 36 31 16 9 32 15 15 31 6 33 20 26 12 12 34 9 
1 2 2 3 9 24 20 11 21 17 13 10 29 33
1 8 13 5 19 25 26 2 3 28 27
1 6 20 17 16 14 22 29 4 7 24
1 9 7 8 12 20 5 13 22 21
1 3 16 11 5 10 26 0 12
1 11 2 19 35 28
1 1 27 29 18 8 15 3 16 14 2
1 0 17 23 28 16 6 29 24 31
1 4 11 0 6 15 21 8 18 17 10 4 25 32
1 10 1 18 24 17 28 11 13 10 26 6 7 33 15
1 7 7 10 3 6 28 5 15 14 20 16 9 0
1 5 4 14 22 20 2 26 17 23 9 34 24
0 12 13 15
0 13 29 27
0 14 27 30 31
1 11 8 17 0
1 22 7 16
1 13 2 21 7 0 13
1 8 15 16 4 7 14
1 17 22 5 0 10
1 15 15 0 3 18 25 28
1 10 9 23 22 14 3
1 28 24 10 20 19 31
1 5 7 13 17 15
1 7 2 4 11 7 18 19
1 24 15 21
1 3 2 1 30
1 27 2 3 20 28
1 16 25 4 20 22 12 13
1 25 9 19
1 12 5
1 2 14
1 19 12 3 22 24 25
1 20 19 10 7
1 26 20 11 17 16
1 18 12 7 8 23 0 28
1 21 8 24 27
1 6 19 4 2
1 0 22 17
1 4 25 22 6
1 14 18 0
1 29 10 21 13
1 1 7 4 17 20
1 23 6 9 14
1 9 1 5 8
0 30 10
0 31 7
0 32 10
0 33 23
0 34 29
0 35 26
1 13 3 6 0 11 12
1 2 1 10 0 5
1 6 1 4
1 21 2 9 4
1 5 1 3 10 2 11
1 10 10 2 1 9 6
1 20 7 8 4 2 11
1 3 4 0 5
1 16 0 10 7 11
1 19 9 5 7 12
1 24 8 4 9
1 17 11 10 8 9 5 12
1 15 5 8 6
1 18 4 8
1 4 5 10 11 14
1 7 1 4 10 5 6
1 25 6 4 14
1 0 5 1
1 9 8 1 4 13
1 12 8 10 2
1 23 9 8 2
1 22 0 9 6 4
1 1 3
1 14 11 0 4
1 11 1 9 2 10
1 8 3 7 2 0 10
0 26 6
0 27 4
0 28 10
0 29 14 4 3
0 30 7
0 31 3 10
1 3 27 11 23 9 26 14 22 19 29 18 0 31
1 2 10 1 14 4 3 23 16 29 8
1 5 6 1 8 19 28 16 11 4 17 14 21 26 30
1 1 0 7 2 28
1 6 21 1 8 13 19 15 23 16 9 5
1 0 12 9 0 16 19 34
1 10 17 5 7 16 22 26 6 13 1 2 12
1 9 15 29 22 2 21 25 6 14 28 33 7
1 7 10 4 19 26 12 7 0
1 11 25 2 20 28 7 22 9 4 1
1 4 0 18 13 24 21
1 8 18 3 14 24 22 11 32 16 8
0 12 22 11 1 24
0 13 35 6
0 14 3 15
1 10 11 19
1 18 7 1 29
1 11 23 6 14 8
1 15 21 14 22 10 1 4 26
1 29 12 24
1 24 4 0 17 15 30
1 23 16 20 5 28
1 20 13 3
1 4 11 8 17 19
1 13 16 22 3
1 0 9 8
1 14 23
1 25 24 11 13
1 22 17 23 2 13
1 21 21
1 27 4 2
1 7 23 5
1 9 20 18 1 5 8
1 17 15
1 2 5
1 19 21 14
1 12 19 21 5 10 0 27 15
1 26 0 1 9
1 8 10 17 15
1 1 7 10 3
1 28 12 21 4 15
1 16 22 3 1 14 0 13
1 3 17 14 22 6 30
1 6 8 4 3 15
1 5 18 20 7 19 16
0 30 25
0 31 20
0 32 13
0 33 23
0 34 29
0 35 25
1 20 12 2 6 0
1 23 5 7 8 10
1 16 7 8 4 2
1 7 1 10 11 0
1 18 2 9 5 12 7 1
1 6 0 9 1 6 5
1 4 8 1
1 5 4 9 15
1 1 8 1 6 11
1 8 5 4 10 6
1 3 6 9
1 9 7 4 6
1 21 9 2
1 22 0 3 9 7 4 12 10
1 13 4 5 9 10 3 11
1 14 1 2 4 8 7
1 24 5 2
1 11 0 1
1 0 6 11 0
1 10 10 2 12 1 11 6
1 17 9 0 2 8
1 15 5 1 0
1 2 11 4 9 1 14
1 12 8 10
1 19 7 4 3 10 6
0 25 8
0 26 11
0 27 9
0 28 10 15 12 14 2
0 29 13
0 30 10 0
1 8 0 3 4 6 5 1 2 7
1 2 6 2 5 3 1 4 0 7
1 10 0 6 4 3 2 5 1 7
1 12 1 2 4 6 0 3 5
1 3 3 6 2 0 1 5 4 7
1 7 5 6 2 1 4 0 3
1 1 5 3 2 6 0 1 4
1 9 2 3 0 1 4 5 6 8
1 4 3 5 0 4 2 6 1
1 5 6 2 5 0 4 3 1
1 6 3 5 0 1 4 2 6 7
1 0 4 3 0 5 6 1 2
1 11 0 1 5 3 6 2 4 7
0 13 3 6 5
0 14 1 8 4 0
0 15 2 1 5 3
1 1 12 1 2 8 13 22 25 17 9 0 23 3 7 21 14 4
1 3 9 0 17 25 14 1 20 24 12 7 29 23
1 2 20 4 10 14 8 11 15 23 9 26
1 4 20 18 24 10 25 23 4 14 11 21 17 3 16 8 28 15
1 0 9 3 20 8 13 18 19 4 17 10 11 1 23 12 25
1 6 6 5 15 19 3 18 8 4 7 10 1 21
1 5 11 7 16 21 23 8 3 22 19 6 10 15 5 12 27 30 31
0 7 10 12 9 30
0 8 23 8
1 1 10 2
1 15 10 8 7 11
1 12 11 6
1 10 0 5 7 1 10 4 11
1 20 2 5 1 7
1 6 1 7 4
1 8 9 7 2 11
1 21 2 1 9 5 0 7
1 13 3 7 9 11 10
1 4 8 4 3 10 1
1 24 10 6 1 8 2
1 2 2 11 6 8 4 9
1 22 2 9 1
1 3 4 2 9 11 3 6
1 14 2 6 5 11 7
1 16 6 10 1 0 7
1 23 10 8 5
1 7 0 5 11 4 6 2
1 9 8 3 4 9 7
1 18 2 8 3 6 5
1 0 0 8
1 11 6 8 2 1
1 5 10 3
1 17 1 3
1 25 9 1 6
1 19 8 7
0 26 12 7
0 27 5
0 28 11
0 29 13
0 30 14 8 10
0 31 14
1 2 10 3 8 5 2 4 9 7 0
1 9 11 0 4
1 1 6 10 11 8 2 4
1 3 0 7 11 8 5
1 0 0 5 1 7 10
1 11 6 4 3 7
1 7 1 5 9 10 3
1 5 0 1 3 2 9
1 8 1 10 4 11 7
1 10 0 9 6 5 3 1 11 14 7
1 6 8 9 1 5 4 7 3 11 10 14 0
1 4 11 2 10 7 5 3 8 6
0 12 2
0 13 12 9 8
0 14 14 13
1 3 12 4 13 5 22 18 7 14
1 6 15 14 8 11 17 2 1 23 27
1 0 24 5 10 22 9 19 16 7 25
1 10 16 3 12 6
1 7 21 8 11 14 18 24 22 19
1 4 19 1 17 24 6 12 8 16 0 26 11
1 8 19 2 22 11 12 9
1 5 21 13 8 4 20 6 0 17 28 3
1 1 9 22 23 19 20 0 17 8 18 24 1 25 30
1 9 15 6 20 14 10 13 4 11 8
1 2 3 7 0 2 1
1 11 21 0 23 14 16 24
0 12 20
0 13 7 29 20
0 14 15 8
1 11 4 1 3 0 2
1 10 1 4 3
1 15 2 4 0 3 1
1 13 4 3 1
1 4 1 0 4 2
1 6 4 3 1 0
1 21 4 3 2 0
1 0 1 4 0 2
1 14 3 4 0 1 2
1 3 2 1 0 4
1 16 3 0 1 4 2
1 19 3 4 1 2 0 5
1 20 4 2 1 3 0
1 2 0 4 1 3
1 24 3 4
1 18 0 4 3 2 1
1 12 4 1 3 0 2 5
1 1 4 0 1 5
1 9 4 1 0 3
1 5 1 0 2 4
1 22 2 3 0 4
1 23 2 3 0 5
1 17 2 0 4 3 1
1 8 4 3 1 0
1 7 0 1 3 4
0 25 1 2
0 26 4 1
0 27 0 4 5
0 28 0 4
0 29 2 5
0 30 1 0
1 1 23 1 5 8 9 13 15 16 19 22 26 10 25 2 17 24 11 3 4 28 32 7 21 30 27 31
1 0 14 0 6 4 13 3 22 25 19 17 2 18 15 21 23 12 1 20 9 26 27 10
1 3 23 10 18 26 13 0 16 5 2 14 4 12 22 24 8 1 21 3 15 20 29 30
1 4 7 2 3 11 12 25 23 26 13 0 10 24 17 4 15 22 14 32
1 2 21 4 17 20 24 23 7 0 16 9 26 13 1 19 3 14 6 8 5 2 22 12 11 18 32
0 5 14 31 8 32
1 21 9 2 14 6
1 5 12 6 4 15 10 11 14 13 16
1 2 4 15 13 5 7
1 23 6 0 14 8
1 4 11 2
1 20 2 6 14 10 3 1
1 8 15 0 4
1 18 10 3 2 5
1 15 2 5 8 15 10 14 9 3 1
1 14 7 6 2 13
1 24 9
1 22 1
1 25 9 14
1 7 7 6
1 6 13 15 5 12 0 17
1 17 14 12 0 5 1
1 11 14 7 9 15
1 12 3 12 4
1 26 14
1 0 11 15
1 16 12 13 2 14 1 3
1 1 15 11 1 18 19
1 9 1 14 11 8 10 4
1 13 6 11 14
1 10 9 12 16
1 3 11 3 15
1 19 3 0 13 7
0 27 11 2
0 28 11
0 29 10 19
0 30 10 12
0 31 13 14
0 32 3
1 14 1 10 3 11 0 19
1 11 20 2 4 3 9 25
1 10 1 6 14 9 16 12
1 15 15 19 10 17
1 6 6 0 9 11 8 19 13 23
1 5 12 14 11 18 0 5 13
1 9 17 0 16 3
1 4 4 5 12 11 7 24
1 3 3 13 12
1 12 3 19 9 2
1 7 6 15 14 13 11 8 10
1 1 9 5 7 21
1 2 4 5 16 8 11 10 9
1 8 6 11 1 12 5
1 13 18 7 10 16 1 9 15 19
1 0 11 8 13 18 16 20
0 16 22
0 17 1 21 24 25
0 18 0
0 19 12
1 18 0 8 1
1 16 4 3 9
1 20 9 8 11 3
1 7 6 1 7 9 0
1 6 2 3 0 5
1 4 9 1 2 7
1 13 3 8 5 9 10
1 11 5 4 6
1 5 6 3 5
1 1 7 2 1 0
1 15 2 4 1 8 0 7
1 2 3 2
1 8 9 3 8 7
1 3 3 5 1
1 9 8 3 1 2
1 19 9 8 6
1 0 5 2 10 11
1 12 0 5 9
1 10 4 0 8 5 6 7 1 3
1 14 4 7 0 1
1 17 0 4 8 2 1
0 21 4
0 22 5 6
0 23 8
0 24 8 6
0 25 2 5
1 7 6 2 3 4 9 7 0 5 11
1 4 6 7 2 5 3 1 8 9 4 0 10
1 2 9 5 2 7 1 3 6 4 0 8
1 3 9 2 5 3 7 1 4 6 8 0 11
1 8 7 8 4 0 2 1 9 5 6 11
1 1 9 1 0 2 8 6 5 7 3 11 4
1 5 0 1 3 7 6 9 8 5 4 2
1 0 6 8 7 5 1 2 4 3 9
1 9 3 7 2 8 4 0 9 1 10
1 6 4 5 1 3 8 7 6 9 0 2
0 10 8 10 11
0 11 4 3 9 10 5 2
1 9 2 26 15 4 21 20 10 32
1 2 10 17 23 24 11 6 0 16 3 13 4 20 15 25 33 9
1 5 3 21 14 15 24 16 0 25 27 11 7 2
1 3 11 0 6 26 8 17 15 1 7 3 22
1 8 16 1 5 15 9 7 14 3 30
1 4 8 4 13 14 25 6 16 5 18 26 11 20 29 24
1 1 2 20 17 10 0 13 24 15 29
1 0 18 26 11 13 10 24 12 30
1 6 27 19 22 1 20 8 16 5 17 26 31 9
1 7 7 9 12 24 26 27 23 8 6 3 16 28 19 30 2
0 10 11 4 33
0 11 9
1 3 4 1 3
1 24 0 4 3
1 26 4 6 2 0 8
1 27 2 6 0
1 16 0 1 8
1 14 6 1 7
1 6 2 1 4
1 5 1 4 6 5 3
1 19 3 4 0 6
1 18 1 0
1 10 6 5 2 4 3
1 1 1 4 5 2 6
1 17 2 3 4 6 1
1 8 0 1 2 4 5
1 21 0 3 4 2
1 13 1 2 6 3 4
1 20 2 6 4
1 2 3 1
1 0 5 1
1 4 2 5 4
1 15 4 6 3
1 25 3 2 6
1 11 6 1
1 22 6 4 0 3
1 12 3 4 2 5
1 9 6 4 3 1
1 23 2
1 7 2 4 1 3 7
0 28 5
0 29 6
0 30 1
0 31 1 5
0 32 3
0 33 3
1 6
1 1
1 4
1 3
1 2
1 0
1 5
0 7
0 8

