20
10 15 16 11 16 29 33 20 16 12 8 27 9 9 8 29 26 27 29 21 
1 7 1 5
1 5 8
1 0 7 13
1 3 9 6
1 2 4 0 2 10
1 1 7 11 12
1 6 3 14
1 4 9
0 8 2
0 9 4
1 7 10 7
1 9 8
1 6 0
1 10 3 13
1 1 12
1 11 3
1 4 11
1 2 2 9
1 8 6
1 5 11
1 0 4 5
1 3 12 1 15
0 12 5
0 13 14
0 14 6
1 8 7
1 7 7
1 2 2
1 11 0
1 0 1
1 1 8
1 9 7
1 4 4 3 10
1 10 4 5
1 6 7
1 12 4
1 5 0 6
1 3 2
0 13 9
0 14 6
0 15 2
1 7 7
1 0 1
1 5 3
1 2 12 5 15
1 8 10
1 4 11 0 4 13
1 3 10 6 8
1 6 7
1 1 9 2
0 9 14
0 10 6
1 11 0 23
1 1 15
1 2 0 3 5 6 13 22
1 8 16 17
1 0 4 28
1 5 11 19 26
1 3 14 12
1 9 9 2
1 7 20
1 4 21 18 24
1 10 10
1 12 0 8
1 6 7 1
0 13 22
0 14 3 25
0 15 27
1 16 19
1 12 0
1 7 24 6
1 9 17 14
1 3 9 23
1 20 25
1 1 4 15
1 10 16
1 23 0 2 10 32
1 21 25
1 14 1 18
1 5 11
1 15 19
1 0 9
1 4 22
1 6 4
1 8 3
1 19 7
1 18 5 13
1 17 8 30
1 13 21 12
1 2 21
1 11 26 20
1 22 25 27 28 31
0 24 16
0 25 17
0 26 6
0 27 15
0 28 29
1 13 12
1 26 10 16
1 24 15
1 11 12
1 9 2
1 14 13
1 3 8
1 19 5
1 18 5 1
1 2 8
1 25 15
1 7 12 9
1 21 5
1 23 4 19
1 1 8
1 0 8
1 12 5 0
1 22 4
1 4 8
1 17 6
1 10 14
1 5 3
1 6 3
1 8 7
1 16 6
1 20 5
1 15 11
0 27 3
0 28 8 18
0 29 6
0 30 7
0 31 17
0 32 3
1 2 2 10
1 11 11
1 5 2
1 3 9
1 13 6
1 12 5
1 10 8
1 4 9 15
1 1 12
1 0 12
1 15 1
1 9 8
1 7 2
1 8 4 13
1 6 8 3 7
1 14 1 0
0 16 6
0 17 14
0 18 5
0 19 3
1 11 7
1 12 8
1 4 2 9
1 5 6
1 6 6
1 9 4 3 11
1 10 7
1 0 4
1 7 6
1 3 2
1 1 4
1 8 1 0 5
1 2 2
0 13 0 10
0 14 1
0 15 4
1 7 2
1 3 2 4
1 1 3
1 8 5
1 0 1 0
1 2 3
1 4 1
1 6 1
1 9 5
1 5 1 7
0 10 3 6
0 11 2
1 1 18 0 1 2 11 21 26
1 3 19 10 17 20 25
1 4 5 8 13
1 2 4 6
1 0 9 3 7 12 14 15
1 5 16
0 6 9
0 7 10 22 23 24
1 9 2
1 0 4
1 19 1
1 6 3
1 14 6
1 20 1
1 5 3
1 7 0
1 8 0
1 17 5
1 16 5
1 1 4
1 2 4
1 18 5
1 3 4
1 4 4
1 21 1
1 11 2
1 10 2
1 12 2
1 13 6
1 15 5
0 22 1
0 23 7
0 24 1 8
0 25 2
0 26 3
1 2 6
1 6 1 7
1 3 0
1 1 5
1 0 3
1 5 0 4
1 4 2
0 7 5
0 8 0 8
1 3 5
1 5 3 0
1 4 3 4
1 0 1 6
1 6 2
1 1 3
1 2 3 7
0 7 1
0 8 0
1 5 23 17 19
1 0 8 0 10 15 22
1 4 4 3 12 13 18
1 1 2 6 7
1 3 5 16 20 26 28
1 2 9 1 11 14 21
0 6 27
0 7 10 24 25
1 0 14
1 16 16
1 9 7 19
1 14 11
1 11 5
1 13 11
1 15 13 22
1 4 12 21
1 3 12
1 12 6
1 2 7
1 20 9
1 10 18
1 19 13 1
1 6 5 17
1 1 14
1 22 10 23
1 5 12
1 18 4
1 23 3 15
1 8 20
1 7 8
1 17 4
1 21 9 0 2
0 24 1
0 25 12
0 26 13
0 27 19 24
0 28 7 25
1 19 4 15 16 17
1 17 0
1 11 6 1 19 22
1 18 12
1 14 4
1 7 18 9
1 9 7
1 2 5
1 4 20 25 26
1 15 4
1 16 10
1 10 13 14
1 3 5
1 12 13
1 1 5
1 20 12 2 23
1 13 4
1 0 20 11
1 6 6
1 8 8 21
1 5 7 3 24
0 21 15
0 22 8
0 23 20
0 24 2
0 25 2
1 15 12
1 18 14 17
1 20 7
1 1 21
1 13 3 19
1 2 6 18 26
1 6 10
1 8 2
1 4 9
1 9 23 11
1 14 8 15
1 0 21 28
1 17 8 22
1 12 23 1 4 24
1 7 0
1 16 13
1 19 8
1 21 5 16
1 5 10
1 10 2
1 3 9
1 11 20 27
0 22 20
0 23 16
0 24 18
0 25 23
0 26 17 25
1 6 11 17
1 11 7 2
1 7 5 18
1 8 13
1 12 16
1 23 0
1 2 12
1 20 10 19
1 18 3
1 4 15
1 5 11 1 4
1 1 12
1 14 7
1 16 7
1 21 8
1 10 6 14
1 22 10 9
1 15 7
1 3 15 20
1 19 10
1 9 13
1 0 12
1 17 6
1 13 7
0 24 2
0 25 3
0 26 9
0 27 0
0 28 2
1 16
1 2
1 8
1 12
1 3
1 6
1 11
1 10
1 14
1 15
1 13
1 5
1 0
1 7
1 4
1 1
1 9
0 17
0 18
0 19
0 20

