20
33 16 22 31 17 33 23 17 22 32 31 34 36 14 26 10 20 21 33 18 
1 20 10 5 3 7
1 18 11 6 4 10 1
1 7 1 8 9 2 0 6
1 17 11 5 7 6 3 4 8 0
1 6 1 2 9 8
1 9 1 9 5 12 4 2 7 3
1 13 9 1 8 2 7
1 3 12 8 1 9 4 3
1 10 12 4 2 6 0 10
1 1 0 10
1 26 6
1 15 11 3 2 0 4
1 4 1 5 9 7 4 13
1 12 9 1 6 3
1 21 9 3 2 11
1 11 10 5 0 7
1 24 7 6 5
1 22 9 8 5 13
1 5 5 3 0 10 4 1
1 0 1 10 9 4 7 0
1 16 9 12 2 11 5 7
1 23 9 6 3 8 2 1
1 14 9 2 3 12 10 13
1 8 9 8 12 4 11 7 1
1 25 11 6 8
1 19 8 4 5 3 15
1 2 7 1 4 9 3 13
0 27 4 14
0 28 7
0 29 6 2
0 30 9 13
0 31 10 4
0 32 10
1 1 7 0 13 11 12 17 10 5 3 14 2 1
1 0 12 3 15 4 5 6
1 10 8 1 3 13 17
1 7 15 3 0 13 8 7 20
1 2 4 16 1 17 10 5 9 0 8 2
1 11 14 11 12 7 9 15 16 5 0 21
1 12 2 1 12 15 17 13 14 0 8 16 19 21
1 5 2 9 1 0 11 7 8 16
1 9 10 0 1 14 12 8 18
1 4 6 17 9 5 15 10 13 1 18 19
1 6 15 1 13 6 8 12 7 4 3 5
1 8 5 4 6 13 11 14 7 0 15 2 8 21 19 9
1 3 8 2 7 1 10 5 3 9 12 13 4 16 20
0 13 7
0 14 4 11 3
0 15 15 19
1 2 23 13 4 8 17 21 6 19 9 22 29
1 11 5 11 13 10 19 14 9 1
1 7 6 14 17 1 3 2 25 28
1 1 4 9
1 9 16 22 24 28
1 0 9 0 19 27
1 5 16 9
1 4 24 18 1 6 16 9
1 12 12 22 18 13 1
1 8 20 1 21 7 19 5 8 22 18 0
1 3 4 23 20 10 19 5
1 13 8 1 11 12 23
1 10 3 15 21 0 11 9 5 30
1 16 4 18 16 2 7 21 15 24
1 17 22 2 7 18 11 4
1 15 3 10 2 11 1 9 25
1 14 16 11 12 24 23 17 25
1 6 8 19 16 14 20 9 10
0 18 2
0 19 26 19
0 20 22 2 9
0 21 9
1 3 5 7 9 6 2 10 8
1 11 8 9 6 13 11 4
1 21 2 6 3 1
1 15 8 12 4 2
1 12 3 4 6 10 8 11
1 10 9 2 11 10 6
1 2 11 10 9 1 8 12
1 17 12 2 9 11 6
1 14 9 4 2 1 11 3 16 10
1 0 8
1 22 6 3 7 0 4
1 24 9 12 3
1 23 0 9 2 6
1 13 8 9 6 5 0
1 8 6 10 3 13 0 8 11 9
1 18 12 1 0 2
1 20 13 0 12 3
1 5 7 1 9 2 4
1 19 6 2 12 8 14
1 7 9 7 1 8 3 0
1 1 12 7 8 10 16
1 16 3 6 12 2 13 8 16
1 9 3 0 10 7 6 4 8 1
1 4 5 7 4
1 6 7 1 0 6 8
0 25 3
0 26 15
0 27 4 3
0 28 15 2
0 29 3 10
0 30 10 2 3
1 9 14 23 8 21 20 15 1 7
1 4 2 0 24 26 9 21 12 18 8 5 1 16
1 6 3 22 19 9 7 1 5 24 28
1 11 13 17 4 16 10 0 24 19 6 12 3 31
1 10 13 25 18 6 16 19 12 14 10 22 4 26 27 20
1 5 8 10 9 1 3 6
1 13 10 7 17 2 1 16 11 21 14 20 8 30 29
1 1 11 22 8 15 29 21 26 3
1 3 9 1 6 22 25 26 7 5 16 14 15 24 20
1 8 18 19 9 20 17 14 5 4 15
1 0 5 4 21 15 20 11
1 7 20 25 10 8 14 4 16 26 19 13 12 5 0 21
1 12 12 16 22 23 24 17 0 4 32
1 2 15 26 23 9 10 21 17 12
0 14 12 25 2
0 15 21 25 32 28
0 16 1 4 6
1 11 2 8 4 0 11 15
1 18 3 15 4 2 7
1 12 8 17 3 12 15
1 3 16 4 9 18
1 7 13 8 4 3
1 5 10 1 17 18 9 7
1 8 7 14 17 15 16 13 10 3 19
1 22 5 0 2 11 3
1 16 8 11 6 18 2 16
1 6 14 6 17 15 9 3 19
1 25 7 5 18 3
1 0 9 18 0
1 20 16 7 9 14 20
1 17 18 14 5 0
1 26 5 18 12 3 1 16 19
1 1 11 10 4
1 21 1 0 2
1 24 14 18 5 9 8
1 10 8 4 12 18 6 1
1 19 3 14 10 7 11 5 12
1 9 11 0 12 9 8 3 1 16
1 14 1 9 17 14
1 23 8 6 5 2 13
1 15 11 4 12 7 2
1 13 18 2 5 10 7 3
1 4 3 9 17 4 14 8
1 2 18 4 17 22
0 27 4 21
0 28 5 14
0 29 2
0 30 4 3 21
0 31 10 21
0 32 20
1 1 6 10 8 7 3 13 2 11
1 17 3 8 11 13 9 0
1 14 5 0 1 3 6 10 7
1 9 10 9 4 5 13 12
1 5 7 8 1 6 9 2 10 3
1 18 2 3 0 1 7 11 15
1 4 7 9 3 6
1 13 3 10 7 4 13
1 16 7 8 0 9
1 2 1 9 8 2 3 7
1 0 4 13 2 11 6 15 8
1 10 3 2 0
1 8 11 9 4 8 1 5
1 3 12 7 2 11 0 6 4
1 15 3 2 7 0 9 10 16
1 11 13 8 9 2 7 11 5 1
1 12 11 0 8 13 6 5
1 6 1 5 3 6 10 2 11 8 7 13
1 7 13 2 8 10 5 12 11
0 19 14 9
0 20 8
0 21 2 16
0 22 11 15 16 2 14
1 12 5 1 17 16 12 8 7 19
1 11 7 9 12 10 1 3 4 19 21
1 2 16 4 9 5 15 10 0 1 3
1 5 15 2 6 8 14 5 4 3 20
1 0 15 1 11 13 5 4 10 9 21 0
1 4 5 15 7 6 17 3 2 12
1 1 17 1 16 9 5 7 11 4 15
1 10 13 0 9 16 2 12 11 10 7
1 3 13 11 8 14 6 5 12 16 9
1 7 0 13 12 7 15 4 16 9 10 3 19
1 8 7 11 9 15 1 14 4 13 12 0 16 21 19 3
1 9 3 9 10 4 17 14 5 2 6
1 6 10 7 16 4 13 9
1 13 0 12 17 7 4 3 14 8 9 11 16
0 14 10 9 16
0 15 18 1
0 16 10 20
1 13 5 16 15 4 7 3 8 1 0
1 9 4 18 7 25 13 20 16
1 16 15 18 9 19 30 21
1 7 5 24 15 13 18 11 22 4
1 6 3 20 6 10 4 1 25
1 1 25 22 15 18 1 14 21 11 30
1 2 0 18 15 23 5 12 1
1 15 20 16 19 15 6 0 12 4
1 10 1 9 14 24 8 19 28
1 4 10 13 17 3 7 9 21 23 1 2
1 12 2 12 18 13 11 16 31 1
1 5 18 11 2 14 19 0
1 14 5 12 20 1 8 18 16
1 3 23 11 5 4 24 22 9 13 2 16
1 17 8 6 5 10 16 12
1 0 20 19 17 4 10 2 1 12 11
1 8 19 7 21 24 14 17 3 5
1 11 8 3 10 24 7 13 23 5 20
0 18 29 9
0 19 14 26 31 6 28
0 20 27 24 3 22
0 21 0 12
1 4 2 23 19 16
1 0 23
1 14 9 2 14 16 21 11 26
1 19 15 11 5 16 14
1 9 12 4
1 11 6 24 17 14
1 23 16 4 22 5 10
1 24 3 7 9 5 10
1 25 18 5
1 21 10 22 6
1 6 11 1 6 8 0
1 13 24 9 1
1 20 8 3 5
1 2 20 0 24 30
1 5 24 11 15 14
1 18 15 13 9 14 19 22
1 22 12 22 7 13 29 10
1 1 3 13 23 11 25
1 16 0 13 11 14 16 7
1 12 12 14 16 3 2 1 23 17 20
1 10 6 21 28 20 13
1 15 19 5 24 16 30
1 7 24 20 9 25 27
1 3 11 12 16 23 4 24 25 0
1 17 0 17 5 14 3
1 8 0 7 23 19 4 20 17
0 26 4 29
0 27 21
0 28 22
0 29 20
0 30 17 29
0 31 24 11
1 8 19 20 0 25 14 26 22 33
1 13 14 3 19 11 32
1 0 22 23 10 12 30
1 9 2 10 27 8 23 31
1 4 14 12 18 7 21 24 11 2
1 18 17 9 0 12
1 7 15 24 22 8 9
1 24 13
1 17 11 10 2 20 8
1 19 5 20 7 11 2 9 3
1 22 17 27 26 9 28
1 1 21 0 3 8 16 2 12 18
1 15 16 26 21 3 5 27 15 12
1 5 21 13 22 17 29 18
1 20 24 23 22 20 1 18
1 11 14 19 26 17 22
1 21 9 25 11 8
1 12 24 6 12 14 16 2
1 23 15 23 17 8 9 20 1 11
1 10 15 27 23 17 12
1 6 11 7 18 13 0 10
1 14 1 27 20 21 2 3
1 16 4 25 16 23 20 0 1 19
1 2 21 20 6 22 8
1 3 2 22 0 16 13 10
0 25 19 29
0 26 4 20
0 27 23
0 28 10
0 29 4
0 30 27
1 4 26 28 4 5 21 20
1 25 27 29 28 20 22 7
1 6 5 9 15 27 17
1 3 16 12 20
1 17 18 4 17 21 28 27 7
1 27 6 2
1 7 24 16 3 5 19 9 1
1 1 8 1 15 9 21 35
1 14 6 20 23 7 4 3 1 27 31 9
1 24 0 17
1 10 8 19 16 5 10 2
1 21 10 5 27 11
1 2 20 2 14 12
1 20 24 17 26
1 15 3 5 17 18 16 2
1 9 13 22 12 26 25 14 2 29 9 3
1 22 23 24 25 8
1 19 5 22 7 29
1 11 7 27 28 5 24 13
1 16 9 29 11 0
1 26 0 28 6
1 5 25 12 2 13 5
1 0 20 13 1 17
1 13 24 15 4 3 2
1 23 9 18 24 0 15
1 8 21 12 27 10 11 9 29 2
1 12 16 11 2 3 32
1 18 3 14 2 15 22 19
0 28 10 33
0 29 4 33
0 30 10 22
0 31 33 30
0 32 12 9
0 33 34 11
1 28 0 5 1 13
1 8 6 0 1
1 25 6 7 10 5 8 13 2
1 15 4 3 9 5 11
1 11 9 0 8 2 6
1 1 6 7 3 9
1 26 5 3 10 1 0
1 12 1 9
1 3 8 6 2 7 3
1 6 10 2
1 22 1 8 7 9 10 3
1 0 7 6
1 4 6 9 0
1 5 4 1 3 7 6 0
1 2 7 6 1 13
1 13 5 0 2 9
1 20 5 3 10 0
1 9 9 3 0 7 5 6
1 24 1 2 5 0 7 10 8 12
1 18 0 9 4 8 2 10
1 7 3 7 8 9 0 2 11
1 10 6 3 1 8 9 10
1 23 2 1 8 5 7
1 16 5 3 1
1 21 9 6 5 10 8 7
1 17 5 4 6
1 19 10 6 8 3 4 0
1 27 8 4 9
1 14 2 0 7 8 4
1 29 4 10
0 30 9
0 31 8 7
0 32 3 0
0 33 6
0 34 11
0 35 10
1 7 17 1 2 19 0 8 20 5 4 12 3 18 21
1 5 4 6 20 14 1 0 5 2 3
1 0 8 5 9 3 11 17 13 16 14
1 2 11 10 3 8 5 12 20 16 18 24 17 7
1 6 3 10 9 11 19 15 1 14 20 17 23
1 9 9 3 11 13 10 12 2 17 15 5 18 19
1 1 16 15 5 19 13 2 11 7 10 14 0 9 8
1 3 18 7 13 14 19 11 16 10 2 15 0 17 6 3 1 8
1 10 20 12 18 7 14 4
1 4 3 0 12 19 18 10 8 21
1 8 18 10 3 20 16 12 17 14 15 6 23
0 11 13 10
0 12 22 10 4 3
0 13 15 25 13 4
1 2 0 2 5 1
1 6 4 2 0 5 3 1 7
1 14 0 2 5 4
1 13 7 3 6 2 4 1
1 20 0 4 6 5 3 7
1 3 0 1 7 4 5 2
1 19 4 0 2
1 7 7 6 0 5 2 3 1 9
1 4 1 5 4 2 3 7
1 15 7 6 2 3 1
1 8 7 2 0 1 6 4 5
1 10 2 4 0 7 5 3
1 11 2 4 6 7 5 3 1 8 9
1 9 1 6 7 5 4 2 0 8
1 0 5 7 2
1 17 4 7 2 0 6
1 1 3 5 2 1 7 0
1 5 2 0 5 7 6 1 9
1 18 0 7 4 6 3 2 5
1 12 2 3 7 6 1 4 5 0
1 16 1 6 3 7 4
0 21 4 7 6 2
0 22 6 9
0 23 2
0 24 3 6
0 25 2
1 4 3 4 14 8 9 12 10 6 15 11 5 0 7 13 1 19 18
1 1 2 3 12 11 8 5 0 13 7 9 10 14 1 15 17
1 3 11 10 13 14 8 5 9 15 1 4 12 0 3 6 7
1 5 1 15 0 10 4 9 11 2 7 12 14 6 16
1 6 12 9 14 8 15 7 5 6 13 10 2 16 11 1 3
1 2 6 9 3 7 4 15 14 5 2 0 8 12 1 11 13 10
1 7 0 8 5 12 1 4 7 15 6 13 9 14 18 2 16
1 0 7 5 3 4 10 6 2 0 1 11 9 13 17
0 8 6 1
0 9 15 17 14 10 12 4
1 8 14 10 16 15 6
1 3 6 2 11 0 5 4 15 10 17
1 7 9 3 11 8 15 6 13 20 5
1 6 16 8 2 0 13 5 12 15 3 4
1 15 1 0 15 12 14 7 6 2 13 17
1 4 13 10 11 16 4 9 8
1 10 9 14 15 6 3 8 5
1 9 1 3 4 11 13 2
1 14 14 5 3 4 10 9
1 1 16 12 7 11 0 5 8 6
1 0 5 8 2 15 9 7 19 13
1 2 4 7 16 8 12 2 11 6 14 15
1 12 1 12 10 4 6 11 5
1 5 6 12 0 16 5 11 15 9
1 11 15 0 3 10 14 12 5 13 8 4
1 13 13 10 8 6 2 14 9 18
0 16 11
0 17 11 4
0 18 4 18 9
0 19 0 7
1 6 22 23 25 19 5 6 7
1 16 7 5 25 23 1 18 16 13 8 9 31
1 7 8 3 24 13 26 22 23
1 10 12 21 5 18 3 0 22
1 4 21 2 13 23 5 22 15 28 29
1 8 1 5 16 13
1 11 14 18 13 7 20 24 2 3
1 3 20 26 24 10 3 14 25
1 0 4 11 10 7 20 14
1 12 7 23 17 24 26 14 32
1 9 21 9 15 16 24 19 17 18 0
1 1 20 6 10 26 13 0 15 8 2 21 32 25
1 15 0 8 1 13 20 12 14 7 30 10 18
1 13 20 14 6 7 15 18 12
1 14 17 15 1 20 28 6
1 5 19 11 0 13 25 14
1 2 19 12 9 23 6
0 17 16 30 32
0 18 16 27
0 19 14 21
0 20 20 4
1 22 14 13 7 3
1 19 4 5 13 7 3
1 6 13 7 8 3 9
1 14 10 8 6 5 0 3
1 4 1 10 9 15
1 8 1 9 13 4 12 5 8 0
1 5 4 8 1 5 11 13 17 10
1 25 14 4 6
1 12 14 0 1
1 21 10 5 14 6 12
1 2 0 5 9 2 7 11
1 0 7 1 8
1 11 7 10 6 1
1 10 7 2 6 0
1 20 13 10 7
1 13 3 1 2 6 10 0 17 8
1 17 7 8 10 3 6 0 4 14 9 2 15
1 18 14 2 7
1 24 10 13 3
1 1 11 12 9 10 1
1 16 3 7 0 6 11 4 13 14
1 3 6 1 9 2
1 26 10 14
1 15 5 3 2 6 0 4 12 16
1 9 10 12 5 7 9 0 16 15 6
1 23 5 14 13 2 4
1 7 2 12 6 1 3 0
0 27 4
0 28 0
0 29 7 2
0 30 7 9
0 31 3
0 32 10
1 8
1 1
1 5
1 9
1 13
1 7
1 11
1 6
1 2
1 3
1 12
1 0
1 4
1 10
1 14
0 15
0 16
0 17

