6
31 47 34 31 10 36 
1 0 14
1 4 18
1 5 1 7 15 33
1 1 8 29
1 3 8 25
1 2 8 35 42 43
1 6 1 6 9
1 15 11 5
1 10 18 10 26 39
1 16 19
1 9 16 0
1 12 21 4 22 27
1 8 8 3 12 40 46
1 18 13
1 7 8 28
1 17 2
1 13 24
1 11 17 20 31 38
1 14 23
0 19 22
0 20 34
0 21 45
0 22 41 36
0 23 19 30
0 24 0
0 25 19
0 26 37 44
0 27 17
0 28 15
0 29 10 32
0 30 41
1 4 15 11 25
1 2 15
1 24 9
1 15 19
1 6 8 28
1 16 19
1 9 14 12
1 10 20
1 1 15
1 14 2 6
1 5 8
1 28 18
1 13 2
1 26 16 22
1 0 1
1 12 14
1 17 16 13 27
1 8 17
1 7 17
1 23 9
1 22 9
1 27 0
1 20 19 3
1 21 14 4
1 19 10
1 3 8
1 25 7
1 11 20
1 18 5
0 29 0
0 30 5
0 31 23
0 32 7
0 33 24 29
0 34 31
0 35 11
0 36 6
0 37 33
0 38 10
0 39 32
0 40 21
0 41 10
0 42 19
0 43 8 26
0 44 8
0 45 15
0 46 30
1 18 5
1 0 8
1 9 7
1 17 1 29
1 19 5
1 12 4
1 11 12
1 15 6
1 2 17
1 14 2
1 13 4
1 3 15
1 4 18 13
1 6 0
1 8 14 21 23 25
1 1 11
1 16 6
1 5 3 16
1 20 5
1 10 10
1 7 9
0 21 2 30
0 22 1 22 24
0 23 4
0 24 19
0 25 6
0 26 15
0 27 28
0 28 26
0 29 26
0 30 20
0 31 12
0 32 27
0 33 1
1 8 1
1 17 5
1 15 4
1 4 3
1 14 4
1 18 5
1 16 5
1 11 0
1 0 3
1 9 2
1 12 0
1 1 3 9
1 13 4
1 5 1
1 10 2
1 3 3
1 7 1
1 2 3
1 6 1
0 19 1
0 20 7
0 21 3
0 22 5
0 23 7
0 24 4
0 25 8
0 26 7
0 27 7
0 28 6
0 29 2
0 30 7
1 3 14 1 11 17
1 1 4 3 9 19 24 34
1 2 0 2 12
1 0 21 10 18 27 35
1 4 8 13 15 16 29
1 5 20 5 6 7 26 32
0 6 28 30 33
0 7 0 25
0 8 14 22
0 9 4 23 31
1 7
1 10
1 8
1 3
1 4
1 18
1 19
1 20
1 14
1 5
1 0
1 11
1 9
1 15
1 12
1 16
1 17
1 13
1 1
1 6
1 21
1 2
0 22
0 23
0 24
0 25
0 26
0 27
0 28
0 29
0 30
0 31
0 32
0 33
0 34
0 35

