13
32 6 20 35 6 20 35 14 20 8 32 20 10 
1 0 3 1
1 5 3 2 1 4
1 1 4 3 1
1 13 1 2
1 19 1 0 3
1 9 4 3 1 0
1 7 3 0 1 2
1 4 1 2 3
1 25 4 0
1 2 1 4 3
1 14 2 0 3 1 4
1 3 1 0
1 20 4 1 2 0 5
1 15 1 2
1 24 2 1 0
1 10 3 4 0 1
1 16 3 0
1 21 2 4 5
1 22 2 4
1 6 4 1
1 11 3 0 1 4
1 18 3 2 0
1 17 3 1 0 2
1 23 1 0 4
1 8 4 2 3 5
1 12 0 3 1 4 2
0 26 5
0 27 3
0 28 4
0 29 1
0 30 2
0 31 2 4
1 4 0 12 11 9 3 5 8 15 7 2 1 14 18 13 16 17
1 1 9 2 11 1 15 3 10 5 0 7 6 14 4 13 19
1 3 8 1 4 10 12 0 2 7 9 15 11 13 3 6 5
1 0 15 3 5 9 6 1 2 7 14 0 10 16 17
1 2 14 6 7 13 10 15 2 9 3 5 12 1
0 5 19 12 13 8 18
1 7 6 27 0 1 10 7 28 32
1 10 20 28
1 14 9 21 12 25 33 6
1 12 12 10 28 9 21 34
1 1 16 18 4 19 8
1 11 19 3 14 23 13 15
1 0 4 11 28
1 8 11 22 2 0
1 6 21 13 16 19 30
1 4 25 0 2 22 17 16 24 18 29
1 5 7 8 17 15 1 24
1 15 5 6 3 16
1 9 7 25 6 15 26 3 27
1 13 21 1 24 25 5
1 2 15 10 8 14 27 17 25 7
1 3 15 26 14 19 1 0 25
0 16 12 16
0 17 12 31
0 18 32
0 19 5
1 2 3 4
1 25 1 0 3 2
1 7 1 4 3 2
1 28 2
1 1 3 4 0
1 20 1 2 4 0 3
1 19 4 2
1 22 3 2 0
1 0 4
1 17 1 3 5 4
1 16 4 2 5
1 11 1 4 0
1 18 2 4 0
1 10 4 3 0 1
1 21 0 3 2
1 6 3 4 1 2 0
1 13 4 1 0 3
1 14 3 1
1 15 3 1
1 5 3
1 27 3 2
1 24 4 1 2
1 26 0 1
1 23 3 2 0
1 3 0 3 4
1 12 3 2 4
1 9 4 1 3 2
1 8 3 4 1
1 4 0 4
0 29 2
0 30 5
0 31 1
0 32 5
0 33 3
0 34 1
1 2 15 2 3 13 11 7 9 14 5 12 6 10 16 17
1 3 8 0 9 14 6 10 11 1 3 13 4 5 12 2 15 19
1 4 6 7 15 13 12 2 3 5 14 4 0 18
1 1 13 5 10 12 11 9 4 2 15 1 7 8 6 18
1 0 4 1 11 6 10 8 5 9 7 13 18 15 16
0 5 9 18 0 5
1 11 26 0 3 33
1 6 11 20 14 8 30
1 4 21 25 3
1 13 19 12 26 10 23 6 29
1 7 8 5 24 25 6 10 2 17 0
1 5 27 20 11 25 18
1 3 16 12
1 8 4 14 19 0
1 12 13 4 28 14 9
1 0 6 22 17 16 4 23
1 9 28 17
1 2 1 23 11 2 22 32
1 10 13 14 25 24 11
1 1 9 7 16 27
1 14 26 2 18 9 21 28
1 15 15 3 10 28
0 16 31
0 17 19 12
0 18 34
0 19 0
1 8 0
1 4 9 10 0
1 22 2
1 17 6 7
1 7 6 9
1 28 4 1
1 5 8 5 0 2
1 16 1 8 5 11
1 10 3 10 0
1 11 3 10 1
1 14 9 5 7 10
1 1 6
1 18 7 10 3 5
1 20 1 4 10 7 8
1 19 1 10
1 21 2
1 0 9 8 10
1 6 0
1 24 3 1 5
1 27 7
1 25 4 2
1 9 10 0 3
1 3 6 0
1 15 5 9 2 1
1 13 3 6
1 12 3 6
1 23 3 9
1 2 6
1 26 4 3
0 29 7
0 30 8
0 31 12
0 32 10
0 33 13
0 34 6
1 3 4 10 5 8
1 10 10 14 12 15 13 1 19 6
1 6 7 6 4 1 14 3 17 2
1 7 2 15 13 9 4 5
1 9 2 11 14 15 13
1 5 8 4 1 15 10 12 13
1 2 2 3 0 12 11
1 8 15 1 5 2 14 9 0
1 0 2 9 12 11
1 4 13 3 6 11 1
1 1 10 0 7 14 3 2 16 13
0 11 0
0 12 18
0 13 0
1 7 4 1 5 0
1 15 5 4
1 2 1 3 2 0
1 5 5 3 0 2 1
1 11 5 4 0
1 13 3 5
1 3 0 4 3 1 2
1 8 4 1 5
1 0 2 6 3
1 1 0 1 2
1 4 0 4 1 3 2
1 12 5 3 4
1 6 3 1 2 5 4
1 10 5 0 4 6
1 9 3 5 2 0 4
1 14 3 5 4
0 16 2 6 5
0 17 4
0 18 7
0 19 1 0
1 2 21 4 10 16 19 9 20 17 22 23 30
1 0 13 11 12 18 17 0 3 6 2 9 7
1 1 17 1 14 0 20 19 8 6 13 3 26 7
1 3 24 0 2 5 9 14 23 11 13 10 27 29 15
1 4 20 6 15 25 23 17 0 14 18 11 16 5 9 8
1 5 3 7 8 22 14 21 15 12 10 1 17 9 28 27
0 6 24
0 7 22 31
1 2 7 1 11
1 24 13 9
1 3 8 4
1 9 11 7 13 1
1 0 11
1 18 13 11 12
1 1 7
1 21 10 2
1 12 3 11 14
1 23 9
1 11 14 15 7 8
1 17 15 10 19
1 6 12 6
1 8 5 4
1 22 14 12
1 13 8 3 5 4 9
1 10 4 1
1 4 6 11 3 16
1 25 14 17
1 5 11 0 5
1 14 5 4 3
1 20 12 0 2
1 7 1
1 19 1 9
1 16 12 0 15
1 15 5 3 7 9 2
0 26 18
0 27 7
0 28 9
0 29 10 3
0 30 10
0 31 13
1 9 1 3 0 4 7 6 5
1 5 4 7 1 5 2
1 8 3 5 2 0
1 12 5 2 6 1 3 0
1 7 2 6 1 7 4
1 4 4 2 0 9
1 0 5 7 0 3
1 3 4 2 1 3 0
1 1 7 2 4 5 1
1 13 4 0 6 1
1 11 0 4 6 8 1
1 2 2 3 0 1 4
1 10 1 2 4 7
1 14 5 2 6 0
1 15 1 0 6 7
1 6 7 6 2
0 16 5 1
0 17 1
0 18 3
0 19 9
1 4
1 5
1 3
1 1
1 2
1 6
1 7
1 0
0 8
0 9

