13
44 21 29 40 23 44 31 23 29 42 40 45 48 
1 1 6 9 8 12 13
1 4 3 8
1 14 3 2
1 12 11 3 8 9
1 6 12
1 2 9 6 4 10 15
1 13 10
1 9 10 8 2 1 6 16
1 20 11 12 0 3 1
1 24 1 2 14 0 20
1 22 11 1 4
1 10 1 8 0
1 5 1 6 4 12 13
1 3 9 6
1 7 12
1 18 12 9 1 7
1 25 0
1 8 6 1 15
1 26 11 3
1 23 1 7 10 8 11 16
1 16 9 4 7 5 3
1 0 9 6
1 11 10 5 4
1 19 7 3 6 1 12 11 17
1 17 9 7 4 5
1 15 5 9
1 21 1 10 20
0 27 19 20
0 28 18 4
0 29 2
0 30 19 9 3
0 31 4 17
0 32 10 6 12
0 33 4 5 2
0 34 14 6 5
0 35 10
0 36 14
0 37 7
0 38 9
0 39 9
0 40 19 11
0 41 8 20
0 42 1 15
0 43 12
1 8 2 6 10 16 15 0
1 9 3 4 0 15 8
1 7 1 6 9 26 24
1 5 17 16 9 14 1 28 11 8
1 2 3 14 16 9 11 19
1 10 4 0 9 17 5
1 0 3 11 1 14 20 26 28
1 11 7 9 13 12 4 10 15 16
1 1 12 5 6 14 2 9 21 22 27
1 3 8 9 1 11 2 4 14
1 6 15 5 4 9 0 6 13 2 7
1 12 4 0 9 23
1 4 14 13 11 7 16 0 5 22
0 13 3 8 17
0 14 21 26 2
0 15 25 27
0 16 8 19 11
0 17 22
0 18 3 24
0 19 21 20 5
0 20 13 18 8 5
1 17 23 0 22 3
1 9 20 2 15 0 22 17
1 0 13 15 18 4 25 27 16 9
1 3 6 8 10 0 24 21 31
1 10 22 24 5 27
1 1 10 2 15 19 17
1 8 1 3 19 10 13 23 26 30
1 6 23 21 13 24 7 3 39 19
1 15 5 22 33 9 34
1 12 6 7 11 17 23 4 9 37 10
1 16 4 7 2 23 13
1 4 16 14 10 0 12 19
1 14 9 23 1 20 18 16
1 11 16 6 9 18 22 27
1 2 24 18 19 12 13 1 2
1 7 12 21 3 16
1 13 20 2 5 9 12
1 5 4 1 10 15 17 35
0 18 4 37
0 19 1 22
0 20 24 34
0 21 21 28 33
0 22 12 29 36
0 23 14 32
0 24 23
0 25 38 24 39
0 26 17 1 20
0 27 12 26 1
0 28 37
1 18 0 13 7 4 9 10
1 24 13 2
1 20 1 10 18 16
1 23 5 13 4 12
1 14 7 8 2 0 13
1 16 5 14 13 9
1 13 5 6 13 15
1 22 5 4
1 10 8 0
1 21 2 10 0 3
1 2 8 6 9 12 3
1 12 3 11 7 13 2
1 15 9 13 8
1 1 11 1 9 6 12
1 4 12 17
1 0 9 6 12
1 8 8 7 9 2 1 6
1 9 6 7 0 1 16
1 11 9 10 0 8 4
1 7 0 6 4 14
1 6 8
1 3 6 9 7 10
1 19 12 10 4 5 17
1 17 13 12
1 5 7 11 5 16
0 25 15
0 26 12
0 27 19 20 9 15
0 28 19
0 29 7
0 30 0 17
0 31 10
0 32 8 18 4
0 33 12 4
0 34 6
0 35 2 22
0 36 21
0 37 3 10
0 38 9
0 39 3
1 8 25 5 10 3 13 4 6 17
1 6 9 12 17 23 20 21 18 1 19 24 0 3 13 27 30
1 10 20 1 7 15 0 2 26 11 19 42 36
1 9 3 17 13
1 13 11 4 25 19 10 0
1 7 14 3 23 1 2 8 22 12
1 1 8 22 24 13 10 16 23 25
1 5 0 26 23 13 38 42 30
1 4 14 18 21 1 24 23 3 0 22 2 40
1 2 2 26 21 19 12 16 15 9 13 35 14
1 11 3 19 25 22 11 16
1 0 13 19 9 31 20 26
1 3 13 16 23 0 7 21 20 11 36
1 12 8 6 22 25 3 21 43 31 12
0 14 12
0 15 19 32 42 0
0 16 40 32
0 17 10 28 12
0 18 0 37 28 25
0 19 16 39
0 20 41 33 34 35 25
0 21 41 24 25
0 22 5 29 36 9 41 25
1 5 7 0 17
1 23 5 16 4 7 14 21
1 2 13 3 6
1 20 10 0
1 18 7
1 11 6 10 27
1 19 14 17 18
1 22 14 0
1 21 9 22
1 3 2 15
1 9 3 15
1 13 8
1 8 16 0 11
1 0 13 15 2 19 11
1 10 10 15 0 7
1 17 7 25
1 7 5 0 15
1 24 8 1
1 15 14 15 3 16 30 17
1 16 7 0 10 1 17 27 28
1 12 9 13 3 5
1 6 16 0 5 6
1 4 18 2 11 0
1 14 5 4 12 2 15 18
1 1 11 15 0
1 25 1 7 6
1 26 14 1 4 21 30
0 27 5 24
0 28 29
0 29 14
0 30 7
0 31 28 16
0 32 11
0 33 15
0 34 9 29
0 35 20
0 36 26
0 37 17 9
0 38 18 22 7
0 39 29 7 11 20
0 40 4
0 41 23 14
0 42 17
0 43 28
1 5 10 6 0
1 15 12 1 11 20
1 8 12 9 7 4 2 0 11
1 13 1 5 10 6
1 14 11 1
1 12 1 9 5 10 16
1 1 6 4 13 3 1 5 20
1 10 3 7 13
1 9 5 13 0 2 12 9
1 11 10 9 2 5 1 0
1 16 7 2
1 6 2 10 3 8 0
1 18 7 5 10 9
1 0 3 8
1 17 7 12 13
1 2 1 9 4 8
1 7 4 10 7 3
1 3 3 12 0 2
1 4 11 0 6 2 20
0 19 5 2
0 20 15 12 10 0
0 21 14
0 22 6 22
0 23 22
0 24 11 20 9
0 25 17
0 26 19
0 27 18 17
0 28 7 3
0 29 21 5 1
0 30 4 18 10
1 1 3 10 24
1 10 11 6 12
1 7 0 6 3 2 17 11 5 28
1 2 13 0 6 2
1 0 9 8 14 3 7 6 23 17 4
1 9 10 4 17 15 9 14 7
1 4 2 16 14 3 9 19
1 13 5 12 4 11 0 7 19
1 5 7 6 12 0 18 26
1 3 16 3 11 26
1 12 15 1 0 8 24
1 8 15 17 14 7 5 16 3 24 22
1 11 5 15 16 1 0 9 19 20
1 6 17 1 7 10 13 8 4 24
0 14 25 26
0 15 0 28
0 16 18
0 17 11 26
0 18 21 12
0 19 1 13 20
0 20 6 22 14
0 21 20
0 22 16 27
1 5 19 9 23 16
1 10 22 24 23 30
1 11 8 23 6 13 9 10 18 31 11
1 4 5 0 33
1 14 20 6 22 5 27 12
1 16 21 6 13 0 9 24 25 7
1 2 5 9 24 38 31
1 8 4 13 24 22 16 12 5 26 34 37
1 1 15 20 9 2 5
1 9 5 11 25 3 13 8 23
1 6 3 9 25 6 1 8 16 15
1 17 25 14 21 2
1 15 0 12 17 9 34 4
1 3 20 11 6 16 38
1 0 1 23 12 11
1 13 10 2 13 17
1 7 2 7 16 24 19 3 18 11
1 12 18 10 11 2 14 7 29 39
0 18 28 36 25 33
0 19 40 35 36 7 6
0 20 39
0 21 6 33 5
0 22 37 41
0 23 17 32 16
0 24 13 16
0 25 2 4 28 12
0 26 21 35 41
0 27 17
0 28 8
1 17 4 23 5 20 3 10 6 32 24
1 2 5
1 1 16 9 13 15
1 7 1 4 24 0
1 11 15 14
1 3 13 17 4 8 3
1 24 1
1 23 19 1 12
1 4 22 11 3
1 15 2 24 18 13 10 23 6 37
1 16 23 7
1 5 9 16 18 24 12
1 12 15 14 7 24
1 18 12 21 16
1 25 6 22 26
1 8 16 21 20 29
1 0 3 14 11 19
1 21 18 10
1 13 10 0 14 9 36 35 29
1 19 11 22 9 15
1 10 24 9 0
1 14 8 18 35
1 20 20 24 12
1 6 24 5 22
1 9 15 16
1 22 12 7 15 17 19 1 4
0 26 39
0 27 25 31 36 39
0 28 33 34 10
0 29 16 15
0 30 38 20
0 31 34 10 18
0 32 28 13
0 33 10 0
0 34 11 4 0
0 35 7
0 36 3
0 37 14 27
0 38 28 31
0 39 30
0 40 9 29 26
0 41 27
1 6 12 20 10 39 22
1 20 7 17 21 31 25
1 4 4 20 23
1 8 15 13 10 26 5 36 4
1 5 12 18 27 37 35
1 7 6 23 0
1 24 1 22
1 13 14 13 21 0 27 44 38
1 15 19 18 6 3 30 41
1 17 2 19 6
1 23 19 24 42 8 41
1 2 14 23 11 43
1 21 22 7 40
1 3 2 0 3 8 10 11 18
1 1 14 26 11 12 20 17 41
1 22 17 22 19 25
1 0 15
1 10 13 10 12 14 4
1 9 11 24
1 18 5 12 1 22 14 19 28 32
1 14 17 9 25 11 27 16
1 19 21 13 16 7 5 24
1 16 16 26 5
1 12 21 15
1 11 24 14 26 43
0 25 34
0 26 16 36
0 27 6 42
0 28 12
0 29 41
0 30 8 43
0 31 38 15
0 32 22 23
0 33 40 29
0 34 33
0 35 33 32
0 36 35 38
0 37 19
0 38 15 39
0 39 14
1 3 27 29
1 23 15 19 10 17 37
1 8 16 3 21 7 22 23 29 12 25
1 12 5 15 0 9
1 13 4 6 29 12 18 5
1 17 2 1 20 38 3
1 20 16 25 23 26
1 19 11 23 6 26 9 15 7 25 34
1 11 11 26
1 24 17 1 16 15 35
1 14 9 2
1 1 22 28 13 20 43 47
1 6 20 18 29 14 26 13 5
1 15 7 13 17 40
1 10 26 4 11
1 4 27 0 29 4
1 25 5 25 6
1 18 16 12
1 0 18 43
1 27 6 25 4
1 2 24 14 10 0 13 46 43
1 22 8 0 28
1 26 6
1 7 0 7 26 18
1 21 8 42
1 9 10 3 5 30
1 5 20 21 3 9 19 44
1 16 24 19 7 21 4 8 41 29 13 39
0 28 21
0 29 39 34 41 40 47
0 30 21 30
0 31 44
0 32 45
0 33 44 26
0 34 2 39
0 35 36 34
0 36 33 12
0 37 16
0 38 31 37
0 39 42
0 40 36 45
0 41 45 37 24
0 42 32
0 43 24
0 44 25 41
1 1
1 24
1 17
1 2
1 14
1 19
1 28
1 18
1 22
1 15
1 12
1 16
1 21
1 5
1 9
1 26
1 20
1 25
1 4
1 27
1 11
1 6
1 0
1 23
1 10
1 29
1 13
1 8
1 3
1 7
0 30
0 31
0 32
0 33
0 34
0 35
0 36
0 37
0 38
0 39
0 40
0 41
0 42
0 43
0 44
0 45
0 46
0 47

