6
18 36 39 21 39 28 
1 1 20 15 3 6 17 5 19 1 12 11 27 24 31 10
1 8 16 10 13 5 0 4 3 15 8 28 33
1 5 18 1 2 15 14 5 19 0 8 10 4 31 16
1 0 9 5 18 4 14 6 15 17 19 23
1 6 13 8 2 6 10 11 16 14 4 0 21 29
1 10 11 13 10 3 4 5 1 26 25 7 34
1 9 4 0 3 7 14 15 13 12 1 16 21 6
1 3 6 12 9 21 13 4 19 17 25 11 32 22 3 28 14
1 2 14 18 4 5 3 9 12 35 26
1 7 21 19 4 18 7 1 3 20 17 5 28 16
1 4 4 17 20 16 1 12 9 19 11 2
0 11 9 23 33 26
0 12 34 4 35
0 13 32 30 33 12 6 0 11
0 14 5 24 28 0 25 30
0 15 10 34
0 16 22 2 16 28 6 29 1
0 17 10 35
1 13 10 6
1 15 19 16 0 3 5 6 11 2 7
1 10 16 14 12 17 3 7 8 4 28
1 21 2 12 8 14 22 28 13 38
1 19 16 0 2 19 8 5 14 22
1 1 7 5 21
1 3 11 17 2 16 18 4 6 7 9 0 20 12
1 20 8 22 9 31 38 3
1 2 7 10 18 5 0 6 16 2
1 4 6 17 21 4 14 2
1 18 18 3 0 19 22 38
1 7 4 1 10 18 6 12 31
1 0 21 13 20 18 26
1 17 19 8 6 22 30
1 9 19 6 5 17 14 38
1 11 18 9 15 19 14
1 16 22 23 7 2 20 8 1
1 5 19 8 23 12 33
1 6 21 23 4 22 10 14
1 8 4 17 13 22 5 25 30
1 12 9 0 15 16 21 18 6
1 14 15 5 14 10 18 21 8 33
0 22 0 36 33
0 23 6 21
0 24 35 38
0 25 32 11
0 26 17 27 30
0 27 37 6
0 28 29 27 36
0 29 12 5
0 30 22 8 31
0 31 0 4
0 32 34 6 7
0 33 5 2 12 22
0 34 24
0 35 30 11
1 17 8 7 11 1 2 10 6 18
1 16 7 9 4 18
1 19 11 8 6 0 2 5 18
1 21 6 7 2 3 15
1 11 7 5 2 12 3 0
1 14 3 12 2 8 6 5 7
1 12 12 0 10 7 2 6 11
1 2 10 9 1 3 12
1 20 6 11 1 2 16
1 8 1 0 3 9 12 17 11
1 13 4 2 11 7 0 5 12 19
1 0 10 1 5 9 2 8 16
1 7 4 10 11 9 6
1 3 5 12 8 4 6
1 18 6 8 3 2 9 16 4
1 22 11 6 0
1 15 7 5 9 11 10
1 5 12 0 9 11 10 2
1 4 7 12 10 1 3
1 10 4 11 2 5 12 6 10 18 9
1 9 8 2 1 0 12
1 1 1 2 5 12 11 14
1 23 6 3 14
1 6 12 5 3 8
0 24 12 18 4
0 25 13 12 10
0 26 18
0 27 6
0 28 19 8
0 29 12
0 30 9 4
0 31 17
0 32 15 16 3 13
0 33 19 7
0 34 5 17 14
0 35 4 5 7 2
0 36 17 14 12 18
0 37 3 15
0 38 5 20 2 4
1 7 20 3 8 22 14 17 19 6 12 23 5 7 16
1 4 17 22 20 23 11 16 19 4 0 7 34 38 33
1 5 7 21 3 20 9 17 30 38 25
1 9 15 14 0 17 22 3 8 24
1 6 4 11 18 23 13 22 16 20 14 8 12 37 25
1 1 10 2 13 5 1 17 12 16 21 38 3 18
1 12 17 14 15 19 4 18 8 13 32 35
1 10 5 0 6 11 14 9 15 17 19 10 7 2 38 32 21
1 8 17 19 18 13 0 3 22 28 7 24 27 29
1 3 13 1 17 21 6 12 20 0 27 36 35 7 32
1 0 12 5 20 16 21 0 11
1 11 12 9 15 2 4 11 22 14
1 2 10 16 0 8 11 4 23 20 21 31 15
0 13 29 36
0 14 35 26 36 29 20 2
0 15 5 30 15 0 32 12 34 9
0 16 18 25 7 34 8
0 17 19 18 35
0 18 19 10
0 19 14 24 37 11
0 20 33 30
1 7 11 2 7 8 3 10 24
1 5 14 2 4 1 5 24
1 13 11 0 3 7 4 13 20
1 14 5 7 14 9 3 1
1 18 13 0 7 21 2 3
1 3 2 13 1 5 7 16
1 21 3 15 14 5 6 8 0 13 7
1 15 14 11 8 2 6
1 12 14 7 16 19 8
1 17 6 1 8 5 14 16 15 25
1 4 9 11 10 3 26
1 16 9 12 14 15 3 1 6 25 26
1 9 2 5 16 6 15 14 20
1 10 14 3 13 4 9 8 21
1 23 15 14 17 2 6
1 22 0 4 5 14 12 21
1 1 16 4 15 13 19
1 11 15 5 8 2 25
1 20 7 8 26 0 10
1 19 7 24 18
1 6 5 13 2 4 1 8 6
1 2 16 13 7 4 1 9
1 8 3 9 0 24
1 0 10 16 8
0 24 2
0 25 8
0 26 12 19
0 27 12 22 23 0
0 28 3 2
0 29 0
0 30 23 25
0 31 22
0 32 11
0 33 2
0 34 9 26 4
0 35 0 11 21 13
0 36 17 5 23
0 37 24 18 27
0 38 24 7 6
1 15
1 3
1 2
1 8
1 4
1 9
1 13
1 11
1 12
1 6
1 1
1 7
1 16
1 5
1 14
1 10
1 0
0 17
0 18
0 19
0 20
0 21
0 22
0 23
0 24
0 25
0 26
0 27

