20
42 8 26 47 8 26 47 18 26 10 42 26 13 31 20 48 32 32 36 18 
1 0 1
1 4 4 1
1 1 1
1 2 2 1
1 7 1 3
1 11 4
1 8 1 3
1 10 2 0 4 1
1 9 3 1 2
1 20 3
1 5 2
1 17 2 0
1 12 4
1 21 3
1 22 3
1 23 3 6 7
1 3 1 2
1 13 4
1 18 0 2 6
1 24 3
1 14 4
1 6 2
1 25 0 3
1 16 2 3
1 19 0 4 3
1 15 0 1
0 26 4
0 27 7
0 28 5
0 29 4
0 30 3 5
0 31 4
0 32 2 4
0 33 7 5
0 34 3
0 35 7
0 36 2 7
0 37 0
0 38 7
0 39 5 2
0 40 0
0 41 4
1 4 1 2 4 8 5 0 3 22 24
1 0 10 3 9 11 14 6 12 7 0 19 22
1 1 4 2 5 12 15 14 0 1 17 22 25
1 3 0 8 13 9 1 12 4 21 25 10
1 2 7 6 15 5 2 4 3 23 16
0 5 15 20 25 17
0 6 3 16 18
0 7 13 18 8
1 7 11 13 1 14 30
1 13 21 17 24 22 28 1
1 15 25 5 39 41
1 12 7 5 44
1 10 5 3 23 24
1 5 7 1 6 23 40 46
1 6 21 20 11 25 33
1 8 15 18 24 10 38
1 11 15 19 18 14
1 9 0 4 3 27
1 2 16 2 26 41
1 1 12 28 26 20 32
1 0 16 27
1 14 9 8 22 15 3 28 43
1 4 27 28 2 21
1 3 14 10 18 24 0 45 13
0 16 35 34 10
0 17 28
0 18 22
0 19 24 29 36 10
0 20 9
0 21 16 31 39
0 22 23 21
0 23 24 42 44
0 24 13 37 20
0 25 1
1 5 3 4
1 16 4
1 22 1 4
1 17 4
1 26 1 4
1 15 2 0
1 13 4
1 20 0 4
1 9 3 0
1 21 4 0
1 10 3 4 0
1 12 3 1
1 0 3
1 14 3 1 0
1 19 4 2 1 0
1 27 0
1 3 3 2
1 8 0 3 2
1 2 3
1 18 4
1 1 3
1 23 0
1 28 1 4
1 7 0 3
1 25 0 1 7
1 24 0 3
1 11 1 3 6
1 4 2
1 6 4 3
0 29 4
0 30 3
0 31 1
0 32 7
0 33 0
0 34 0
0 35 2
0 36 4
0 37 6
0 38 2
0 39 4
0 40 7
0 41 1 3
0 42 0 6
0 43 2
0 44 5 2
0 45 0
0 46 6
1 3 3 8 0 12 10 7 2 1 5 21 23
1 4 6 2 5 7 10 9 14 3 15 19
1 1 9 13 14 10 0 7 8 4 2 17 22 23
1 0 4 1 11 15 0 6 19 20 23 25 3
1 2 15 0 12 9 7 6 1 2 13 17
0 5 1 16 22 20
0 6 24 17 18 8
0 7 13 3 5
1 0 13 30 31
1 3 6 23 33
1 7 28 18 19 21 23 13
1 15 1
1 4 13 10 12 14 3
1 6 9 4 11
1 5 26 40 44 35
1 12 15 17 10 0 29 39
1 9 11 20 9
1 13 9 5 43
1 8 6 2 16 27 22 4
1 10 28 8
1 14 0 18 22 1 29
1 2 7 24 21
1 1 11 3
1 11 25 22 26
0 16 20
0 17 13 32 41
0 18 4
0 19 6 38 45
0 20 5 46
0 21 36 37
0 22 42
0 23 0
0 24 5 34
0 25 35 7
1 20 3 1 9 4
1 28 3
1 13 9 6 4 14
1 1 6 13
1 8 7 11
1 16 1 4
1 5 1 6 8
1 10 2 8
1 17 9
1 21 0
1 26 3 14 10
1 6 7
1 22 4
1 3 10 13
1 0 6
1 15 5
1 27 3
1 12 3 10 7 15
1 25 3 4
1 9 6 2 7 1
1 24 4
1 7 7
1 23 4
1 14 8 0 7 4
1 2 10
1 19 5 4
1 11 6 3 1
1 4 10
1 18 9
0 29 10
0 30 17
0 31 0 7
0 32 17 8
0 33 8
0 34 8
0 35 3
0 36 12
0 37 5
0 38 16
0 39 5
0 40 7
0 41 9
0 42 11
0 43 5
0 44 17
0 45 4 14 3 15
0 46 1
1 8 4 8 11 15
1 4 3 10 20
1 5 1 4 22
1 10 11 13 17
1 9 13 12 9
1 6 5 7
1 0 0 7 23 5 2
1 3 14 2 15 17
1 2 2 9 3 15 0 6 14
1 7 12 15 7 4 2 11 6 21
1 1 0 6 2 8
0 11 11 16 19
0 12 7 18 21
0 13 22
0 14 1 24
0 15 25 20
0 16 1
0 17 7
1 1 5 2
1 6 3 2 4
1 2 5
1 3 3 4 2 6
1 15 3
1 13 3 1
1 7 2 1 0 8 9
1 0 2 4
1 4 5 0 4
1 8 0 5
1 9 3 4 5 0
1 12 5 3 9
1 11 0 1 6
1 14 3 1
1 5 5 4 0
1 10 1 5
0 16 3 1
0 17 7
0 18 6 3 1
0 19 4 2
0 20 7
0 21 2
0 22 7 6
0 23 5 3
0 24 0
0 25 3 8
1 3 22 0 5 10 15 23 20 24 17 32 34 11
1 4 21 1 2 8 17 24 9 16 10 15 28 11
1 0 9 19 25
1 5 21 3 12 6 0 18 15 26 35 34 7
1 1 7 4 13 18 6 1 14 22 17 38 33
1 2 6 11 14 16 20 1 9 5 19 23 33 40 41
0 6 23
0 7 30 36 15 4
0 8 15 27 31 39 33
0 9 5 29 37 35
1 7 9 3
1 9 14 13
1 4 15 12 11
1 21 12 3
1 15 5 4 11
1 6 14
1 16 8 9 21 10
1 1 4 24
1 12 6 10 1 14 13
1 5 14 2 3 12
1 18 11 6
1 25 5
1 17 12 13
1 19 1 12 5 8
1 2 1 0 9
1 20 12
1 22 5 11 12
1 13 9 1 7
1 14 6 13
1 3 1
1 8 4 12
1 11 7 2 4
1 0 4 8
1 23 7 10 11 8
1 24 5
1 10 9 10
0 26 6 17 5
0 27 13
0 28 14
0 29 9
0 30 22
0 31 12
0 32 16 20
0 33 3
0 34 23 18 7 2
0 35 11
0 36 7
0 37 15
0 38 25
0 39 22
0 40 19
0 41 22
1 2 0 2
1 4 2 3 0 5 10
1 0 1
1 7 5 3 0
1 3 1 5 6
1 13 7 6 12 4
1 9 6 5 2
1 15 7 2
1 14 7 4 11 2
1 5 7 0 5 1 2
1 10 3 0 4 10
1 12 6 1
1 11 4 5
1 8 3 2 6 1
1 6 0 4 6 1
1 1 1 2
0 16 3 6
0 17 11
0 18 10
0 19 9 10 12
0 20 6
0 21 0
0 22 3
0 23 5 12 11
0 24 7
0 25 8
1 1 13 8 10 2 16 0 27 24
1 0 2 12 11 14 0 7 21 26
1 3 4 10 11 19 13
1 4 0 6 2 14 12
1 6 5 15 17 13 0 4 28 9
1 2 11 6 17 15 1 10 0 7 16 24 18
1 5 18 1 7 14 16 8 6
1 7 3 9 10 6 7 23 29
0 8 22 25 28 10
0 9 30 27
0 10 20 24 4
0 11 5 24
0 12 1 22
1 9 5 4
1 14 2 1 13
1 5 10 8 7
1 11 3 7
1 16 1 11
1 15 5 11 1 7 16 15
1 13 2 10
1 7 7 9 12 8 17
1 10 10
1 18 11 5 12
1 4 3 9 6 7
1 3 7 6 15 16
1 1 0 8
1 12 0 11
1 6 8 2 9 6
1 17 2 11 9
1 2 3 6
1 0 4 8 9
1 8 0 1
0 19 1
0 20 10
0 21 7
0 22 19 12
0 23 15 18
0 24 0
0 25 10
0 26 0
0 27 6 11
0 28 17
0 29 15
0 30 14
1 3 5 0 4 12 28 14
1 8 29 18 26 27 24 28 39
1 9 1 3 16 19 20 14 24
1 5 6 9 28 24 34
1 1 25 27 23 46
1 11 10 16 29 35
1 0 5 22 27 17
1 7 21 2 13 17 15 8 3
1 2 24 6 43 1
1 4 23 15 20 4 8 42 44 31
1 6 17 14 9 4 28 8
1 10 8 7 11 5 14 38
0 12 12 30 45
0 13 47
0 14 41 34
0 15 32 21 17
0 16 31 37 39
0 17 7 33 36 27
0 18 40
0 19 4
1 0 12
1 23 3 7 15
1 28 7 16 24
1 3 9 17
1 16 5 10 31
1 18 1 0 27
1 9 18 14 8 11 28
1 15 15 9 10 26
1 29 19
1 11 3 12
1 14 5 13
1 17 15 2 11
1 8 9
1 1 12 1 20
1 20 9 11
1 4 1 2
1 26 6 3
1 2 1 14
1 7 5
1 24 19 13
1 12 18 9 12
1 25 3
1 10 19 2 12
1 5 12 8 5 14
1 13 7 1
1 19 13
1 22 4 13 6 19
1 6 8 17
1 21 0 9 3
1 27 6 27
0 30 13
0 31 30 28
0 32 31
0 33 18 10
0 34 9
0 35 26
0 36 14
0 37 2 20 17
0 38 8
0 39 17
0 40 23 27
0 41 22
0 42 25 20
0 43 30
0 44 8
0 45 6 21
0 46 29 22 10
0 47 19
1 18 13
1 3 0 8
1 4 7 14 23
1 14 11 16 10 5
1 8 10
1 5 2 8 5 4 9 17 24
1 15 2 26
1 13 2 3 13 31
1 9 16 3
1 6 14 19 5 16
1 12 16 28
1 16 11 5
1 1 8 23
1 11 13 1 5 8 10 20 31
1 2 8 4
1 7 10 5 3
1 19 18 6 30
1 0 12 14
1 10 17 9 5 25 29
1 17 15 13
0 20 11
0 21 11
0 22 7 3
0 23 4
0 24 23 27
0 25 0
0 26 9
0 27 22
0 28 1
0 29 21 22
0 30 2
0 31 5
1 5 7 1 14 0
1 19 15 11
1 13 11 16 7
1 7 17 21
1 3 4 9
1 10 17 16 7
1 17 20 12
1 2 9 7
1 1 6
1 8 0
1 9 10 1
1 18 20 24 34 22
1 0 9
1 16 15 28
1 4 10 8 11
1 14 3 2 8
1 12 0 20 21 8 18 35
1 11 18 8
1 15 10 5 13 19 31
1 6 14 4 12 26
0 20 3 32
0 21 27
0 22 29 22
0 23 33 27
0 24 23
0 25 10
0 26 21
0 27 2
0 28 3
0 29 14
0 30 6
0 31 7 25 30 28 12
1 8 6 5 2 13
1 11 7 8
1 18 2 7 5
1 17 10 16
1 6 1 5
1 13 1 10 11
1 1 8
1 4 4 5 3
1 7 1 5
1 0 0 8 4
1 5 8 3 2
1 21 9
1 14 7 5
1 19 1 7
1 2 8
1 15 9 6 13
1 9 0 10 2 8
1 12 7 6 1
1 10 10 5
1 20 2 9 5 13
1 16 1 2 17
1 3 8
0 22 2 5
0 23 1
0 24 0 13 8
0 25 1 12
0 26 9
0 27 15
0 28 17
0 29 11 6
0 30 9
0 31 4
0 32 10
0 33 9
0 34 14
0 35 0
1 1
1 5
1 8
1 6
1 0
1 4
1 3
1 9
1 2
1 10
1 7
0 11
0 12
0 13
0 14
0 15
0 16
0 17

