6
44 21 29 40 23 44 
1 0 1 17 15 13 18
1 21 9 11
1 15 0 1 4 7
1 3 8 5 12 19
1 26 7 4
1 1 10 1 5
1 13 12 11 9 6 20
1 19 6 4 11 3 0
1 9 3 10 19
1 23 3
1 10 11 1 7 8 18
1 22 12 9 11 7 2
1 24 9 2 11 6
1 2 10 6 14
1 16 10 9 11
1 25 11 7 13
1 8 1 5 9
1 20 11 0
1 4 1 4
1 6 1 6 9 10
1 17 9 10 2 6 15 14 0
1 7 12 1 8 2
1 18 12 3
1 12 0 9 12
1 5 6 12
1 11 11 8 15
1 14 1 2
0 27 2 4
0 28 12
0 29 16
0 30 13 20
0 31 20
0 32 0
0 33 6
0 34 16
0 35 8
0 36 11
0 37 19
0 38 7
0 39 3 7
0 40 20 10
0 41 18
0 42 17
0 43 8 12
1 6 2 7 16 3 8 0 6
1 0 15 7 19
1 12 0 13 2 17 12 3
1 10 1 10 3 12 21
1 7 1 5 8 12 14 17
1 5 17 10 13 7 16 9 14 22
1 4 6 9 17 0 5 7 20 18
1 11 2 13 0 18 26 15
1 2 3 4 9 7 5 18 12 11
1 8 1 17 14 12 26
1 1 17 14 4 0 7 22
1 9 3 8 5
1 3 4 11 6 2 16 24 3
0 13 1 23 3
0 14 20 27
0 15 5
0 16 21 22 13 3
0 17 5 11
0 18 17 3 16 7
0 19 25 28 20
0 20 17 20
1 14 14 9 31
1 9 5 8 23 12 37
1 11 6 22 27 30
1 17 16 18
1 1 13 0 3 17
1 13 11 12 24 22 16 20 17 6 34
1 6 5 15 14 34
1 0 23 31 36 38
1 5 20 0 29
1 2 13 17 19
1 8 6 2 18 17 28
1 4 22 21 3 2 23
1 16 10 36
1 15 1
1 7 23 12 21 25 33
1 3 5 7 13
1 12 6 39 34
1 10 4 12 24 3
0 18 19
0 19 14
0 20 13
0 21 15 39
0 22 6
0 23 21 26
0 24 19
0 25 14
0 26 14 32
0 27 30 35
0 28 15
1 1 10
1 20 11 4 3
1 0 9 0
1 6 11 9 0 7 12
1 13 6 12 3 22
1 5 0 11 10 6
1 15 13
1 10 1 10 17
1 19 5 0
1 17 7 8
1 22 5 1 11
1 23 5 6 18
1 18 5 8
1 2 8
1 16 2 11 6 4
1 7 8 13 0 10
1 24 3
1 8 9 3 0
1 21 11 7 18
1 4 12 11
1 12 9 5
1 9 8 13 0 2 6 21
1 11 6 9 3
1 3 9 11
1 14 0 4 13 3
0 25 11
0 26 16 4
0 27 15
0 28 3 18
0 29 4
0 30 5 3
0 31 15 17
0 32 4 2 19
0 33 22 3
0 34 20
0 35 0 9
0 36 15 19 12
0 37 14
0 38 11 12 2
0 39 2 1 6
1 4 9 1 30 38
1 9 5 10 22 2 7 29 37 28
1 5 14 12 15 16 26 21 1
1 11 6 18 21 11 35
1 10 25 23 18 43 16
1 13 9 4 24
1 8 20 7 17 3 11 28 0 22
1 12 3 10 21 24 17 4 43
1 3 11 22 15 42
1 0 14 1 20 13 34
1 2 8 13 23 11 31
1 6 0 17 19 22 15 8 10
1 1 14 8 22 25 0 11
1 7 2 17 12 33 41
0 14 22 41
0 15 36 11 20
0 16 32
0 17 10 34 37 39
0 18 40
0 19 32 35
0 20 4 27 33
0 21 5
0 22 7
1 5
1 3
1 13
1 21
1 26
1 17
1 23
1 16
1 2
1 15
1 22
1 4
1 8
1 0
1 1
1 12
1 10
1 18
1 24
1 19
1 6
1 20
1 7
1 14
1 25
1 9
1 11
0 27
0 28
0 29
0 30
0 31
0 32
0 33
0 34
0 35
0 36
0 37
0 38
0 39
0 40
0 41
0 42
0 43

