13
24 23 18 26 24 29 15 29 13 32 26 31 12 
1 11 6
1 9 0 11 10
1 13 8 3 1
1 14 11
1 3 4 6 1
1 8 1 9 5
1 2 10 5 7 8
1 4 1 2 7
1 1 7
1 0 4 3 2
1 7 7 12 9
1 6 2 1
1 12 6
1 10 6 8 0 18
1 5 11 13 2 14
0 15 16
0 16 13 21
0 17 15 14
0 18 5 7
0 19 21 20 12
0 20 17 6
0 21 22 19
0 22 7
0 23 17 18
1 5 4 8 7
1 13 6 11 0
1 0 2 5
1 8 1 0 6
1 1 9 0
1 2 0 2 5 1
1 10 10
1 4 4 5
1 11 4 3 6
1 9 3 4
1 3 5 0
1 12 3 6 1
1 7 0 6
1 6 4 7 10 1
0 14 15
0 15 0 14 16 4
0 16 3 7
0 17 13 12
0 18 17
0 19 5 17
0 20 2
0 21 10
0 22 8
1 2 15 13 10 2
1 6 2 5 12 7 22
1 0 11 6 16
1 10 14 1 9 17
1 4 11 1 20
1 5 1 12 11 24
1 9 2 1 7 11 4 19 21
1 3 2 10 3
1 8 1 4
1 1 3 0 10
1 7 7 8 9 6 14
0 11 7 25
0 12 23 12
0 13 2 21
0 14 14
0 15 6 18 17
0 16 1 22
0 17 5
1 1 7 1
1 10 10 12 9 2 23
1 14 14 2
1 4 8 11
1 11 9
1 3 8 15
1 0 7
1 12 9 4 14
1 13 5 0 15
1 8 14 13
1 6 1 4 9 18
1 7 2 3
1 9 6 0
1 2 10 4
1 15 2
1 5 11
0 16 16 8
0 17 8 17
0 18 12
0 19 8
0 20 20 19
0 21 22
0 22 4
0 23 5 0
0 24 13
0 25 21
1 9 17 9 0 16 10
1 5 7 12 2 6
1 14 5
1 2 11 0
1 7 5 3 14 7
1 12 5 1
1 8 8 17 10 25
1 1 2 13 8 1 20
1 4 16 0 14 2 18
1 10 8 5
1 0 4 9 2
1 6 17 15 2 24 0
1 11 6 19 21 25 26
1 3 14 10 4 7 8
1 13 15
0 15 27
0 16 10
0 17 9
0 18 7
0 19 22 28
0 20 20
0 21 17 23 14
0 22 0
0 23 10
1 8 6 2
1 7 2 0
1 2 0 3 4 10
1 4 2
1 0 3 5
1 17 6 8
1 12 2 8 1 5
1 10 0
1 6 5
1 3 2
1 13 7 4 0
1 5 1 3
1 14 1 8 0 9
1 1 5 3
1 9 0
1 16 0 7 9 4
1 15 6 5 1 7 11
1 11 3 7
0 18 0
0 19 0 10 1 9 13
0 20 7
0 21 6
0 22 13
0 23 4
0 24 8
0 25 0 14
0 26 3
0 27 11
0 28 12 14
1 4 13 7 9 11 17 8
1 5 15 10 9 18 25 19
1 2 13 20
1 0 3 23
1 1 5 4 6 14 8 17 3 19
1 3 15 14 5 3
1 6 15 0 12 2 3
1 8 1 8 15 27
1 7 8 2 16 5 15 21 12
0 9 4 9
0 10 10 24
0 11 26
0 12 11 1 8
0 13 22
0 14 28
1 5 7 0
1 8 4 0 1
1 10 1 5
1 0 7 5
1 13 3 5 0 1 9
1 17 1 6 12
1 3 4
1 9 2 7
1 12 3 2 4
1 11 3 0 7 1
1 6 7 6
1 15 1 0
1 14 1 6 7
1 7 2
1 1 5 2
1 16 1 9
1 4 5 6
1 2 4
0 18 6
0 19 9
0 20 10
0 21 6
0 22 11 3
0 23 10 1 2
0 24 12
0 25 9
0 26 5
0 27 6
0 28 8
1 4 3 13 4 15 1 25
1 7 4 16 13 9
1 3 17 9 8 18
1 6 12 14 18 13 24 30
1 2 6 10 11 15 29 31
1 0 6 0 19 18 1 31 25
1 5 5 8 14 3 13
1 1 2 1 7 16 5 13 26 23
0 8 21
0 9 28
0 10 7 23
0 11 9 22
0 12 27 20
1 4 11
1 0 6 21
1 3 15 11 7
1 16 13 0 19
1 19 9 2
1 2 5 8 6
1 8 15 7 10
1 10 10 4 25
1 7 6 10 16
1 11 3 14 18 25
1 1 4 8
1 18 12 1
1 14 14 18
1 13 14 13
1 17 3 0 1
1 6 7 24
1 15 13 1
1 12 11 12 5 0 19
1 9 6 9
1 5 5 14
0 20 6
0 21 20
0 22 11
0 23 17
0 24 14 24
0 25 4
0 26 23
0 27 23
0 28 15
0 29 20 2
0 30 13
0 31 22
1 15 0 23 25
1 13 2 15 7 5
1 14 6
1 6 13 3
1 3 12
1 0 1 30
1 1 7 16 12 9
1 5 18 15 28
1 9 16 0
1 12 5 17 12 27
1 11 5 8 13 14 28
1 4 10 9 16 12 28
1 10 3 12 8 2
1 7 14 4 11 15 23
1 8 14 13 12 20
1 2 18 9
0 16 14
0 17 18
0 18 19
0 19 29 21
0 20 17
0 21 11 20
0 22 18 4
0 23 24 5
0 24 26 22
0 25 10 13
1 17 3
1 0 6
1 18 3
1 7 1 2 5
1 1 6
1 15 3 5
1 13 3 0
1 5 1 2
1 11 6 3
1 10 5 2 6
1 9 0 9
1 4 1
1 6 2 1
1 8 0 2
1 14 4
1 12 5
1 3 1
1 16 4
1 2 1 6 0
0 19 2
0 20 7
0 21 6 10
0 22 2
0 23 5
0 24 1 11
0 25 8
0 26 5
0 27 3
0 28 7
0 29 3
0 30 3
1 3
1 1
1 2
1 6
1 5
1 4
1 0
0 7
0 8
0 9
0 10
0 11

