20
24 23 18 26 24 29 15 29 13 32 26 31 12 47 28 28 42 44 39 31 
1 5 1 13 5 7 2 9 3 11 6 4
1 12 7 5 11 22 13 21
1 14 4 11 5 0 10 15
1 10 7 10 8 2 9 0 12 4 19
1 7 2 9 13 11 5 0 21 3
1 8 6 0 3 11 2 8 16
1 6 6 13 1 8 5 0 12 7
1 0 11 9 12 8 0
1 2 11 8 12 1 0 2 4 7
1 4 11 1 5 12 8 7
1 1 11 8 13 2 1 19
1 13 4 6 10 0 3 14
1 3 12 10 9 8 7
1 11 6 8 3 10 16 20 1
1 9 3 11 12 5 0 4 13 8
0 15 10 21 7
0 16 9 20 0 8 2
0 17 11 18 17 5 14
0 18 15 20 8
0 19 7 21
0 20 4 6 16 21 11
0 21 18 9 20
0 22 1 17 3
0 23 0 6 18
1 10 4 7 8 6 3
1 1 4 2 8 6 9 5 1
1 9 3 6 0 5 2 13
1 5 5 3 4 9 10
1 12 3 2 10 6
1 13 0 9 7 10
1 8 4 9 3 1 7 2 13 15 8
1 7 1 4 5 10 0 9 6 15 17
1 6 2 4 0 7 8 1 5
1 0 9 8 1 2 10 3
1 11 1 7 4 3 8 2 17 15
1 3 5 1 7 6 2
1 2 5 6 8 10 14 3
1 4 10 7 2 8
0 14 16 15
0 15 9 1
0 16 4 11 8
0 17 7 1 14 10
0 18 8 11
0 19 3 10
0 20 13
0 21 8
0 22 17 12 16
1 9 1 14 8 15 11 7 10 0 23 24
1 4 3 9 10 12 1 5 7 11 8 4 20 13
1 1 7 6 2 8 1 12 3 14 15 16
1 10 7 8 9 10 11 5 2 4 23
1 6 8 1 6 14 13 9 11 5 17
1 0 7 4 5 1 14 3 9 6 19 22
1 8 4 13 3 15 12 11 2 23 16 21
1 7 12 0 6 10 2 3 8 14 13 9 11 18 5
1 2 2 3 6 1 9 12 24
1 3 15 13 8 7 3 1 20
1 5 11 5 7 6 2 14 0 12 10 3 8
0 11 7 18 12 0 9 21 17 4
0 12 10 20 3 6 23 0
0 13 25 17 24 1
0 14 0 20 7
0 15 10
0 16 2 21 6 10
0 17 15 22 19
1 14 14 2 13 7 10 9 12 20
1 3 1 13 8 3 12 7 14 10 15 23
1 13 2 9 8 13 6 19
1 4 6 8 9 11 13 1 0 10 22
1 9 10 7 14 9 5 2
1 2 2 1 4 8 12 19 13
1 5 11 13 21 8
1 1 0 7 13 8 10 1
1 11 3 5 13 11 9 7
1 12 13 0 12 8 2 6 14 7 3 16
1 7 10 11 2 6 13 12 7
1 15 3 7 6 10
1 0 10 8 14 1
1 6 12 14 13 6 3 10 7 0 9
1 8 3 4 2 14 1 9 12 8 17
1 10 4 9 8 7 13 11 2 22 23
0 16 7 19 6
0 17 1 20
0 18 16 1
0 19 5 14 3
0 20 4 10 17
0 21 11 18 5 10
0 22 8 20 13 2
0 23 8 19 0
0 24 16
0 25 0 20 19 5 12
1 4 2 5 1 11 4 0 17 7 16 14
1 0 16 2 5 0
1 14 8 4 15 20
1 13 4 7 9 5 6
1 3 17 7 13 10 15 16 0 14 3 23
1 1 6 10 17 0
1 6 14 9 16 15 24 8 6
1 12 15 0 1 5 12 13 8 19 22
1 5 2 8 0 16 9 6 26
1 11 15 12 16 11 8 17 13 21
1 2 14 6 16 13 10 17 12
1 8 3 15 8 1 0 7 5
1 10 15 11 7 6 5 4 21 24 2
1 7 6 0 11 16 7 4 9 18 24 21 23
1 9 2 9 5 10 28 14
0 15 12 23
0 16 0 28 24 11
0 17 11
0 18 27 1 18
0 19 26
0 20 1 3 19
0 21 10 25 26 0
0 22 12 3 2 5 28
0 23 1 22 18
1 4 2 3 7 6 5 10
1 8 0 5 2 8 6 10
1 0 5 2 7 8
1 9 2 4 3
1 17 7 1 0 2
1 15 1 2 0 3 7 4 6
1 5 1 2 3 7 6 11
1 1 5 3 2 8 7 6 13
1 14 0 7 1 8 9 2 6
1 16 0 4 5 3
1 7 6 8 3 1
1 12 3 6 2 4 1 5
1 13 5 6 4 8 1 3
1 11 2 0 3 6
1 2 4 3 5 7
1 10 6 4 5 1 8 7 2
1 3 1 5 14 9
1 6 7 2 0 3 9 8
0 18 6 9
0 19 6 1 13
0 20 3 0
0 21 7
0 22 2 8 7
0 23 12 11 4
0 24 1 11
0 25 12 2
0 26 14
0 27 2
0 28 6 0 12
1 7 8 2 12 10 13 5 4 3 7 9 6 15 23
1 6 10 12 8 4 1 5 2 20 22 25 0
1 4 6 15 3 8 4 14 13 0 10 19 16 2
1 1 5 17 1 7 3 9 6 14 24 8
1 8 0 7 14 15 17 5 1 12 19 24 26
1 0 11 14 10 7 17 1 8 9 0 26 6
1 5 1 4 5 14 0 7 3 16 27
1 2 13 9 14 11 5 12 0 4 15 2 16 17 10 21 27
1 3 3 9 16 17 0 8 11 15 28 4 24 1 13
0 9 23 9 3
0 10 5 18 20 13 12 7
0 11 25 24 2 22 18 21 1 8
0 12 24 4
0 13 17 15 11 24
0 14 2
1 10 2 0 4 5 7
1 7 3 1 6 7 2 4 10
1 5 3 4 7 5 2 0 12
1 14 7 6 3 4 1 12 2
1 3 1 7 2 6 3 5
1 17 1 7 4 3 6 9
1 1 2 5 4 10 12
1 12 5 0 2 7 4 6 9
1 8 1 3 6 4 2 5
1 6 5 0 7 6 2 3 4 12 9
1 11 4 3 2 1 7 0 6 5 10 8
1 4 6 5 2 1 4 7 3 10
1 13 1 5 6 7 2 0 10 4
1 15 3 0 7 1 5
1 0 3 5 1 2 4 11
1 16 1 7 4 0 5 6 8 11 9 10
1 9 0 6 3 7 4 2
1 2 7 3 6 5 1 2 12 9 4
0 18 6 10
0 19 8 12
0 20 6 3
0 21 5 9 6 8 12 7
0 22 4
0 23 2 12 6
0 24 8 6
0 25 8 7
0 26 3 8 10
0 27 4 1 3 10
0 28 11 5 12 4
1 7 6 8 15 1 12 0 4 23 2 14 13 20
1 6 6 3 14 18 16 15 1 2 0 5 4 13
1 0 5 3 14 12 16 2 22 24 25 30 23
1 1 2 9 12 11 6 16 10 0 3 23 28
1 5 15 4 7 10 5 3 18 1 19 0 2 26 24
1 2 6 13 17 19 15 3 4 2 10 18 9 5 27 29 14
1 4 15 1 16 18 10 7 17 5 6 8 20 3 30
1 3 14 0 11 18 2 7 17 1 9 19 24 30
0 8 10 12 18
0 9 4 31 3 17 15 21
0 10 14 23 5
0 11 2 30 24 8 17 20
0 12 18 21 24 20
1 14 15 3 1 8 7 2 9
1 17 13 8 6 15
1 13 9 2 7 4 1 8 3
1 0 5 1 3 16
1 18 15 14 1 7 22 24 0
1 2 10 13 9 1 3 0 24 25
1 7 6 0 4 3 25
1 3 3 1 13 15 11 10 5 21 0
1 12 4 9 0 15 10 19
1 4 12 2 0 13 3 9 6 23 20
1 5 14 1 12 11 5 15 23 3
1 9 14 11 15 0 5 22 10
1 1 3 13 5 0 9
1 16 7 8 3 17 19
1 6 13 7 8 5 0 3 1
1 19 11 8 15 14 7
1 15 6 9 14 4 1 17 19
1 8 5 1 11 15 4 19 8
1 10 13 11 4 10 2
1 11 7 0 8 3 13 9 20 12 21
0 20 8 5
0 21 6 19 22 16 13 0
0 22 18 17 20
0 23 10 23
0 24 2
0 25 12 17 15 22
0 26 18 22 23 13
0 27 16 8
0 28 15 9
0 29 9
0 30 4 12
0 31 11 12 15
1 4 12 11 16 17 2 18 13 22
1 2 1 15 13 9
1 10 7 16 14 1 12 19
1 1 18 5 13 3 1
1 12 16 4 10 6 2
1 0 5 18 11 3 15 7 1 30 27
1 9 5 4 8 0 21 2
1 15 10 6 21 4
1 14 3 9 8 10 14 20 24 18
1 8 14 2 12 0 13 4 16 5 27
1 6 14 12 15 13 0 5 4 2
1 7 18 4 7 8 28
1 3 5 10 1 16 18 2
1 5 15 0 6 17 13 16 18 20
1 11 3 8 13 2 11 12 6 17
1 13 14 6 11 0 25 28 20 7
0 16 13 17 23 2
0 17 7 26
0 18 10
0 19 6 29
0 20 23 29
0 21 12 24 15
0 22 12 19
0 23 7 14 13 17
0 24 19 23 30 11 22
0 25 18 13
1 12 6 1 2 5 0
1 3 3 1 5 0 4 8
1 4 3 1 5 6 4 2
1 14 1 4 2 8
1 10 6 2 1 5 7
1 1 5 1 6
1 17 0 6 1 3 2
1 6 1 2 4 5 0 6 8
1 11 2 6 4 0
1 18 0 3 2 1 10 7
1 15 4 6 2 1 0 3 5
1 7 5 4 0 2 10
1 13 1 5 3 0 4
1 2 4 1 0 5 6
1 16 1 0 2 6 3 4 7 5
1 0 4 3 6
1 8 3 4 2 0 1 5 6
1 9 2 0 3 4 5
1 5 3 4 1 2 5 0 11 7
0 19 5 3 6 10 2
0 20 8 10 0 2 1
0 21 2 7
0 22 6 7 2
0 23 6 9
0 24 5 9 2
0 25 6 0
0 26 4 1 2 0
0 27 11 10 5
0 28 2 5
0 29 0
0 30 0 10 7
1 5 19 4 7 14 16 21 10 9 6 18 23 17 28 22 27 37 36 26 11
1 4 28 3 27 19 8 6 11 9 10 7 24 26 21 14 22 23 29 39 43 44
1 6 24 9 11 7 13 12 8 1 25 4 17 33 36 37 32 41
1 3 13 17 18 25 26 11 2 6 12 7 45 30
1 0 20 0 5 10 12 18 28 3 6 19 16 30 22 31
1 1 28 6 8 12 1 3 11 24 4 27 20 34 30
1 2 1 2 15 22 23 8 14 0 27 26 3 7 16 35 36
0 7 42 31 38 40 37 16
0 8 10 34 30 6 7 23 43
0 9 17 32 41 7 11 39 23 24
0 10 12 15 6
0 11 46 22 13 8 14 0
1 4 6 10 15 2 12 4
1 20 6 9
1 7 0 6 19
1 0 10 12
1 22 12 16 4 7 5 25
1 12 3 14 15 4 1 0
1 10 2 16 12 7 26
1 8 16 12 0
1 9 10 1
1 23 12 7 9 11 17
1 18 0 7 12 9 2 21
1 19 0 7 11 1 12 25
1 15 5 16 7
1 11 8 17 24
1 27 8 7 9 20
1 16 3 1 12 8 0 4 6 19
1 13 15 11 3 6 5 12
1 3 6 14 12 3
1 28 4 13 7 0
1 14 0 8 4 10 16 7
1 1 2 0 24
1 5 2 13 14 12 16
1 25 4 9 5 16
1 24 0 7 17 20
1 21 6 13 2 3 11 5 9
1 17 5 6 9
1 26 9 11 5
1 2 6 15
1 6 2 0 1 6
0 29 12 24 11
0 30 23
0 31 20 24
0 32 14 21 9
0 33 18 19
0 34 9 10
0 35 22
0 36 26
0 37 17
0 38 27
0 39 0 4
0 40 4
0 41 7 27
0 42 26 25
0 43 23
0 44 5 18 8
0 45 12 20 0
0 46 15 22
1 5 0 2 3 12 16 1 8 5 22 26
1 10 15 3 13 9 11 19
1 1 15 13 14 3 6 8 0 11 1 26
1 13 3 16 0 2 9 1 26 10 13 8
1 14 16 11 1 8 4 2 6
1 8 12 15 2 9 14 16 3 13 7 11
1 6 12 0 3 7 16 18
1 16 12 10 9 15 2 7 0 1
1 7 0 11 10 7 5 12 6 24 25 14 4
1 12 3 7 14 9 10 15 5 6 2
1 4 16 3 11 0 4 12 1 26 15 8 6
1 11 10 9 0 8 3 12 7 2 17 25 23 26
1 2 5 3 12 11 25 14 18 0
1 15 12 4 8 9 7 2 24 19
1 3 5 1 8 13 14 3 11 10 6 15 26
1 0 4 3 6 1 7
1 9 10 6 9 13 5 12 3 16
0 17 22 25
0 18 18 1
0 19 21 11
0 20 0 17 13 8 19 18 14
0 21 20
0 22 23 16 1
0 23 6 20
0 24 20 27 10 18
0 25 7
0 26 15 17 19 4 25 22
0 27 4 11 15 26 0
1 5 23 3 16 10 22 20 24 15 26 31
1 10 16 7 18 12 25 27 1
1 4 23 0 16 18 19 13 25 41
1 3 4 22 9 3 5 23 15
1 7 17 19 18 3 2 4 6 33 21 24
1 11 5 17 7 13 0 25 9 30 15
1 1 8 10 6 9 15 32 39 24 31
1 12 5 21 7 4 17
1 9 25 1 4 10 19 13 34 37 11
1 16 13 20 15 4 38 7 30
1 13 2 9 24 5 13 14 22 11 1
1 8 8 11 15 0 14 16 17 31 19
1 6 12 5 1 11 37 18 38
1 0 22 3 6 21 1 23 2 37 28
1 2 16 14 5 9 7 3 19 24
1 15 18 24 20 11 4 5 15 14 13 3
1 14 5 14 4 19 35 22
0 17 40 35 36 10
0 18 29 13 8
0 19 8 35
0 20 36 39
0 21 34 13 15 14
0 22 28 33 15 2
0 23 13 7 40
0 24 1
0 25 21
0 26 28
0 27 2 38 26 10
1 5 17 2 8 13 39 30
1 6 15 21 4 5 19 32
1 20 6 9 3 30
1 4 4 25 2 17 7 1 42
1 15 13 14 18 26 22 8
1 19 0 2 10 25 3 36
1 10 15 20 7 13
1 21 11 5 23 25 20 29 2
1 25 9 25 39
1 0 19
1 1 14 16 19 17
1 14 14 5 26 8 10 22 39
1 8 3 19 30
1 18 26 16 8
1 16 14 24 9 43 27 21 12
1 13 3 13 20
1 2 4 12 20 15 16 5 21
1 11 18 0 24
1 9 2 1 15 14 23 31
1 12 19 3 10 9 13 11
1 23 7 8 41 9
1 3 22 10 9 28
1 17 10 8
1 7 22 8 19 3
1 22 19 11 25 30 27 15 40
1 24 25 9 15 23 29
0 26 33 2
0 27 25 20
0 28 13
0 29 37 35 38
0 30 6
0 31 20
0 32 27 41
0 33 40 5
0 34 17
0 35 18 28 15
0 36 7 28 17
0 37 3 19 8
0 38 34 8
0 39 6 20
0 40 7 31
0 41 8
1 24 22 31
1 7 17 18 7 14 4
1 2 16 12 23 6 27
1 19 0 36 25
1 10 1 16 10 35 37
1 11 5 6 10 23 9
1 13 10
1 17 0 6 21 26 27
1 21 19 1
1 20 3 19 10 0 17 28
1 9 20 10 7 15
1 26 3 0 14 8 19 20
1 3 9 6 13
1 15 2 20 15
1 18 6 15 21 17 1
1 14 5 17 21 31
1 0 12 18
1 4 13 16 8 18
1 12 10 2 13 1 17
1 6 16 10 20
1 8 23 11 5 17
1 16 4 7 20 3 16
1 1 16
1 22 22
1 5 0 13
1 23 19 14 30
1 25 19 8 21 2
0 27 27 33
0 28 4 30
0 29 1 12
0 30 21 9
0 31 4 32
0 32 12 5
0 33 38 32
0 34 23 25
0 35 4 29
0 36 2 26
0 37 5
0 38 24 11 29
0 39 29
0 40 3
0 41 34
0 42 36 28 29
0 43 24
1 14 10 4 17 18 16
1 12 12 4 7 22
1 15 17 18 13 1 10 25 7
1 23 13 10 18 11
1 21 8 12 17
1 7 4 14 18 30
1 4 1 7 10 11 0
1 5 14 3 16 10 4 9 12 8 11 15
1 22 7 5 18 2 8 24
1 13 9 1 5 13 3
1 11 12 7 1 23
1 6 14 2 4 18 12
1 1 15 14 17 10 11 18
1 0 9 1 11 0 6 2 4
1 16 13 2 18
1 20 6 13 16 29 23
1 3 16 0 2 6 27
1 8 11 17 5 15 2 14 13 8 6
1 2 12 15 2 13
1 18 15 13 3 16
1 9 17 4 5 22
1 19 2 3 18 0 16
1 17 6 18 2 13 26
1 10 12 11 8 16 6
0 24 15
0 25 8 21
0 26 7 25
0 27 28 24 1 19 18
0 28 0 13
0 29 29
0 30 5 27
0 31 0 27
0 32 18 22
0 33 19 20 16
0 34 14 13
0 35 19 7 1
0 36 3 23 19 10
0 37 11 30
0 38 15 26 0
1 0
1 5
1 7
1 15
1 6
1 12
1 8
1 14
1 16
1 2
1 11
1 1
1 10
1 18
1 3
1 4
1 13
1 9
1 17
0 19
0 20
0 21
0 22
0 23
0 24
0 25
0 26
0 27
0 28
0 29
0 30

