6
26 36 16 24 34 47 
1 4 2
1 5 0 8 21
1 3 9 13
1 11 15 33
1 0 6
1 13 17 14
1 1 10
1 12 16 26 29
1 2 19
1 10 7 18
1 8 1 24
1 7 5 12
1 6 20 11
1 9 4 3
1 14 17
1 15 7
0 16 6 30 32
0 17 34 31
0 18 25
0 19 22 23
0 20 28
0 21 19
0 22 9 35
0 23 27
0 24 16
0 25 15
1 15 9
1 12 7
1 5 0
1 9 3
1 16 9
1 14 8 4
1 0 6
1 21 5
1 10 7
1 1 6
1 3 2
1 11 7
1 6 0
1 7 3
1 19 9
1 17 9
1 18 9
1 20 1
1 13 7
1 4 2
1 8 3
1 2 6
0 22 13
0 23 14
0 24 15
0 25 2
0 26 1 12
0 27 0
0 28 14
0 29 8
0 30 7
0 31 7
0 32 14
0 33 4
0 34 2 10 11
0 35 7
1 2 13
1 8 4 12 16 21
1 1 13
1 3 5 18
1 5 9 8
1 9 11 2 6
1 0 0
1 4 13 14
1 6 7 17 23
1 7 1 3 10 15
0 10 5
0 11 2
0 12 6
0 13 22
0 14 12
0 15 20 19
1 0 17 16 18
1 12 8
1 10 1 23
1 8 0
1 9 0
1 2 9 15 31
1 14 10
1 5 7 2 22 29
1 6 13 20
1 4 19 4 5
1 7 13
1 11 0 11
1 13 1 3 21 25
1 1 14 33
1 3 12 6
0 15 2 28
0 16 27
0 17 26 30
0 18 0
0 19 2
0 20 32 24
0 21 5
0 22 17
0 23 19
1 15 15
1 16 14 27
1 13 4 12
1 20 16 30
1 8 11 20
1 9 9
1 7 0 17
1 10 11 28
1 17 5
1 3 18 40
1 19 2 8 32
1 18 5 29
1 6 6 21
1 14 14 22
1 2 7 13
1 5 23
1 0 1 3 24 45
1 1 10
1 4 11 25
1 12 19 36 39
1 11 0 26 35
0 21 19 31
0 22 42
0 23 24 46
0 24 33
0 25 21 41
0 26 10 37
0 27 16 43
0 28 34
0 29 34
0 30 34
0 31 20
0 32 38
0 33 44
1 14
1 0
1 26
1 1
1 19
1 24
1 9
1 5
1 27
1 15
1 3
1 12
1 20
1 6
1 22
1 23
1 28
1 11
1 7
1 16
1 13
1 10
1 21
1 8
1 2
1 4
1 17
1 25
1 18
0 29
0 30
0 31
0 32
0 33
0 34
0 35
0 36
0 37
0 38
0 39
0 40
0 41
0 42
0 43
0 44
0 45
0 46

