13
48 32 47 10 36 32 24 40 42 13 47 31 10 
1 28 14
1 24 9 16 14 19
1 6 0
1 27 1
1 20 3 5 19
1 1 6 19 25 28
1 2 4 22
1 3 7 2
1 19 15 7
1 15 15 18 17
1 4 17 11 6
1 22 5 10 3
1 26 10 14 19 3
1 14 13 15
1 18 18 10 30 24
1 13 18
1 17 17 1
1 8 17
1 16 7 16
1 25 17 14 9
1 29 9 15
1 23 15
1 12 17 18 14 27
1 21 5 15 29
1 7 8 12 14
1 0 11
1 5 13 4 19 0
1 10 2 14
1 11 2 14 19 17 10
1 9 16 8 14 6
0 30 21
0 31 21
0 32 19
0 33 21 23
0 34 21
0 35 30 26
0 36 21 24
0 37 20 26 27
0 38 19
0 39 16
0 40 5
0 41 14
0 42 17
0 43 10
0 44 30 6
0 45 24 31
0 46 6
0 47 15
1 7 11 20 4 19 0
1 16 20 5 9 27
1 0 22 7 41
1 18 3 16 15 5
1 5 28 7 25 9 11 14 4
1 13 26 13 6
1 1 23 14 32 19 3
1 11 4 1 15 13
1 2 19 22 7 0
1 19 17 18 0
1 15 4 16 35
1 3 11 2 31 43
1 4 12 21 13
1 6 3 11 14 26 46 40
1 17 5 13 0 32 20
1 14 10 26 12 23 30
1 12 2 0 11 14 16 17
1 8 8 14 26
1 10 10 6 15 24 27 34
1 9 23 9 27 28
0 20 40 38
0 21 40 33 34 41
0 22 29 44
0 23 19 39
0 24 3
0 25 14 38 9 44 43
0 26 11 38
0 27 12 37
0 28 42 12
0 29 36 22
0 30 10 45 5
0 31 2
1 28 4
1 18 2 4 5
1 8 0 1 5
1 16 0 1 5
1 15 1 0
1 26 1 9
1 19 5 2 4 8
1 3 0
1 14 1 0
1 11 0 2 7
1 25 1 4 3
1 9 5 2 3 1
1 6 0 2 5
1 5 0
1 4 0
1 21 4 0
1 17 4 5 7 6
1 23 3 4
1 13 3 1 0
1 0 5
1 12 1 5 6
1 24 4 3 1 6 8
1 2 3 5
1 10 3
1 1 0 5
1 20 5 4 1
1 22 3 4 9
1 7 3 0
1 27 1 4 7
0 29 0 3
0 30 7 6
0 31 4
0 32 4
0 33 8
0 34 1 3
0 35 9
0 36 8
0 37 3
0 38 3
0 39 1 2
0 40 8 7
0 41 4 2
0 42 1
0 43 4
0 44 4
0 45 6
0 46 1
1 1 3 0 4 13 10 7 17 20 11 26 28 9 2
1 4 15 18 8 1 9 0 2 20 4 33 14 17 32
1 3 11 10 14 16 13 15 6 2 18 25 34 0 20
1 2 6 1 8 3 21 13 15 20 4 0 2 12 35
1 5 20 7 12 16 17 21 0 9 4 8 29 14
1 0 5 2 9 19 17 11 21 14 20 35 24
0 6 32 22 30 27 11
0 7 13 31 15
0 8 17 23 27 15 0
0 9 18 24 29 35
1 15 17 18 4
1 19 11 12 24 20
1 8 7 10 0
1 1 6
1 5 1 2 9
1 4 4 7 10 16
1 14 0 19
1 17 12 14 15 7 11 4
1 20 18 30
1 0 2 3
1 16 5 12 6 26
1 7 8 3 12 19 11 13 23
1 18 9 18 8 6
1 2 3 4
1 9 15
1 12 0 6 17 7 11 18
1 21 12
1 10 7 10 12
1 13 7 1
1 6 16 2 10
1 11 15
1 3 13 15
0 22 20 8
0 23 21 3
0 24 28 25 24
0 25 1
0 26 6 15
0 27 11
0 28 0 10
0 29 11
0 30 5
0 31 31 29
0 32 1 22 23
0 33 21 27
0 34 9
0 35 3 25
1 15 0 4 10
1 12 11 10 4
1 0 4 14 3 5
1 4 13 2 8 4 23
1 6 13 1 5 2 7 15
1 14 7 11 14 10 20 23
1 3 12 0 3 4 1
1 8 7 3 10 5 20
1 7 14 7 1 8
1 13 11 0 2 5 6 22
1 2 12 1
1 10 13 6 2 22
1 17 6 7 9 2 8
1 1 1 14 17
1 18 1 7 9 21 18 19
1 9 8 5 13 11 3 19
1 19 10 15
1 11 14 9 10 4 17
1 16 2 0
1 5 6 10 4 12 16
0 20 23
0 21 11 16 2
0 22 18
0 23 19
0 24 11 16
0 25 11 15
0 26 9
0 27 22 4
0 28 3 22
0 29 23
0 30 6 17
0 31 9 19 8
1 12 11 2 15 23 16 14 7 32 34 36 24
1 6 3 6 4 7 15
1 5 13 0 24 21 14 16
1 3 1 5 3 4 19
1 0 13 9 22
1 4 1 5 18 2 24 12 6 9 21
1 9 3 20 5 10 33
1 8 19 12 21 5 2 1 24 6
1 11 16 22 6 4 26
1 14 16 39
1 13 23 20 6 12 25 3
1 10 9 10 8 19
1 2 13 7 37 32
1 7 14 4 19 22 17 5 20 31 36 12
1 1 8 6 17 1 35
0 15 21 31 32
0 16 11
0 17 21 30
0 18 24 29
0 19 1
0 20 17 35 32
0 21 38 28 24
0 22 5 29
0 23 8 27 39
1 9 6 25 12
1 3 12 2
1 17 5 1 6 10 41
1 4 4 13 16 23 8
1 18 19 6 39
1 0 8
1 7 9 25 40
1 12 14 25 1
1 13 15 0
1 2 14 7
1 21 16 20 19 14
1 11 3 9 24 22 10 33 36
1 10 21 7 25 12
1 6 18 0 17 1 15
1 5 6
1 19 1 10 22 30
1 22 11 23
1 1 13 2 7 3 6
1 15 7 22 10 37
1 20 16 15
1 23 11 2 24
1 14 14 6 8 28
1 8 12 24 17
1 24 11 24 35 21
1 16 23 2 5 0 36
0 25 10
0 26 12 34
0 27 3
0 28 18 36 33
0 29 25 11
0 30 24
0 31 15
0 32 38
0 33 13 31
0 34 7 32
0 35 3
0 36 19
0 37 14 26 32
0 38 27 28
0 39 24 29 31
1 11 0 5 8
1 8 0 3
1 15 1 0
1 6 2 0
1 2 4 0 3
1 23 1 7 3
1 9 2 6
1 0 6 4 7 3
1 5 4 3 7
1 3 4 3 0
1 22 3 7 5
1 25 7 5
1 7 3 0 12
1 1 2 4 5
1 14 5 6
1 17 3
1 18 1 0 2 7
1 10 4 2 5
1 4 2 0 10
1 24 5 7
1 13 0 5 7
1 21 7 1 6 3
1 20 1 2 7 12
1 12 1 4 5 0
1 16 1 6 7 3 4 2 5
1 19 6 3 7 8
0 26 11 1
0 27 5
0 28 5 9
0 29 9 12
0 30 4
0 31 3 11
0 32 7
0 33 4 1
0 34 9 2
0 35 0
0 36 0 9 12
0 37 3
0 38 5 2
0 39 11
0 40 4 10
0 41 4
1 1 20 2 3 12 17 24 26 15 23 7 28 11 10 8 25 21 16
1 6 21 28 10 17 16
1 3 23 8 13 15 18 19 11 46 6
1 4 22 25 14 11 16 38
1 0 0 6 11 14 27 3 12 20 18 25 29
1 5 27 5 16 22 14 17 33 43 30 10
1 2 22 7 9 10 26 5 12 28 3 15 29 21
1 7 1 4 21 37 22 43 2 27
0 8 31 34 45 36
0 9 18 36 42
0 10 30 40 41
0 11 27 35 44 15 29
0 12 13 32 39
1 8 2 17 4 19
1 24 16 17 3
1 17 6 17 22
1 11 17 8 7
1 18 9 5
1 19 3 18 10
1 6 15 10
1 15 11 7
1 12 1 5 14
1 2 2
1 28 0
1 9 6 10 14 7
1 10 13 3 9
1 4 4 14
1 27 0 12 26 18
1 13 14 27 9
1 23 9 12
1 3 2 30
1 16 9
1 26 12
1 5 5 14 4 2 22
1 20 5 9 3 0 8
1 25 17
1 22 3
1 14 0 13
1 1 7 2
1 0 7
1 7 8
1 21 17 3 12 2
0 29 23
0 30 2
0 31 13 19
0 32 21 22 29 18
0 33 4
0 34 5
0 35 4 14
0 36 26 20 24 28
0 37 28
0 38 9
0 39 28
0 40 13
0 41 5
0 42 10
0 43 21
0 44 14
0 45 25
0 46 16
1 18 5 4
1 5 1 0 2
1 4 0 3 4
1 14 5 1 2 7 6
1 2 2 0 7 6
1 12 1 3 4 2
1 6 1 0 3 2 5
1 3 1 3 5 0
1 7 3 0 1 5 2
1 11 4 3 2 1
1 13 3 4 5 2
1 10 2 1 8 4
1 17 5 4 9
1 0 2 3 5 9 4
1 9 4 1 3 0
1 1 0 3 1 9
1 15 0 4 6
1 16 1 4 3 6
1 8 2 0 1 4
0 19 3 4
0 20 0 1 7
0 21 7
0 22 4 8
0 23 4 9
0 24 3 4
0 25 2
0 26 6
0 27 7
0 28 7
0 29 0 9
0 30 0 6
1 1
1 3
1 2
1 0
1 5
1 4
0 6
0 7
0 8
0 9

