20
24 23 18 26 24 29 15 29 13 32 26 31 12 47 28 28 42 44 39 31 
1 2 1 13
1 7 7 5 16
1 13 4
1 4 7 10
1 12 2
1 0 6 0 22
1 1 6
1 6 11 9
1 8 11
1 9 11 15
1 10 11
1 14 4
1 5 12
1 3 6 8
1 11 3
0 15 4
0 16 12
0 17 19 21
0 18 14
0 19 0
0 20 18
0 21 19 17
0 22 20
0 23 1
1 0 4 7
1 2 4 12
1 12 3 13 16
1 11 5 15
1 13 3 17
1 8 0
1 1 4
1 7 1
1 9 2
1 4 9 8
1 5 1
1 10 5
1 6 5 6
1 3 10
0 14 7
0 15 14
0 16 10
0 17 11
0 18 7
0 19 0
0 20 7
0 21 14
0 22 2
1 7 1 14
1 5 3 9 17 20
1 8 7
1 10 7
1 3 8
1 9 7 22
1 1 4 13
1 0 12 0 6 10
1 2 2 24
1 6 15 16
1 4 11 5 19
0 11 21 18
0 12 2
0 13 23
0 14 14 25
0 15 7
0 16 9
0 17 14
1 15 14
1 11 1
1 5 2
1 9 6 8
1 3 10 7
1 4 2
1 2 11 21
1 14 0
1 8 3 5 18 20
1 7 13
1 0 10
1 12 3
1 1 10
1 6 12
1 13 3
1 10 4 9
0 16 8
0 17 19 15
0 18 12
0 19 14
0 20 16
0 21 19
0 22 7 17
0 23 3 23
0 24 2
0 25 11 22
1 12 2 5
1 10 16 19
1 5 8
1 11 4
1 9 17 7 13 22
1 4 6 10 23
1 2 14 9 24
1 3 15 0 1
1 14 2 18
1 8 15 12 25
1 0 14 28
1 1 3
1 6 15 11
1 7 6
1 13 2 21
0 15 1
0 16 3
0 17 27
0 18 9
0 19 14
0 20 4
0 21 10 26
0 22 20
0 23 13
1 3 2
1 6 0
1 15 5
1 1 2
1 13 7
1 11 1
1 10 1
1 17 5
1 7 0
1 8 0
1 2 6 8
1 9 3
1 16 5
1 4 2
1 0 4
1 5 6
1 12 1
1 14 7
0 18 4
0 19 5
0 20 9
0 21 8 10
0 22 4
0 23 11
0 24 11 14
0 25 0
0 26 13
0 27 12
0 28 8
1 4 8 2 12 28
1 6 10
1 2 6 15 19
1 5 5 20
1 0 0 7 21 24
1 8 11 14 22
1 3 1 4 18 27
1 7 13 23
1 1 3 9 16 17
0 9 4
0 10 15
0 11 12
0 12 25 26
0 13 2
0 14 12
1 4 2
1 12 3
1 13 3
1 2 7
1 6 1
1 10 1
1 5 2
1 1 5
1 8 1
1 0 5 10
1 11 4
1 17 6
1 9 1
1 14 3
1 15 3
1 7 1
1 16 0
1 3 7
0 18 12
0 19 7
0 20 2
0 21 11
0 22 7
0 23 4
0 24 1
0 25 2
0 26 8
0 27 9
0 28 2
1 6 6 8 26
1 3 6 28
1 2 5 3 21
1 5 2 9 12
1 4 15 4 7 10 20 23 27
1 0 6 13 17 19 29
1 7 15 1 16 18
1 1 14 0 11
0 8 9
0 9 30
0 10 8
0 11 4 22 24 25
0 12 31
1 7 15
1 13 13
1 15 9
1 9 5 1
1 8 15
1 5 10
1 10 6
1 18 3
1 16 4
1 6 12 2
1 3 14
1 2 14
1 17 3
1 1 7 18
1 12 13
1 19 11 16
1 11 6
1 0 5
1 14 13
1 4 7 0 8
0 20 25
0 21 22
0 22 23
0 23 11
0 24 9
0 25 20
0 26 3
0 27 9 19
0 28 25
0 29 1
0 30 21
0 31 17 24
1 3 12 11
1 13 1 25
1 9 7
1 14 18
1 12 16
1 0 5
1 7 5 4 23
1 2 10
1 8 3 9 30
1 11 14 2
1 5 14 21
1 15 18 29
1 1 5
1 10 15 0 6 17
1 4 3 8 13
1 6 14
0 16 2 24
0 17 28 26
0 18 3
0 19 8
0 20 11 22
0 21 19
0 22 14
0 23 8
0 24 19 20
0 25 27
1 14 6
1 16 3
1 17 3
1 6 1
1 13 6
1 1 5
1 10 0
1 8 1
1 11 2
1 9 0
1 2 4
1 0 5
1 5 1
1 3 4
1 7 1
1 4 4
1 15 3
1 12 2
1 18 3
0 19 1
0 20 2
0 21 4
0 22 0
0 23 9
0 24 11
0 25 10
0 26 1
0 27 4 7
0 28 2
0 29 4
0 30 8
1 3 19 4 7 14 16 21 35 39 41 46
1 2 28 3 27 31
1 4 24 9 11
1 6 13 17 18 25 26 30
1 1 20 0 5 10 12 29
1 0 28 6 8 36
1 5 1 2 15 22 23 34
0 7 11 32
0 8 10 33 38
0 9 42 37 44
0 10 43
0 11 40 45
1 3 6 25
1 5 6
1 16 0
1 25 10
1 28 12
1 22 3
1 8 2
1 12 16
1 7 10 1 27
1 21 12 7 19
1 13 0
1 15 0
1 1 5 22
1 19 8
1 18 8
1 23 3 18
1 0 15 11
1 20 6 14
1 26 4
1 14 0
1 10 2
1 11 2
1 27 4
1 17 0
1 6 6 13
1 2 5
1 24 9
1 4 6
1 9 2
0 29 9
0 30 3
0 31 20
0 32 13
0 33 16 17
0 34 1
0 35 6
0 36 21
0 37 24
0 38 20
0 39 7
0 40 7
0 41 3
0 42 0
0 43 10
0 44 23
0 45 24
0 46 13 26
1 9 0 2
1 0 15 23
1 7 15 13 14
1 11 3 22 25
1 14 16
1 3 12
1 4 12 18
1 6 12
1 10 0 11
1 12 3 7
1 13 16
1 2 10
1 15 5 21 26
1 5 12 20
1 16 5 1 8
1 1 4
1 8 10 6 9
0 17 8
0 18 19
0 19 9
0 20 24
0 21 17
0 22 0
0 23 0
0 24 4
0 25 2
0 26 8 27
0 27 5
1 5 23 31
1 12 16 7
1 8 23 0 36
1 10 4 28
1 1 17 19
1 14 5
1 11 8 10
1 15 5 30
1 16 25 1 26
1 6 13 20
1 2 2 9 37
1 9 8 11 15
1 3 12
1 4 22 3 6 21
1 7 16 14 38 40
1 0 18 24
1 13 5
0 17 34 29
0 18 25 32
0 19 27
0 20 3 41
0 21 1
0 22 1
0 23 5
0 24 17 33
0 25 12
0 26 22 39
0 27 16 35
1 21 17
1 25 15 21
1 6 6
1 7 4
1 18 13 42
1 20 0
1 19 15 20 32 43
1 23 11 5 23 40
1 24 9
1 3 19 27
1 14 14 16
1 17 14 28
1 9 3
1 16 26
1 12 14 24
1 10 3
1 15 4 12
1 5 18 36
1 0 2 1
1 2 19
1 8 7
1 4 22
1 13 10
1 11 22 8
1 1 19 41
1 22 25
0 26 39
0 27 37
0 28 2 29
0 29 20
0 30 13
0 31 1
0 32 39
0 33 30 33
0 34 21
0 35 0
0 36 35
0 37 22
0 38 2 38
0 39 26
0 40 23 31
0 41 16 34
1 17 22
1 0 17
1 1 16
1 9 0
1 6 1
1 23 5 25
1 5 10 35
1 8 0
1 16 19
1 24 3
1 12 20
1 25 3
1 19 9
1 15 2
1 14 6 15 21
1 22 5
1 11 12 18
1 20 13
1 4 10
1 2 16
1 10 23 11
1 26 4 7
1 3 16
1 18 22
1 7 0
1 21 19 14
1 13 19 8
0 27 27
0 28 31 37
0 29 14
0 30 10
0 31 3
0 32 38
0 33 1
0 34 0
0 35 32
0 36 11
0 37 34
0 38 8
0 39 23 26
0 40 36 28
0 41 16 24 29
0 42 33
0 43 12 30
1 6 10
1 4 12
1 11 17
1 21 13
1 23 8
1 20 4
1 8 1
1 19 14 3
1 7 7 5 18
1 17 9
1 3 12
1 12 14 19 30
1 13 15
1 18 9
1 22 13
1 15 6 22
1 1 16 0
1 0 11
1 5 12 23
1 14 15 26
1 10 17
1 9 2
1 16 6 28
1 2 12
0 24 29
0 25 11
0 26 20
0 27 9
0 28 6 25
0 29 7
0 30 21
0 31 29
0 32 11
0 33 13
0 34 24
0 35 16
0 36 4
0 37 18
0 38 27
1 1
1 8
1 9
1 17
1 15
1 5
1 13
1 6
1 18
1 14
1 4
1 0
1 3
1 16
1 11
1 12
1 2
1 10
1 7
0 19
0 20
0 21
0 22
0 23
0 24
0 25
0 26
0 27
0 28
0 29
0 30

