20
42 8 26 47 8 26 47 18 26 10 42 26 13 31 20 48 32 32 36 18 
1 8 1 4 0 2 7 3
1 0 4 1
1 1 1 3 4
1 9 2 1 3 4 7 6
1 2 1 3 4 7
1 10 4 3 0
1 3 1 3
1 11 2 0 4 1 7
1 4 3 1
1 5 3 1 4 7
1 22 2 0 4 3
1 12 2 0 4 1 5
1 13 4 1 0 3 2
1 23 3 2 4
1 14 3
1 15 3 1 2
1 16 1 2 3
1 6 4
1 19 0 2 1
1 7 3 1 4
1 20 4 2 5
1 25 2
1 21 0 3
1 24 2 3 7 0
1 17 0 4 3
1 18 0 1 3 2
0 26 0
0 27 4 3
0 28 3 2 5
0 29 7 1
0 30 6 7
0 31 2 0
0 32 7 3
0 33 5
0 34 2
0 35 1
0 36 4 1
0 37 5 7
0 38 1
0 39 7 2 3
0 40 6 1
0 41 7
1 3 1 2 4 8 5 0 3 7 10 9 15 13 11 12 14 6 16 20 21 24 25 17 19
1 0 10 3 9 11 14 6 12 7 0 8 4 2 13 1 5 15 22 21 18
1 4 4 2 5 12 15 14 0 1 10 8 13 3 6 7 9 11 23 24 18
1 2 0 8 13 9 1 12 4 2 14 5 7 6 3 15 10 11 21 16 24 22 18
1 1 7 6 15 5 2 4 3 13 14 9 8 12 1 10 0 11 18 19 24
0 5 10 11 16 25 21 18 0
0 6 10 17 7 2 1 21 24 23 25 8
0 7 19 18 16 23 11 8 14 15 13 0
1 13 11 13 1 14 10 4
1 3 21 17 24 22 28 1 7 19 35 10 16
1 6 25 5 6 28 10 12 31
1 12 7 5 11 28 19 16 38 10 1 34
1 2 5 3 23 24 21 15 43 7
1 11 7 1 6 23 19 32 4 43
1 1 21 20 11 25 9 24 0 5 37 46 33
1 8 15 18 24 10 4 17 12 27
1 14 15 19 18 14 7 40 20 3
1 9 0 4 3 13 6 21 33 8
1 15 16 2 26 15 19
1 5 12 28 26 20 9
1 7 16 27 11 25 23
1 0 9 8 22 15 3 28 14 13 0 36 41
1 4 27 28 2 21 22 41 12 19
1 10 14 10 18 24 0 26 3 6 25
0 16 29 40
0 17 16
0 18 42 9 7 40
0 19 17
0 20 25 44
0 21 36 30 28 5 44
0 22 25 34 30
0 23 25 45 27
0 24 19 0 28 25
0 25 4 39 25
1 8 3 4
1 17 4 3
1 28 1 4 2 3
1 6 4 0
1 22 1 4 3
1 21 2 0 1 5 4
1 16 4 1 0 2 3
1 20 0 4 1 2 7
1 0 3 0 1 4
1 2 4 0 3
1 15 3 4 0 1
1 12 3 1 0 7
1 9 3 2 4 0 1
1 25 3 1 2 4
1 26 4 2 1 3 6
1 10 0 4 2 3
1 27 3 2 1 6 5
1 1 0 3 6
1 23 3 1 4
1 19 4 2 3
1 24 3 1 6
1 3 0 4
1 13 1 4 0 3
1 14 0 3 1 4 7
1 11 0 2 4
1 4 0 4 7
1 18 1 3 2 0 6 7
1 7 2 3 0
1 5 4 3 0
0 29 4
0 30 1 5 3 2
0 31 5 1
0 32 1
0 33 3 7 2
0 34 3
0 35 7
0 36 1 4 2
0 37 2 3
0 38 2 4 6
0 39 4
0 40 6 2 7
0 41 4 5 2
0 42 1
0 43 6
0 44 7 6
0 45 2 4
0 46 7
1 0 3 8 0 12 10 7 2 1 5 14 4 6 13 15 9 20 17
1 4 6 2 5 7 10 9 14 3 15 13 4 0 11 12 1 25 22
1 3 9 13 14 10 0 7 8 4 15 3 2 11 12 5 19 21 20
1 1 4 1 11 15 0 6 9 7 3 8 14 13 17 23 19 20 21
1 2 15 0 12 9 7 6 1 2 13 10 14 4 11 3 18 19 20 24 22 25
0 5 2 22 21 13 19 10 15
0 6 23 25 6 22 3 9
0 7 7 16 21 1 9 17 22 15 8
1 10 13 14 25
1 12 6 23 2 12
1 6 28 18 19 21 23 13 4 2
1 15 1 12
1 7 13 10 12 14 3 25 27 30 36 38
1 11 9 4 11 23 14 34
1 1 26 19 29 35 44 31
1 13 15 17 10 0 14 44 36 21
1 2 11 20 9 15 2
1 4 9 5 2 41 14
1 9 6 2 16 27 22 4 1 0 23
1 14 28 8 34
1 5 0 18 22 1 5 3 24 7 39 40 46
1 0 7 24 21 13 14
1 3 11 3 12 26
1 8 25 22 26 5 0 13 15
0 16 32 43
0 17 5
0 18 1 18
0 19 0 31 2
0 20 5 33 37 35
0 21 13 38 45
0 22 5 37
0 23 23 41 26 2
0 24 18 42 15
0 25 25
1 23 3 1 9 4 5
1 24 3
1 17 9 6 4 2 7
1 6 6 10
1 27 7 4
1 20 1 4 5 7 13 14
1 12 1 6 8 16
1 4 2 8 10
1 28 9 4 12 14
1 3 0
1 25 3 0 2
1 10 7 10
1 22 4 5 8
1 2 10 6
1 26 6 4 3 9
1 5 5 2 1 15
1 7 3 10 11
1 18 3 10 7 9 8 13
1 16 3 4 1 2
1 9 6 2 7 1 0 11
1 21 4 5
1 11 7 5 2
1 15 4 5 6
1 13 8 0 7 4 2 5
1 0 10 4
1 19 5 4 1
1 8 6 3 1 10 2 17
1 1 10 11
1 14 9 8 7 2 5
0 29 9 6
0 30 11
0 31 7
0 32 10
0 33 16
0 34 10 17
0 35 7
0 36 10
0 37 8
0 38 15
0 39 5
0 40 9
0 41 15 12 16
0 42 16 8 3
0 43 16 9
0 44 4
0 45 2 0
0 46 1 9
1 2 4 8 11 15 9 12 0
1 5 3 10 14 7 2 6 24 22 16 4
1 1 1 9 15 14 16 17
1 7 11 13 5 14 0 4 6 1 12
1 10 13 12 9 11 25 21 7
1 4 5 7 9 1
1 3 0 7 9 11 15
1 8 14 2 15 4 12 19
1 6 2 9 3 15 0 6 14 11 13 18 4
1 9 12 15 7 4 2 11 6 13 19 8 1 18
1 0 0 6 2 8 3 1 10 19
0 11 7 17 22
0 12 0 24 22
0 13 0 23
0 14 11 20 1 22
0 15 5 21 23
0 16 11
0 17 20 19 14
1 2 5 2 0 3 7
1 1 3 2 4 5 7
1 13 5 3 1 8
1 3 3 4 2 5 1
1 4 3 4 5 2 1 9
1 15 3 1 4 0 5
1 10 2 1 0 3
1 9 2 4 1 3 0 5 9
1 0 5 0 4 2 9 1 7 3
1 6 0 5 3 4 9 1
1 5 3 4 5 0 6
1 11 5 3 0 1 2
1 14 0 1 4 3 7 2
1 12 3 1 0 5 6
1 7 5 4 0 2 3 1
1 8 1 5 4 0 3 2
0 16 0 2
0 17 4 8
0 18 8 9 2 4
0 19 7 3
0 20 0 1 8
0 21 7 0
0 22 6 8
0 23 3 7
0 24 3 9
0 25 4
1 3 22 0 5 10 15 23 20 24 17 12 11 18 3 4 9 13 8 37 6
1 5 21 1 2 8 17 24 9 16 10 15 11 13 4 6 0 23 22 25 18 37 31 29
1 0 9 19 25 7 3 20 12 6 21 26 35 15 22 37 14 32 2
1 4 21 3 12 6 0 18 15 11 20 31 36 16 37 35
1 2 7 4 13 18 6 1 14 22 17 25 19 5 41 34 16 40
1 1 6 11 14 16 20 1 9 5 19 23 8 15 13 10 7 25 22 12 29 3 0
0 6 1 33 39 40 7 36
0 7 9 30 38 2 34 28
0 8 28 32 4 38 33 35
0 9 17 27 29 34 40 1 2
1 24 9 3 14
1 12 14 13 0 7 1 21 12
1 11 15 12 8 2 18
1 7 12 9 6 5
1 4 5 4 11
1 10 14 5
1 20 8 9 2
1 0 4
1 18 6 10 1
1 13 14 2 3 12 9 25
1 8 11 6 9 1
1 14 5 2
1 2 12 13 2 16 8
1 16 1 12 5 8
1 22 1 0 9 7
1 15 12 3 5 4
1 5 5 11 12 15 9 1 25
1 19 9 1 7 8 14
1 6 6 13 1
1 9 1 12 15 0 11 14 6
1 3 4 12 7 19
1 21 7 2 0 21
1 1 4 13 12
1 17 7 10 11
1 25 5 1 8 10
1 23 9 10 0
0 26 4 12 19
0 27 20
0 28 2
0 29 3 9
0 30 7
0 31 25 17 24
0 32 14
0 33 2 11
0 34 16 21 9 5
0 35 24 9
0 36 8 22 9 21 17
0 37 9
0 38 9 23
0 39 25 2
0 40 20 18
0 41 11 20
1 13 0 2 4 7 9
1 11 2 3 0 5 1
1 7 1 2 0 6 10
1 15 5 3 7 0 9 6
1 0 1 5 6 7
1 9 7 6 4 3 0 2
1 5 6 5 2 0
1 10 7 2 0 6 5 11
1 14 7 4 0 2
1 8 7 0 5 1 2 4 11
1 12 3 0 4 6 7
1 6 6 5 0 4 7
1 3 4 5 3 2 7 6 1
1 1 3 2 6 1 4 0
1 4 0 4 6 1 3 7 5
1 2 1 2 6 0 5 7
0 16 12 6 9 3
0 17 7 3
0 18 7 10 5 1 0
0 19 12 7
0 20 9 8
0 21 9 11
0 22 6 7 1 5
0 23 0 9 10
0 24 8 2 5
0 25 4
1 7 13 8 10 2 16 0 17 4 26 22 5
1 1 2 12 11 14 0 7 6 18 17 5 15 26 13 10
1 3 4 10 11 0 17 12 8 15 18 30 24 22
1 5 0 6 2 14 5 12 13 10 28 29 7
1 2 5 15 17 13 0 2 11 16 7 4 9 22 10 27 20
1 4 11 6 17 15 1 10 0 7 16 12 18 3 2 9 26 21 5 25
1 0 18 1 7 14 16 8 6 4 3 15 10 13 5 11 19 22 2
1 6 3 9 10 6 7 13 12 17 4 15 24 20 25 22
0 8 26 17 23 28
0 9 23 25
0 10 21 27 14 28
0 11 8 20 30 6 4 27 15
0 12 23 9 1 19 5
1 8 5 4 9 10 3 14
1 2 2 1 5 9 14
1 16 10 8 7 0 3 11 6
1 12 3 7 11 19
1 3 1 11 2 8 13 7 4
1 4 5 11 1 7 10 4 9
1 7 2 10 11 3 4
1 14 7 9 4 5 18 2 8
1 18 10 7 16 18
1 10 11 5 9 10 8 4
1 13 3 9 6 7 5 10 13
1 1 7 6 1 2 4
1 15 0 8 3 4
1 9 0 11 10 3
1 6 8 2 9 5 1
1 5 2 11 5 3 7 6 9
1 11 3 6 9 14
1 17 4 8 9 1 10 12
1 0 0 1 11 12
0 19 16
0 20 11 9
0 21 17 1
0 22 2 11 16
0 23 15
0 24 9
0 25 19 12
0 26 1 13
0 27 10 18 11
0 28 17
0 29 15 12
0 30 3 18 8 13
1 7 5 0 4 12 28 8 27 33 10
1 1 29 18 26 27 24 28 2 21 1 17 10 31
1 5 1 3 16 19 20 14 6 17 22 21 15 11 18
1 4 6 9 28 24 29 18 2 41 23
1 6 25 27 23 21 0 2 24 5 10 1
1 0 10 16 29 19 1 42 46 21 33
1 3 5 22 27 17 4 10 14 9 13 3
1 8 21 2 13 17 15 8 25 7 14 19 35 38
1 9 24 6 21 15 28 39 9 26
1 11 23 15 20 4 8 16 36
1 10 17 14 9 4 28 18 13 47 6 8
1 2 8 7 11 5 14 18 10 3 30 35 33 42 2 16
0 12 45 40
0 13 28 13 26 9
0 14 28 23 11
0 15 14 32 47 18 23
0 16 44 37 31 6 20
0 17 34 25
0 18 27 40 43 46 41 26 34
0 19 26
1 29 12
1 18 3 7 10
1 9 7 16 4 2
1 2 9 17 5 21
1 17 5 10 13 3
1 5 1 0 11 5
1 24 18 14 8 12 16 1 15
1 21 15 9 10 11
1 25 19 4 5
1 27 3 12
1 0 5 13 18 17 0 20 16
1 10 15 2 11 0 13
1 16 9 29
1 28 12 1 6
1 20 9 11 4
1 23 1 2 10
1 12 6 3 17 14 15 16
1 22 1 14 0
1 8 5 2 11
1 3 19 13 18
1 14 18 9
1 19 3
1 4 19 2 12 11
1 26 12 8 5 14 7 10 17
1 13 7 1 16
1 6 13 9
1 15 4 13 6 19 5 27 12 2
1 7 8 17
1 11 0 9 3 12 7 30 11
1 1 6 0 19 16 12 26 15
0 30 12 17 9
0 31 16
0 32 24 1
0 33 21 4 28
0 34 26
0 35 30 21
0 36 23 13
0 37 14
0 38 28 29 25
0 39 26
0 40 22 14
0 41 6
0 42 16 14 5
0 43 29 31 19
0 44 8 31 26
0 45 18 12
0 46 25 12
0 47 26
1 0 13 17 0 6
1 18 0 8 19 4 14 23
1 3 7 14 19 25
1 11 11 16 10 19 1
1 19 10 19 3 24
1 12 2 8 5 4 9 17 16 7 15
1 7 2
1 8 2 3 13 0 15 14
1 13 16 3 0 13
1 10 14 19 5 16 0
1 14 16 13 9
1 4 11 5 14 6
1 15 8 14 16 11 2
1 5 13 1 5 8 10 11 18 31
1 16 8 4 0 3 20
1 17 10 5 3 15 0 24
1 1 18 6 11 17 16
1 2 12 20 28 27 16
1 9 17 9 5 19 11 24
1 6 15 13 6 18 29 21
0 20 8
0 21 10 8
0 22 24
0 23 3 10
0 24 13 30 31
0 25 12 21 5
0 26 12 22 26
0 27 2 11
0 28 10
0 29 13
0 30 13 27 7
0 31 23 12 0
1 12 7 1 14 0 6 12 9 23 15
1 2 15 11 6
1 8 11 16 7 2 21 3 28 5
1 18 17 21 5 2 12 29
1 11 4 9
1 5 17 16 7 20 35
1 9 20 12 26
1 1 9 7 19 3 28 34
1 16 6 21 5 3
1 19 0
1 13 10 1
1 10 20 12 34
1 7 9 5 6 33
1 0 15 18
1 6 10 8 32 33 30
1 17 3 2 8 6 33
1 15 0 20 21 8 18 2 11 6 12 24 31
1 3 18 8 11 7 14
1 4 10 5 13 19
1 14 14 4 12 10 7 6 27 2 30
0 20 23 31
0 21 22
0 22 5
0 23 12
0 24 0
0 25 34 25 6
0 26 35 0
0 27 20
0 28 14
0 29 20 30 10
0 30 1 28 23 11 29
0 31 5 27 11
1 16 6 5 2 7 3
1 18 7 8 1
1 15 2 7 5 4 8 15 0
1 9 10 5 16
1 21 1 5 7 8
1 6 1 10 4 5 2
1 20 8
1 10 4 5 3 17
1 11 1 5 6
1 3 0 8 4 1
1 8 8 3 4
1 1 9 6
1 17 7 5 10 8 3
1 13 1 7 6
1 2 8 0 9 4
1 0 9 6
1 5 0 10 2 8
1 14 7 6 1
1 12 10 5 17
1 4 2 9 5 0 4 17 11
1 7 1 2 3 10 14
1 19 8 5 2 13
0 22 6 10
0 23 8 11
0 24 0 16
0 25 15
0 26 15 2 16 14
0 27 3
0 28 14 17
0 29 7
0 30 4 12
0 31 15 16
0 32 12 3 4
0 33 5 10 0 11
0 34 15 5
0 35 13 3 10
1 0
1 5
1 6
1 7
1 2
1 9
1 4
1 10
1 8
1 1
1 3
0 11
0 12
0 13
0 14
0 15
0 16
0 17

