13
23 35 26 23 8 27 26 11 26 27 23 27 6 
1 11 11
1 18 18 25
1 17 19 3
1 7 16
1 3 21 7 28
1 2 8 15 26 30
1 15 13 32 33
1 5 8 22
1 12 2 0 9 20
1 0 24
1 1 17
1 14 23 6 12
1 13 10 1
1 10 5
1 9 13 14
1 6 21 31 34
1 16 13
1 4 27 4
1 8 2
0 19 25
0 20 4
0 21 2
0 22 29
1 18 20
1 21 15 3 12
1 14 2
1 27 8
1 9 18
1 15 2
1 25 16
1 3 1 24
1 12 14 21 25
1 24 16
1 17 17
1 16 17
1 23 9
1 22 9
1 7 0
1 4 19
1 13 14
1 1 10
1 28 8
1 20 7 6
1 19 20
1 10 5 13
1 5 19
1 11 18
1 0 10
1 26 16
1 2 10
1 6 0
1 8 4 11
0 29 22
0 30 18
0 31 14
0 32 18
0 33 17 23
0 34 16
1 4 12
1 1 6
1 11 17 1
1 15 2
1 9 4 19
1 5 15
1 20 18
1 8 0
1 19 14
1 17 11 7 22
1 0 6
1 2 3
1 13 5 16
1 7 10 13
1 10 9
1 16 2
1 18 14 20
1 12 8
1 6 15
1 3 10 21
1 14 11
0 21 15
0 22 6
0 23 13
0 24 5
0 25 17
1 6 5
1 5 5
1 15 0
1 1 3
1 7 2 6
1 14 0
1 0 3
1 18 4
1 11 1
1 8 2
1 2 3
1 12 1
1 3 3
1 10 1 7
1 16 0
1 4 5
1 9 2
1 13 0
1 17 0
0 19 0
0 20 3
0 21 1
0 22 4
1 4 18 3 14 17
1 3 9 15 20
1 2 7 6 23
1 0 21 2 4 5
1 5 19 10 11 16 24 25
1 1 13 0 1 8 12
0 6 17 26
0 7 9 22
1 17 15 14
1 5 18
1 11 2
1 12 4 20
1 1 7 23
1 13 4 5
1 6 6 17
1 14 12
1 9 7 11
1 15 12
1 3 7
1 16 3 10 24
1 0 9 1
1 10 13
1 19 4
1 7 3
1 18 0
1 20 8
1 2 7
1 21 4 19
1 8 16
1 4 18
0 22 13
0 23 7 22
0 24 7
0 25 21
0 26 1 25
1 15 4
1 0 3
1 10 4
1 7 6
1 17 0
1 6 6
1 11 4 9
1 3 2
1 18 0
1 2 2
1 20 7
1 13 4
1 12 4
1 9 8
1 14 4
1 16 0
1 8 8
1 1 2
1 4 1
1 19 5
1 5 1
0 21 3
0 22 1
0 23 7
0 24 1
0 25 10
1 6 13 6 20
1 2 8 2 3 9
1 1 17 24
1 0 11
1 5 1 10 21
1 7 16 12 18
1 3 19 7
1 8 5 4 14
1 4 15 0 25
0 9 22
0 10 23
1 3 3 1
1 7 16
1 1 4 11 25
1 9 21
1 11 9
1 19 10 23
1 17 10 5
1 10 9
1 16 20
1 5 14
1 14 20
1 2 8 2
1 8 14 0 12
1 0 19
1 12 13
1 15 20
1 13 6 15
1 4 20 7
1 20 18
1 6 20 17
1 18 10
0 21 22
0 22 24
0 23 3 26
0 24 19
0 25 5
1 15 14
1 11 16
1 8 0
1 2 11
1 5 9
1 17 8 17
1 13 12 6
1 0 5
1 4 9
1 14 3 10
1 19 13
1 6 4
1 7 1
1 16 3
1 9 16 7
1 20 8
1 10 16
1 1 5
1 21 8
1 3 18
1 18 13 19
1 12 2 15
0 22 13 20
0 23 21 22
0 24 12
0 25 10
0 26 9
1 7 9
1 5 2
1 6 19 8 25
1 14 2 12 22
1 4 1
1 0 0
1 15 20 17
1 8 20 3
1 18 13
1 3 1 6
1 11 18
1 1 7 15
1 9 9
1 16 11
1 13 18
1 17 14
1 10 20 4 16
1 12 1 5 10 26
1 2 21
0 19 18
0 20 8
0 21 24
0 22 23
1 0 2
1 7 1
1 9 1
1 5 2
1 15 3
1 14 0
1 6 1
1 1 2
1 11 0
1 12 0
1 18 3
1 16 3
1 20 3
1 21 3 4
1 17 3
1 2 2
1 3 2
1 10 1
1 13 0
1 8 1
1 19 3
1 4 2
0 22 5
0 23 0
0 24 0
0 25 3
0 26 2
1 2
1 1
1 0
1 3
1 4
0 5

