20
37 34 13 36 37 37 12 37 8 39 36 40 10 28 18 18 44 47 42 40 
1 12 8 16 32
1 9 11 15 3 18
1 6 16 2 13 20
1 0 11 4 7 14 17 16
1 3 1 9 10
1 5 10 1
1 22 3 6 31 11
1 11 13 25 5 30
1 17 13 12
1 4 20 14 7
1 15 13 0 5 19 26 8
1 16 2 18
1 2 13 15 30
1 18 10 6 18
1 1 9 14 13
1 7 5 17 19
1 20 5 12 2 3 14
1 8 1 7 3
1 13 18 12 15
1 21 8 6
1 14 10 7 20 2 25 21
1 19 11 12 13
1 10 5 15 20 16
0 23 14
0 24 17 28
0 25 17 29
0 26 21
0 27 24
0 28 33
0 29 17 25 27
0 30 5 20
0 31 9 22 31
0 32 17 28
0 33 23 0
0 34 3
0 35 20
0 36 1
1 12 3 6 1
1 6 6
1 9 4 6 0
1 18 2 0 12 3
1 5 7 4 1 12
1 19 1 5
1 15 5 4 11
1 4 7 2 4 1
1 20 5 2
1 7 0 2 7 4
1 11 1 2 3 4
1 16 1 3 5 6 0
1 14 0 6
1 10 1 5 3 7 4
1 2 3 7 4 6 5
1 3 3 7
1 0 4 6
1 8 3 4 1 2 12
1 13 2 3
1 1 6 4 7 5 2
1 17 1
0 21 10
0 22 3
0 23 2
0 24 9
0 25 1
0 26 5
0 27 12 5 1
0 28 3
0 29 7
0 30 12
0 31 0 11 3 1
0 32 8
0 33 7 0 2
1 6 17 0 19 6 8 11
1 5 14 9 7 26
1 4 11 3 8 21 15 9 13 16 17 0
1 3 5 18 15 6 3 2 7 28 13 29 1
1 1 4 2 7 20 16 6 19 10 17 5 18 31 24
1 7 17 2 20 0 14 23
1 2 1 12 13 16 17 9 5 11 8 23 25 18
1 0 5 6 10 15 8 11 7 9 12 0 17 19 29 3
0 8 16 34 27
0 9 32 30
0 10 35 22 24 16 21 12
0 11 27 25 12
0 12 4 33
1 15 21 19 29 36
1 5 8 15
1 12 4 3 9
1 17 19 13 1 16
1 0 0
1 8 22 20 19 4 12
1 21 2 13 31 28 0 29 5
1 4 8 6 12 3 17 26
1 9 6 9 8 3 19 13 1
1 14 10 18 5 22 35 36
1 3 8 16 12 4
1 7 20 1 0 6
1 2 11 16
1 20 5
1 19 4 5 14 22 28
1 11 8 13
1 16 5 14 16 0
1 13 7 16 17 4 9
1 10 0 6 27
1 1 19 10 8 25
1 18 1 15 13 16 6 17
1 6 22 12 10 3
0 22 3 26
0 23 14 35
0 24 13
0 25 11
0 26 18
0 27 9
0 28 24
0 29 26
0 30 30 23 34 20
0 31 11
0 32 28 32
0 33 16
0 34 16
0 35 9 33 29 1
1 3 0 11
1 17 21 20 14 30
1 22 17 21 34
1 9 5 8 1 0 9
1 14 0 10 16 13 30
1 18 21 0 15
1 16 21 1 11 27
1 11 5
1 0 19 8 15
1 7 22 8 14
1 6 13 14 4 15 19 21
1 1 15 20
1 2 3 11 12 8 25
1 19 1 23 36
1 20 18 4 14 21 35
1 15 2 9 20 21 4
1 12 16 8
1 8 5 0
1 10 21 20 3
1 5 10 24
1 4 6 7
1 21 16 4
1 13 2 0 18 12
0 23 22 31
0 24 13 12
0 25 14
0 26 26
0 27 5 4
0 28 19 1
0 29 8
0 30 13 28 32
0 31 12
0 32 5 28
0 33 33 29
0 34 32 36
0 35 13
0 36 3 18
1 8 4 1 11 7
1 16 5 3 6 1 2
1 20 5 1
1 3 4
1 15 0 6
1 13 4 5 6
1 12 1
1 2 3 6 10
1 6 6
1 1 3 4 7 0
1 7 6 3 0
1 4 3 1
1 9 1 6 4
1 19 0 10
1 10 4 1
1 0 3 2
1 21 0 5
1 18 1 5 0 7
1 17 3 5 0 2 7
1 5 3 0 4 9
1 11 1 6
1 22 2 5
1 14 6 3 5 4 1 0 2 8
0 23 9
0 24 2 5
0 25 1
0 26 8 6 7
0 27 10
0 28 10
0 29 6 7
0 30 8 2
0 31 3
0 32 0 8
0 33 0
0 34 10
0 35 3 11
0 36 3
1 4 5 2 6 10 18 1 20 0 16 11
1 3 9 16 5 6 19 18 21 3 1 2 4 34 0
1 6 15 17 20 6 0 8 21 10 36 3
1 0 0 19 9 21 11 4 3 13 32 33
1 1 8 1 3 11 12 14 13 15 4 16 9 0 25
1 5 8 4 13 21 22 14 15 18 17 25 36
1 2 7 6 9 3 19 18 20 12
0 7 17 35 32 20 11
0 8 26 24 6 21 19 17
0 9 0 28 30 31 36 8 26
0 10 6 36 9 13 15
0 11 27 23 29 13
1 8 4 2
1 15 4 0
1 10 3 0 4 1 2
1 14 1 2
1 0 4
1 11 4 0 1 3
1 17 4 0 2
1 4 2 4
1 18 0 1
1 9 4 3 2 1
1 22 2 0 7
1 3 2 4 5
1 7 1 3
1 5 1 4 2 3 5
1 12 3 0 4 1 5
1 19 2 1 0 3 4
1 6 3 1
1 13 0 1 4 3 7
1 21 3 0 4
1 1 1 4 3 6
1 2 1 4
1 16 3 0 4
1 20 2 0 1 3
0 23 4 6
0 24 5
0 25 6 2
0 26 0 4
0 27 2
0 28 1 0
0 29 0 6
0 30 4
0 31 1 6 0
0 32 2
0 33 5 0
0 34 2 1
0 35 7 1 6
0 36 4 3
1 4 7 1 5 6 10 20 14 8 2 19 18 21 23 29 37 16 11 31
1 1 19 4 9 22 23 21 0 7 12 20 3 5 2 18 25 31 35 37 30
1 3 11 2 14 20 21 0 1 3 10 16 6 8 18
1 2 18 8 12 13 17 16 10 20 3 2 15 22 0 11 26 4 28
1 0 16 0 3 15 20 2 21 1 34 10 5
0 5 33 27 6
0 6 3 28 32 14 34 23 1 8
0 7 38 24 30 36 23 15 37 5
1 10 11 18 14
1 22 7 18
1 0 6 16 21 17 26
1 2 3 0 7 16 29
1 15 19 9 14 10 32
1 5 6 13 35
1 19 21 8
1 16 5 12
1 21 1 19
1 14 5 8 15
1 17 15 5 11 18
1 18 10 15
1 6 5 20 6 3
1 8 12 16 28
1 3 2 16 17 20 1
1 7 4 15
1 4 6 13
1 12 20 3
1 9 9 17 13 0 16 32
1 1 6 14 31
1 11 1 0 7
1 13 13 0
1 23 20 12
1 20 10 1 26 28
0 24 28
0 25 10 26
0 26 34
0 27 1
0 28 30
0 29 23 33
0 30 28
0 31 24 25 19
0 32 24 26
0 33 7 11 16 9
0 34 27
0 35 9
0 36 27 33 9 6
0 37 22
0 38 28
1 9 0 5 14 8 38
1 17 3 11 0 8
1 5 3 18 15 30
1 4 4 15
1 3 23 18 14 8
1 6 16 6 19
1 2 22 24 31 17
1 10 16 10 11 21
1 14 8 36
1 18 17 5 6 9
1 11 13 17 37
1 8 18 19 3 15 29
1 19 21 17 11 13
1 15 20 2 24 10 25
1 7 16 19
1 16 21 9 17 27 3
1 0 10 14 18
1 1 13 7 12
1 21 3
1 12 17 15 9 34
1 20 19 11
1 13 1 24 3 22 2
0 22 2 12 28
0 23 19 11
0 24 39 25
0 25 22
0 26 28 23 37
0 27 20
0 28 6
0 29 2
0 30 0 35
0 31 32
0 32 21
0 33 38 26 8
0 34 21 33 28 24 26
0 35 16
1 6 4 0 2 9
1 20 2 5 4
1 12 5 1 0
1 21 2
1 11 2 4
1 24 3 5
1 9 4 3
1 5 0 4
1 14 0 3
1 15 1 5 3
1 7 4 3
1 23 2
1 1 4
1 10 1 3 5 4
1 4 3 1 2 8
1 8 3 0 4
1 3 4
1 16 0 5 2 1
1 0 1 9 8
1 18 4 5 2 0
1 22 2
1 17 3
1 2 0 1 8
1 19 4 5 2
1 13 1 5 9
0 25 1
0 26 7 6
0 27 4
0 28 8
0 29 3
0 30 0
0 31 6
0 32 0
0 33 0 9
0 34 2 8
0 35 9 2
0 36 1 3
0 37 4
0 38 0
0 39 1 2 8
1 2 6 8 13 0 9 15 16 14 5 19 20 24 2 25
1 0 9 7 13 5 26 16
1 4 5 0 1 16 14 9 4 11 8 2 10 18
1 3 13 2 10 14 7 0 6 4 8 12 22 27 16
1 1 7 11 15 13 2 0 6 1 5 12 18 21 16 4
1 5 9 3 4 12 5 11 8 23 25 17 0 16
0 6 1 17
0 7 9 2 8
0 8 2 17
0 9 14 7 15
1 0 10 2 8
1 6 5 8 10 9
1 8 4 9 7 11 12
1 12 4 3 6 9 5 1 12
1 15 6 5 12
1 2 8 7 15
1 4 2 10 0 7 13
1 1 10 4 2
1 16 6 3 5 13 17
1 5 1 5
1 14 9 7 3
1 10 7 5
1 11 0 5 2 9
1 3 1 2 7
1 7 6 2 5 1 14 17
1 9 2 7 5 3 12 0
1 13 5 6 7 0
0 17 16 3
0 18 0
0 19 6 16
0 20 5 12
0 21 2
0 22 10
0 23 3
0 24 9
0 25 4
0 26 3 4
0 27 15 13 8 1
1 6 5 8 9 0 6 10
1 3 9 10 6 13
1 2 1 8 4 6 10 11
1 8 3 4 1 6
1 1 0 8 16
1 7 7 6
1 9 3 2 7 1 6 4 17
1 5 9 7 0
1 0 9 6 0 15
1 10 7 6 1 10 2
1 4 2 10 8 1 9 4 6
0 11 0 17
0 12 1 12 13 17
0 13 3 8
0 14 3 11 16
0 15 7 6
0 16 8 14 7 17
0 17 5 13
1 4 7 4 21 22 9 15 27 28 36 41
1 8 20 15 8 2 17 10 9
1 5 7 25 26 13 9 4 12 17
1 9 9 2 5 12 1
1 0 6 24 17 23 37
1 10 1 10 12 13 16 15 42
1 3 17 14 25 11 12 29 27 35
1 7 11 19 10 32 37 31
1 2 5 26 22 7 2
1 1 11 0 8 1 14 5 6 3 40 30 25
1 6 23 2 3 18 21
0 11 30 38 26 7
0 12 21 20 0
0 13 10 39 17
0 14 12 34 43
0 15 9
0 16 35 23
0 17 4 31 33 18
1 1 16 10
1 25 0
1 22 9 8 26 29
1 15 18 9 20 12
1 10 14 2
1 2 27 23 41
1 6 23 18 37 44
1 4 23 7 20
1 16 9 8
1 18 11 3 0 5 41
1 23 21
1 11 14
1 24 28 4 3 42
1 12 10 5 20 24 25 26 11
1 3 16 24 34
1 21 22 1 45
1 26 15
1 8 6 3
1 20 9 12
1 13 1 40
1 9 2 6 21
1 14 12 6 5
1 5 13 17 8
1 0 23 42
1 17 16 25 8
1 7 19
1 19 21 3 12 14
0 27 2 13
0 28 31 13
0 29 2
0 30 14 35
0 31 27
0 32 31 46 16
0 33 36 30
0 34 2
0 35 27 12
0 36 14 38 43
0 37 39 34
0 38 26 32
0 39 19
0 40 3
0 41 28
0 42 0
0 43 36 33
1 23 2 13 19 37
1 14 7 5 1
1 9 22 12 4 21
1 17 14 17 15 8 6 20
1 22 16 23 1 9 6 14 19
1 21 16 11
1 3 19 18
1 15 17 12
1 12 15 2 30 22
1 18 17 21
1 2 19
1 4 25 18 5 39
1 19 9 14 33
1 11 3 12 40
1 13 7 17 11
1 25 6 10 12 5 35
1 7 21 17 8 12 15 3
1 0 4 25
1 16 3
1 10 1 19 22 37
1 5 0 11
1 20 20 4
1 24 16 37
1 1 8 18
1 6 4 31
1 27 2
1 28 24
1 8 4 11 8
1 26 9 6 38 36
0 29 15 26
0 30 41
0 31 3
0 32 10
0 33 3 29
0 34 21
0 35 24 9
0 36 14
0 37 25
0 38 27 23
0 39 0
0 40 9
0 41 28
0 42 2
0 43 32 36
0 44 34
0 45 28
0 46 7
1 1 23 18 17
1 16 2 3 22 24 35
1 19 19 5 10 11 20
1 12 24 7 33 21 25
1 8 20 13 9 27
1 13 24 9
1 24 11 19 20 32
1 4 20 15 5
1 3 4
1 11 18 15
1 22 8 3 6
1 15 6
1 9 23 8 6
1 25 10 32
1 18 0 16 7 17 26
1 2 17
1 17 14 6 9
1 14 9 24 13
1 6 18 1 6 23
1 5 9 25
1 21 0 24 13 38
1 7 5 8
1 10 5 11
1 23 16 13 24
1 20 7 12 15 24
1 0 21 20 38
0 26 30
0 27 8
0 28 23
0 29 28 9
0 30 29 30 5
0 31 18
0 32 7
0 33 17
0 34 34 27
0 35 11
0 36 12 39
0 37 11
0 38 2 36
0 39 15 26
0 40 17 25
0 41 31 37
1 18
1 13
1 8
1 20
1 6
1 2
1 12
1 10
1 14
1 7
1 23
1 17
1 22
1 16
1 19
1 15
1 21
1 4
1 5
1 24
1 3
1 0
1 9
1 1
1 11
0 25
0 26
0 27
0 28
0 29
0 30
0 31
0 32
0 33
0 34
0 35
0 36
0 37
0 38
0 39

