20
37 34 13 36 37 37 12 37 8 39 36 40 10 28 18 18 44 47 42 40 
1 3 8 27
1 18 11
1 20 16
1 12 11 4
1 22 1
1 15 10
1 0 3
1 10 13
1 11 13 21
1 9 20
1 7 13 0
1 21 2
1 8 13 15 22
1 6 10 6
1 1 9 14 32
1 14 5 17 19
1 5 5 12
1 17 1 7
1 2 18
1 4 8
1 16 10
1 19 11
1 13 5
0 23 3
0 24 19
0 25 31
0 26 23
0 27 30
0 28 24
0 29 26
0 30 3
0 31 3 28
0 32 1
0 33 25
0 34 8 29 33
0 35 4
0 36 8
1 7 3 12
1 20 6
1 18 4
1 2 2
1 10 7
1 14 1
1 5 5
1 11 7
1 4 5
1 0 0
1 15 1 10
1 16 1
1 1 0
1 13 1
1 6 3
1 8 3
1 17 4
1 9 3
1 3 2
1 19 6
1 12 1
0 21 6
0 22 8
0 23 5
0 24 0
0 25 8
0 26 0
0 27 9
0 28 7
0 29 11
0 30 4
0 31 4
0 32 3
0 33 11
1 0 17 0 19
1 5 14 9 34
1 1 11 3 8 21 24 28 29
1 3 5 18
1 6 4 2 7 20 27 32 35
1 2 17
1 7 1 12 13 16 26 31
1 4 5 6 10 15 22
0 8 12
0 9 12
0 10 25
0 11 5 23 33
0 12 1 30
1 3 21
1 19 8
1 9 4 3 27
1 2 19 13
1 12 0
1 8 22 31
1 1 2
1 20 8
1 5 6 9
1 10 10 18 33
1 17 8
1 6 20
1 21 11
1 16 5 36
1 14 4
1 18 8
1 15 5 14
1 7 7 16 17
1 11 0
1 0 19
1 13 1 15 26 34 35
1 4 22 12
0 22 5
0 23 16
0 24 11 24
0 25 13
0 26 19
0 27 17
0 28 23
0 29 21 30
0 30 11 29 32
0 31 10
0 32 6 25
0 33 7
0 34 28
0 35 1
1 15 0
1 11 21 20
1 2 17
1 5 5 8
1 16 0
1 19 21
1 17 21 29
1 12 5
1 21 19
1 1 22
1 7 13 14 25
1 22 15
1 8 3 11 12
1 6 1
1 14 18 4
1 20 2 9
1 4 16
1 13 5 27
1 18 21
1 0 10
1 9 6 7
1 3 16 34
1 10 2
0 23 0
0 24 24 23
0 25 14 31
0 26 32
0 27 26
0 28 19
0 29 21 33
0 30 22
0 31 15
0 32 20 28
0 33 35
0 34 19
0 35 8 36
0 36 30
1 15 4
1 10 5
1 11 5
1 12 4
1 9 0
1 14 4
1 4 1
1 18 3
1 2 6
1 22 3
1 0 6
1 17 3
1 3 1
1 8 0
1 13 4
1 21 3
1 7 0
1 5 1
1 19 3
1 20 3
1 6 1
1 16 2
1 1 6
0 23 1
0 24 11
0 25 7
0 26 1
0 27 4
0 28 6
0 29 4
0 30 7
0 31 10
0 32 3 9
0 33 5
0 34 8
0 35 6
0 36 5
1 2 5 2 6 10 18 33
1 1 9 16
1 5 15 17 20 24 27
1 6 0 19
1 4 8 1 3 11 12 14 25 30
1 3 8 4 13 21 22
1 0 7
0 7 11 32
0 8 5 26 29
0 9 16 28 34
0 10 31 23 36
0 11 35
1 10 4
1 7 4
1 14 3
1 19 1
1 5 4
1 8 4
1 9 4
1 1 2
1 16 0
1 6 4
1 3 2
1 2 2
1 20 1
1 18 1
1 13 3
1 4 2
1 12 3
1 17 0
1 15 3
1 22 1
1 21 1
1 11 3
1 0 2
0 23 0
0 24 7
0 25 7
0 26 4
0 27 4
0 28 5
0 29 0
0 30 4
0 31 6
0 32 0
0 33 2
0 34 3
0 35 6
0 36 2
1 3 7 1 5 6 10
1 4 19 4 9 22 23 35 38
1 0 11 2 14 20 21 25 28 29 31 33 34
1 2 18 8 12 13 17
1 1 16 0 3 15 30
0 5 21 26
0 6 32 27 36 37
0 7 20 24
1 14 11 18
1 23 7 31
1 5 6 16
1 12 3 0
1 2 19
1 1 6
1 10 21 8
1 19 5
1 8 1 33
1 20 5
1 13 15
1 15 10 25
1 18 5
1 4 12
1 9 2
1 17 4
1 0 6
1 21 20
1 6 9 17
1 11 6 14 24
1 7 1
1 3 13
1 22 20
1 16 10 23
0 24 35
0 25 22
0 26 32
0 27 6
0 28 35
0 29 15
0 30 13
0 31 26
0 32 27
0 33 19
0 34 30
0 35 2 34
0 36 26
0 37 29
0 38 28
1 16 0 35
1 7 3 11
1 8 3
1 6 4 15
1 17 23
1 18 16 6 39
1 0 22
1 20 16
1 2 8
1 3 17 5 32
1 13 13 28
1 15 18 31
1 5 21
1 4 20 2
1 21 16
1 12 21 9
1 11 10 14 29
1 9 13 7 12
1 10 3
1 1 17 25 37
1 19 19
1 14 1 24
0 22 36 33
0 23 10
0 24 6
0 25 4
0 26 12
0 27 34
0 28 17 30
0 29 36
0 30 0
0 31 0 27
0 32 5
0 33 22
0 34 6 26
0 35 38
1 20 4
1 13 2
1 4 5
1 11 2
1 12 2
1 6 3
1 22 4
1 0 0
1 3 0
1 17 1
1 18 4
1 10 2
1 19 4
1 14 1
1 5 3
1 7 3
1 24 4
1 2 0
1 15 1
1 23 4
1 9 2
1 8 3
1 1 0
1 21 4
1 16 1
0 25 9
0 26 3
0 27 7
0 28 0
0 29 4
0 30 5
0 31 8
0 32 1
0 33 6
0 34 8
0 35 3
0 36 6
0 37 7
0 38 2
0 39 3
1 0 6 8 21 24
1 4 9
1 3 5 0 1 16
1 2 13 2 10 14 19
1 5 7 11 15
1 1 9 3 4 12 27
0 6 11 25
0 7 17 22 26
0 8 23 20
0 9 6 18
1 15 10
1 8 5
1 5 4
1 4 4 3
1 0 6
1 13 8 11
1 6 2
1 16 10
1 2 6
1 12 1
1 10 9
1 14 7
1 3 0
1 11 1
1 1 6
1 7 2
1 9 5
0 17 16 13
0 18 7
0 19 6 14
0 20 3
0 21 12 15
0 22 5
0 23 4
0 24 17
0 25 17
0 26 1
0 27 17
1 1 5
1 7 9 10
1 4 1 8
1 2 3 4
1 3 0
1 5 7
1 0 3 15
1 9 9
1 8 9
1 6 7 6 11
1 10 2 14
0 11 13
0 12 3
0 13 13 12
0 14 6 16
0 15 10 17
0 16 4
0 17 6
1 3 7 4 21 22 33 35
1 5 20 15 30
1 10 7 25 26 37 41
1 0 9
1 4 6 24
1 2 1 10 12 13 16 43
1 7 17 14
1 6 11 19
1 1 5 29
1 9 11 0 8 39 42
1 8 23 2 3 18
0 11 25 34 38
0 12 2
0 13 13 31 40
0 14 4
0 15 23
0 16 3 28 32 36
0 17 15 27
1 25 16
1 1 0 34
1 20 9 8 26
1 19 18
1 9 14 31 45
1 6 27 30 33
1 12 23
1 15 23 7
1 17 9
1 3 11
1 22 21
1 10 14 29 38
1 2 28 4
1 7 10 5 20 24
1 24 16
1 5 22
1 0 15
1 8 6 43
1 16 9 37
1 18 1
1 21 2
1 4 12
1 14 13 17
1 13 23
1 11 16 25 44
1 26 19
1 23 21 3
0 27 40
0 28 24
0 29 5 35 36
0 30 5
0 31 32
0 32 18
0 33 21
0 34 41
0 35 18
0 36 11 46
0 37 14
0 38 4
0 39 7
0 40 42
0 41 21
0 42 18
0 43 39
1 1 2 13
1 18 7 5 38
1 23 22 12
1 25 14 34
1 3 16 23 36
1 4 16 11
1 12 19 18 32
1 16 17
1 22 15
1 17 17
1 15 19
1 5 25 30
1 7 9
1 20 3
1 13 7
1 0 6 10
1 26 21
1 10 4
1 21 3
1 28 1
1 19 0
1 24 20
1 8 16
1 14 8
1 9 4 31
1 2 2
1 27 24
1 11 4
1 6 9 39
0 29 13
0 30 28
0 31 29
0 32 33
0 33 10
0 34 18
0 35 6 40
0 36 2
0 37 41 35
0 38 20
0 39 20
0 40 15
0 41 37
0 42 26
0 43 10
0 44 27
0 45 21
0 46 25
1 15 23
1 25 2 3 22
1 5 19
1 17 24
1 10 20 36
1 18 24
1 0 11
1 11 20
1 12 4 37
1 7 18
1 1 8
1 4 6
1 16 23
1 2 10 30
1 21 0
1 19 17 39
1 8 14 31
1 14 9 27 38
1 9 18 1
1 13 9
1 20 0
1 22 5
1 23 5
1 3 16 13
1 24 7 12 15
1 6 21
0 26 35
0 27 33
0 28 0
0 29 11
0 30 7
0 31 12
0 32 32
0 33 16
0 34 13
0 35 34
0 36 29
0 37 26
0 38 29
0 39 25
0 40 33 28
0 41 6
1 17
1 10
1 22
1 23
1 12
1 18
1 5
1 19
1 1
1 13
1 2
1 0
1 20
1 3
1 9
1 21
1 4
1 16
1 8
1 6
1 11
1 7
1 24
1 14
1 15
0 25
0 26
0 27
0 28
0 29
0 30
0 31
0 32
0 33
0 34
0 35
0 36
0 37
0 38
0 39

