13
32 6 20 35 6 20 35 14 20 8 32 20 10 
1 4 3
1 9 3 2 1 4
1 10 4 3
1 11 1 2
1 0 1
1 13 4
1 15 3 0
1 1 1
1 21 4 0
1 5 1 4 3
1 22 2
1 2 1
1 14 4
1 12 1 2
1 23 2
1 6 3
1 16 3 0
1 17 2 4
1 24 2
1 7 4 1
1 18 3 0
1 20 3 2 0
1 8 3
1 3 1
1 19 4 2
1 25 0
0 26 0
0 27 1 5
0 28 5
0 29 5
0 30 0
0 31 0
1 4 0 12 11 9 3 1
1 0 9 2 11 1 15 3 10 5 0 18
1 3 8 1 4 10 12 0 2 7 17
1 1 15 3 5 9 6 1 2 16
1 2 14 6 7 13 10 15 2 9 3
0 5 7 19 13
1 13 6 27
1 0 20 28
1 11 9 21
1 14 12 10
1 9 16 18 4
1 5 19 3 14 23 13
1 10 4 11
1 7 11 22 2
1 15 21 13
1 4 25 0 2 22 17 16 29
1 2 7 8 17 15 1 24
1 6 5
1 8 7 25 6 30 32
1 1 21 1 24 34
1 12 15 10 8
1 3 15 26 14 19
0 16 21
0 17 31 33
0 18 31
0 19 4
1 4 3
1 5 1 0 3
1 16 1 4 3
1 19 2
1 17 3 4
1 14 1
1 28 4 0
1 11 3 2 0
1 24 4
1 13 1
1 25 4
1 21 1 4
1 22 2 4
1 23 4
1 10 0 3 2
1 15 3 4 1
1 27 4
1 12 3 1
1 8 3
1 2 3
1 3 3
1 26 4
1 6 0 1
1 9 3 2 0 4
1 1 0
1 7 3 0
1 20 4 1
1 18 3 4
1 0 0
0 29 0
0 30 4
0 31 5
0 32 0
0 33 0
0 34 3
1 0 15 2 3 13 11
1 2 8 0 9 14 6 10
1 3 6 7 15 13 17 18 19
1 1 13 5 10 12 11 9 4 16
1 4 4 1 11 6 10 8 5
0 5 7
1 10 26 0
1 15 11
1 7 21 25 32 33
1 4 19 12 26 10
1 11 8 5 24 25 6
1 14 27 20 11 25
1 13 16
1 8 4
1 6 13 4 28
1 5 6 22 17
1 3 28 17
1 1 1 23 11 2
1 2 13 14 34
1 12 9 7 31
1 9 26 2 18 9 21 30
1 0 15 3 10
0 16 11
0 17 25
0 18 17
0 19 9 29
1 5 0
1 8 9
1 3 2
1 21 6 12
1 15 6 9
1 14 4 1
1 12 8 5
1 10 1
1 13 3 10
1 27 3
1 1 9 5
1 23 6
1 7 7 10
1 9 1 4 10
1 11 1 13
1 0 2
1 20 9 8
1 6 0
1 19 3 1
1 18 7
1 17 4
1 2 10 0
1 22 6
1 4 5 9
1 28 3
1 25 3 6
1 26 3
1 24 6
1 16 4
0 29 7
0 30 1
0 31 5 11
0 32 3
0 33 10
0 34 6
1 3 4 10 5 19
1 5 10
1 2 7 6 4 1 14
1 9 2 15
1 6 2 11 14 15
1 0 8 4
1 8 2 3 18
1 7 15 1 5 2 14
1 10 2 9 12
1 4 13 3 6 11
1 1 10 0 17
0 11 16
0 12 5
0 13 4
1 0 4
1 4 5
1 11 1
1 10 5 3
1 1 5 4
1 12 3
1 9 0 4 3
1 3 4 1
1 2 2
1 14 0 1
1 8 0 4
1 6 5
1 15 3 6
1 5 5
1 7 3 5 2 0 4
1 13 3
0 16 3
0 17 4
0 18 0
0 19 7
1 5 21 4 10 16 19 9 28
1 3 13 11 12 18 17 0 3 6 29
1 1 17 1 14 0 20 19 26
1 4 24 0 2 5 9 14 23 11 31
1 0 20 6 15 25 23 17 0
1 2 3 7 8 22 14 21 15 30
0 6 9 27
0 7 18
1 15 7 1 11 18
1 1 13
1 11 8 4
1 13 11 7 13
1 20 11
1 2 13
1 17 7
1 14 10 2
1 3 3
1 16 9
1 18 14 15 7
1 12 15 19
1 22 12
1 5 5
1 24 14
1 6 8 3 5
1 10 4
1 0 6
1 25 14
1 19 11
1 7 5 4
1 21 12
1 8 1
1 9 1
1 23 12 0
1 4 5 3
0 26 3
0 27 17
0 28 0
0 29 16
0 30 16
0 31 17
1 14 1 3 0
1 5 4 7
1 4 3 5
1 2 5 2 6
1 6 2 6
1 3 4
1 0 5
1 10 4 2 1
1 8 7 2
1 9 4 0
1 13 0
1 11 2 3
1 12 1 2
1 1 5
1 15 1 0
1 7 7 6 2
0 16 7 4 2
0 17 9
0 18 8
0 19 9
1 6
1 7
1 4
1 5
1 2
1 0
1 1
1 3
0 8
0 9

