20
18 17 14 20 18 22 11 22 10 24 20 23 9 35 21 21 32 33 29 23 
1 2 1 13
1 7 7 5 16
1 13 4
1 4 7 10 15
1 12 2
1 0 6 0
1 1 6
1 6 11 9
1 8 11
1 9 11 14
1 10 11
1 14 4
1 5 12
1 3 6 8
1 11 3
0 15 0
0 16 1
0 17 0
1 0 4 7
1 2 4
1 12 3
1 11 5
1 13 3
1 8 0 11
1 1 4
1 7 1
1 9 2
1 4 9 8
1 5 1
1 10 5
1 6 5 6 13
1 3 10
0 14 8
0 15 8
0 16 12
1 7 1 14
1 5 3 9 19
1 8 7
1 10 7
1 3 8
1 9 7
1 1 4 13
1 0 12 0 6 10 17
1 2 2
1 6 15
1 4 11 5
0 11 13
0 12 18
0 13 16
1 15 14 16
1 11 1
1 5 2
1 9 6 8
1 3 10 7
1 4 2 17
1 2 11
1 14 0
1 8 3 5
1 7 13
1 0 10
1 12 3
1 1 10
1 6 12 15
1 13 3
1 10 4 9
0 16 0
0 17 7
0 18 14
0 19 2
1 12 2 5
1 10 16
1 5 8
1 11 4
1 9 17 7 13
1 4 6 10
1 2 14 9
1 3 15 0 1
1 14 2
1 8 15 12
1 0 14
1 1 3
1 6 15 11
1 7 6 18
1 13 2
0 15 21
0 16 19 20
0 17 1
1 3 2
1 6 0 9
1 15 5
1 1 2
1 13 7
1 11 1
1 10 1
1 17 5
1 7 0
1 8 0
1 2 6 8
1 9 3
1 16 5
1 4 2
1 0 4
1 5 6
1 12 1
1 14 7
0 18 3
0 19 6
0 20 1 10
0 21 5
1 4 8 2 12 20
1 6 10 19
1 2 6 15
1 5 5
1 0 0 7 18
1 8 11 14
1 3 1 4
1 7 13
1 1 3 9 16 17
0 9 8
0 10 21
1 4 2
1 12 3
1 13 3
1 2 7
1 6 1
1 10 1
1 5 2
1 1 5
1 8 1
1 0 5
1 11 4
1 17 6
1 9 1
1 14 3
1 15 3
1 7 1
1 16 0
1 3 7
0 18 9
0 19 0
0 20 4
0 21 8
1 6 6 8 23
1 3 6
1 2 5 3
1 5 2 9 12
1 4 15 4 7 10
1 0 6 13 17 19
1 7 15 1 16 18 22
1 1 14 0 11
0 8 2
0 9 11 20 21
1 7 15 16
1 13 13
1 15 9
1 9 5 1
1 8 15
1 5 10
1 10 6 18
1 18 3
1 16 4
1 6 12 2
1 3 14
1 2 14
1 17 3
1 1 7
1 12 13
1 19 11
1 11 6
1 0 5
1 14 13 19
1 4 7 0 8
0 20 13
0 21 17
0 22 5
0 23 10
1 3 12 11
1 13 1
1 9 7
1 14 18
1 12 16
1 0 5
1 7 5 4
1 2 10
1 8 3 9
1 11 14 2
1 5 14 21
1 15 18
1 1 5
1 10 15 0 6 17
1 4 3 8 13 22
1 6 14
0 16 16
0 17 19
0 18 6 20
0 19 0
1 14 6
1 16 3
1 17 3
1 6 1
1 13 6
1 1 5
1 10 0
1 8 1
1 11 2
1 9 0
1 2 4
1 0 5
1 5 1
1 3 4
1 7 1
1 4 4
1 15 3
1 12 2 7
1 18 3
0 19 4
0 20 4
0 21 1 8
0 22 6
1 3 19 4 7 14 16 21 30
1 2 28 3 27
1 4 24 9 11 31
1 6 13 17 18 25 26
1 1 20 0 5 10 12 29 33
1 0 28 6 8 34
1 5 1 2 15 22 23
0 7 12
0 8 17 32
1 3 6
1 5 6
1 16 0
1 25 10
1 28 12
1 22 3
1 8 2
1 12 16
1 7 10 1
1 21 12 7
1 13 0
1 15 0
1 1 5
1 19 8
1 18 8
1 23 3
1 0 15 11 19
1 20 6 14
1 26 4 20
1 14 0
1 10 2
1 11 2
1 27 4 18
1 17 0
1 6 6 13
1 2 5
1 24 9
1 4 6
1 9 2
0 29 12
0 30 8
0 31 16
0 32 14
0 33 17
0 34 12
1 9 0 2 17 19
1 0 15
1 7 15 13 14 18
1 11 3
1 14 16
1 3 12
1 4 12
1 6 12
1 10 0 11
1 12 3 7
1 13 16
1 2 10
1 15 5
1 5 12
1 16 5 1 8
1 1 4
1 8 10 6 9
0 17 13 20
0 18 14
0 19 3
0 20 9
1 5 23
1 12 16 7
1 8 23 0
1 10 4 31
1 1 17 19 27 29
1 14 5
1 11 8 10
1 15 5
1 16 25 1
1 6 13 20
1 2 2 9
1 9 8 11 15
1 3 12
1 4 22 3 6 21
1 7 16 14 28
1 0 18 24
1 13 5
0 17 0 26
0 18 11
0 19 17
0 20 30
1 21 17
1 25 15 21
1 6 6
1 7 4
1 18 13
1 20 0
1 19 15 20
1 23 11 5 23
1 24 9 32
1 3 19 30
1 14 14 16
1 17 14
1 9 3
1 16 26
1 12 14 24
1 10 3
1 15 4 12
1 5 18
1 0 2 1
1 2 19
1 8 7
1 4 22
1 13 10
1 11 22 8
1 1 19 28 29
1 22 25
0 26 3
0 27 14
0 28 12
0 29 5 27
0 30 23 31
0 31 5
1 17 22
1 0 17
1 1 16
1 9 0
1 6 1
1 23 5
1 5 10
1 8 0
1 16 19
1 24 3
1 12 20
1 25 3
1 19 9
1 15 2
1 14 6 15 21
1 22 5
1 11 12 18
1 20 13
1 4 10
1 2 16
1 10 23 11
1 26 4 7
1 3 16
1 18 22
1 7 0 24
1 21 19 14
1 13 19 8
0 27 25 28
0 28 14
0 29 18
0 30 27
0 31 21
0 32 19 26
1 6 10 20
1 4 12
1 11 17 19
1 21 13
1 23 8
1 20 4
1 8 1
1 19 14 3
1 7 7 5 18
1 17 9
1 3 12 21
1 12 14
1 13 15 22
1 18 9
1 22 13
1 15 6
1 1 16 0
1 0 11
1 5 12
1 14 15
1 10 17
1 9 2
1 16 6
1 2 12
0 24 5
0 25 13
0 26 0
0 27 6
0 28 0
1 1
1 8
1 9
1 17
1 15
1 5
1 13
1 6
1 18
1 14
1 4
1 0
1 3
1 16
1 11
1 12
1 2
1 10
1 7
0 19
0 20
0 21
0 22

