20
32 6 20 35 6 20 35 14 20 8 32 20 10 23 15 36 24 24 27 14 
1 6 1
1 17 4
1 7 1
1 11 2
1 8 1
1 18 4
1 9 1
1 12 2
1 0 3 5
1 1 3
1 13 2
1 14 2
1 19 4
1 2 3
1 3 3
1 4 3
1 10 1
1 20 4
1 22 0
1 5 3
1 21 4
1 15 2
1 23 0
1 16 2
1 24 0
1 25 0
0 26 1
0 27 4
0 28 4
0 29 3
0 30 1
0 31 1
1 4 1
1 1 10 3 9 11 14 18
1 2 4 2 5 12
1 0 0 8 13
1 3 7 6 15
0 5 17 16 19
1 0 11 13
1 15 21 17
1 14 25
1 13 7 29
1 8 5 3 23
1 11 7 1 6
1 9 21 20
1 12 15
1 10 15 19
1 2 0 4
1 6 16 2 26
1 5 12 28 31
1 1 16
1 4 9 8 22
1 3 27 30
1 7 14 10 18 24
0 16 32 34
0 17 33
0 18 20
0 19 5
1 3 3
1 19 4
1 13 1
1 18 4
1 12 1
1 10 2
1 20 4
1 23 0
1 2 3
1 15 4
1 6 3
1 0 3
1 4 3
1 1 3
1 21 4
1 22 0
1 5 3
1 28 0
1 7 3
1 16 4
1 8 3
1 27 0
1 11 1
1 24 0
1 26 0
1 25 0
1 14 1
1 9 2
1 17 4
0 29 1
0 30 1
0 31 3
0 32 1
0 33 3
0 34 5
1 4 3 8
1 2 6 2 5 7 10
1 1 9 13 14 18
1 0 4 1 11 17
1 3 15 0 12
0 5 4 16 19
1 13 13 32
1 0 6 31
1 10 28 18 19 21 23
1 15 1
1 11 13 10 12 14
1 8 9 4
1 6 26
1 5 15 17
1 9 11 20
1 2 9 5
1 7 6 2 16 27 30 33
1 4 28 8
1 14 0
1 3 7 24
1 12 11 3
1 1 25 22
0 16 13
0 17 34 29
0 18 8
0 19 5
1 27 3
1 28 3
1 10 9
1 16 6
1 21 7
1 4 1
1 3 1
1 2 2 13
1 12 9
1 8 0
1 26 3
1 22 7
1 5 4
1 19 10
1 15 6
1 0 5
1 23 3
1 25 3
1 24 3
1 14 6
1 7 4
1 20 7
1 6 4
1 9 8
1 18 10
1 1 5
1 13 6
1 17 10
1 11 9
0 29 5
0 30 2
0 31 11
0 32 11
0 33 12
0 34 1
1 4 4 8
1 2 3 10
1 1 1
1 10 11 19
1 3 13
1 0 5
1 7 0 7 18
1 9 14 16
1 5 2 9
1 6 12 15 17
1 8 0 6
0 11 0
0 12 4
0 13 9
1 12 5
1 3 3
1 11 5
1 7 3 4
1 1 3
1 2 3
1 9 2
1 8 2
1 14 5
1 5 0
1 0 3
1 15 5
1 6 0 7
1 4 3
1 13 5
1 10 1
0 16 5
0 17 4
0 18 6
0 19 6
1 1 22 0 5 10 15 23 31
1 4 21 1 2 8 17 24
1 2 9 19 25
1 0 21 3 12
1 3 7 4 13 18
1 5 6 11 14 16 20 28 29 30
0 6 13 26
0 7 23 27
1 11 9 3
1 6 14 13
1 5 15
1 1 12
1 24 5 18
1 17 14
1 25 8 19
1 10 4
1 15 6
1 14 14 2
1 13 11
1 22 5
1 2 12 16
1 4 1
1 12 1 0
1 0 12
1 23 5
1 18 9 17
1 16 6
1 3 1
1 9 4
1 20 7
1 8 4
1 7 7 10
1 21 5
1 19 9
0 26 15
0 27 5
0 28 10
0 29 1
0 30 11
0 31 2
1 11 0
1 4 2
1 6 1
1 3 5
1 7 1
1 14 7
1 9 6 9
1 13 7
1 15 7
1 12 7
1 0 3
1 8 6
1 2 4
1 1 3
1 10 0
1 5 1
0 16 8
0 17 4
0 18 1
0 19 1
1 6 13 8 10 20
1 4 2 12
1 3 4 21
1 0 0
1 1 5 15
1 2 11 6 17
1 5 18 1 7 14 16
1 7 3 9
0 8 22 19
0 9 2
1 0 5
1 9 2
1 4 10
1 17 3
1 7 1 13 14
1 1 5
1 8 2
1 12 7 9
1 5 10
1 18 11
1 16 3
1 6 7 6
1 13 0
1 14 0 12
1 2 8
1 10 2
1 15 3
1 3 4
1 11 0
0 19 4
0 20 9
0 21 5
0 22 1
1 8 5 0 4 12 31
1 5 29 18 26
1 6 1 3 16 19
1 10 6 9 28 30
1 3 25
1 0 10 32
1 2 5 22 27 34
1 7 21 2 13
1 1 24 35
1 9 23 15 20 33
1 4 17 14
1 11 8 7 11
0 12 17
0 13 13
0 14 9
1 27 12
1 11 3
1 5 7 16
1 23 9 22
1 18 5 10
1 0 1
1 28 18 14
1 20 15
1 16 19
1 12 3
1 6 5
1 21 15
1 24 9 21
1 25 12
1 19 9 11
1 2 1 2
1 3 6
1 1 1
1 7 5
1 15 19
1 29 18
1 10 3
1 14 19
1 26 12
1 8 7
1 9 13
1 22 4
1 13 8 17
1 17 0
1 4 6
0 30 14
0 31 23
0 32 12
0 33 13
0 34 20
0 35 16
1 11 13
1 0 0
1 2 7
1 8 11
1 13 10
1 5 2
1 4 2
1 6 2 3
1 17 16
1 14 14 19
1 18 16
1 9 11
1 15 8
1 7 13 1 5
1 16 8 4 23
1 12 10
1 3 18 6 21
1 1 12
1 19 17 9 22
1 10 15
0 20 19
0 21 14
0 22 14
0 23 9 20
1 0 7
1 10 15
1 6 11 16 25
1 7 17 21
1 16 4
1 3 17
1 4 20 12
1 2 9
1 15 6
1 18 0
1 12 10 1
1 8 20
1 1 9 22
1 11 15 26
1 13 10 8
1 9 3 2
1 17 0 24
1 19 18
1 5 10 5 13 19
1 14 14
0 20 14
0 21 7 23
0 22 12
0 23 6
1 19 6
1 7 7
1 1 2
1 20 10
1 18 1 5
1 8 1 12
1 16 8
1 2 4
1 11 1
1 3 0
1 17 8 3
1 13 9
1 6 7
1 9 1
1 15 8
1 12 9
1 4 0
1 5 7
1 21 10
1 0 2
1 10 1
1 14 8
0 22 5
0 23 5
0 24 13
0 25 10 11
0 26 1
1 2
1 4
1 0
1 7
1 1
1 10
1 8
1 3
1 6
1 5
1 9
0 11
0 12
0 13

