13
37 34 13 36 37 37 12 37 8 39 36 40 10 
1 16 17 14 0 16
1 19 0 6
1 0 18
1 3 20 6 12 15 19
1 18 16 4 2 20 26 5
1 17 15
1 5 19 6
1 12 8 11
1 2 11 20
1 6 16
1 10 11 4
1 20 1 7
1 1 10 28 5
1 7 3 7 23
1 21 13 2 1
1 4 13 10 17
1 14 20 8 5 31
1 15 13 12 7
1 11 2 19 11 12 21
1 13 13 15 3 33 30
1 9 10 4 6
1 22 9 11 0
1 8 5 17 10 15
0 23 24
0 24 2 27
0 25 11
0 26 5
0 27 20
0 28 18 32
0 29 22 11
0 30 9
0 31 2 25 29 30
0 32 4
0 33 11 4
0 34 5
0 35 15 31
0 36 1
1 17 6 4
1 13 7 0 4 12
1 19 7 4 10
1 4 5 1
1 16 4 6
1 18 3 5
1 6 6 1
1 12 3 0 7 6
1 10 6 10 2 0
1 20 4 3
1 5 2 5 6
1 9 7 5 4
1 3 1 0 2 7
1 14 5 7 4
1 15 7 3
1 11 5 7 4 0 8
1 8 0 7 3
1 0 1 5 2
1 2 1 0 5
1 7 0 4 5 2 6
1 1 1 0 12
0 21 10 1
0 22 0
0 23 12
0 24 11 8
0 25 9 3
0 26 6
0 27 4
0 28 12 10
0 29 4
0 30 2 5
0 31 2
0 32 5
0 33 2 0 8
1 2 18 17 10 4 20 8 1 16 26 27
1 1 9 4 11 12 18 19
1 0 15 1 2 20 6 9 34
1 6 5 3 17 18 0 23 32 24
1 7 5 19 13 14 0 28 29 35 30
1 3 10 0 14 16 19 27 6
1 4 7 13 11 21 8 20 1 19 15 30
1 5 8 6 21 16 9 13 4 18 5 28
0 8 18 24 4 14 0
0 9 17 31
0 10 11 27 33
0 11 18 22 35
0 12 0 25 21 6
1 11 12 3 17 10 14 35
1 4 15
1 9 15 14 17
1 10 10 22 28 20
1 8 6 12 21 19
1 20 20
1 15 20 7 32 4
1 13 16 11
1 19 20 5 26
1 7 12 1 11 0 21
1 5 15 10
1 17 21 18 5
1 6 8 6
1 16 4 9 18
1 3 19
1 12 0
1 18 22 2 0 17
1 21 2 13
1 1 8 19
1 14 6 18
1 0 10 8
1 2 8 19
0 22 7
0 23 36
0 24 17 10
0 25 19
0 26 34 29 33
0 27 8
0 28 15
0 29 13
0 30 30 33
0 31 2
0 32 12 27
0 33 23
0 34 23 24 31
0 35 25
1 10 16 21 12 19
1 4 18 4 22
1 21 1 13 2
1 18 10 34 6 28
1 13 7 14 17
1 14 11 14 17
1 12 12 8 3 9 0 26 18
1 6 3 7
1 1 15 20 26
1 9 2 4 16 12
1 0 16
1 5 16 4
1 8 0 20
1 22 21 9 19
1 7 17 8 18 14 11 36
1 3 5 15 4 11 27 16
1 15 0 6 14 22 1
1 16 21
1 17 21 28
1 2 5 12 0 7 16
1 20 19 14 2
1 11 22 9 20 33 6
1 19 13 0 18
0 23 31
0 24 24 32
0 25 0 26
0 26 31 30 12 3
0 27 11
0 28 11
0 29 35
0 30 4 19
0 31 29
0 32 18
0 33 2
0 34 18 25
0 35 1 25
0 36 23
1 10 1 5 4 0 10
1 12 5 0 2
1 9 2 0 1 5
1 16 6 4 5
1 13 2 5 4
1 7 3 0 4 6 8
1 20 2 6
1 1 0 4
1 6 5 4 0
1 19 5 1 9
1 15 3 1
1 3 4
1 8 5 0 3 8
1 21 5
1 17 4 1 6
1 0 0
1 2 4
1 18 1 5
1 4 3
1 22 6 5
1 11 3 4 5
1 14 6 0 5 4 2 10
1 5 3 5
0 23 3
0 24 10
0 25 1 3 4
0 26 1
0 27 9
0 28 7
0 29 4 8
0 30 0 8
0 31 6
0 32 6
0 33 0 5
0 34 3
0 35 4 11
0 36 0 5
1 0 18 16 4 15 20 10 3 8 29 9 28 12
1 4 11 2 3 17 21 14 6 32 18 8 16
1 3 22 13 2 16 9 5 3
1 2 20 6 7 9 8 15 11 1 19 17 0 3 24 30
1 1 19 4 8 15 17 20 2 25 22
1 5 14 0 1 10 12 21 22 2 15 27 33 13
1 6 20 5 6 19 1 10 25 30
0 7 28 11
0 8 26 31 36
0 9 9 23 35
0 10 14 8 34 0
0 11 16 34 13
1 6 3
1 19 1 0 2
1 15 1 0 2
1 18 1 5
1 7 3
1 20 1 0 7
1 10 2 3 0 7
1 16 0 4
1 3 4 3
1 14 0 3 4 7
1 21 0
1 1 4 2 1
1 9 0 3 2
1 12 4 2 1 0 7
1 11 4 1
1 17 3 1
1 4 1 2
1 13 4 0 3
1 0 4
1 8 4 0 1 2 7
1 5 2 4 0 1
1 22 0 2
1 2 4 2 1
0 23 5 1
0 24 6 5
0 25 7 3
0 26 3
0 27 3
0 28 1
0 29 5 3
0 30 4
0 31 6
0 32 0 1
0 33 7 5
0 34 3 0
0 35 0 4
0 36 0
1 4 3 5 16 18 22 23 19 1 9 26 28 37
1 3 14 6 9 21 23 15 0 11 24 27 31 38
1 0 14 2 4 8 11 19 12 13 15 10 34
1 2 12 0 1 15 14 22 10 9 29 35 16 20
1 1 7 10 13 17 20 15 16 14 8 21 0 5 6 35
0 5 33 25 2 22 5
0 6 32 26 5
0 7 32 30 36 38 19 24
1 10 16 26
1 23 21 23
1 1 4 33
1 22 14 21
1 8 5 17 27
1 15 14 2
1 18 0 29
1 4 16 20 4 9 35
1 13 11 17
1 20 7 14
1 19 13
1 12 12 14 3
1 0 4 31
1 6 11 18
1 21 7
1 9 6 10 18 8 17
1 14 3 21 16 4
1 7 19
1 5 6 8 25
1 16 21 6
1 2 5 9
1 11 1 20
1 3 5
1 17 15
0 24 15
0 25 19
0 26 22
0 27 10
0 28 17
0 29 3
0 30 12
0 31 28 33
0 32 19 25
0 33 2
0 34 24 34
0 35 22 26
0 36 32
0 37 7
0 38 30
1 16 23 20 2 4 29
1 14 16 6 3 39
1 6 15 14 1
1 15 23 5 30
1 1 8 22 6
1 5 2 7 18
1 4 9 18
1 20 3 31 35
1 9 2 13 24 28 36
1 3 12 22 18 14 26
1 17 16 20 2
1 11 1
1 0 0 38
1 18 3 24 4
1 19 3 7
1 13 4 18
1 10 23 10 19
1 12 16 21 12
1 2 22 8 20
1 8 16 5 24 6 12 26 37 38
1 7 8 15 4 6 1 19 34
1 21 17 11
0 22 15
0 23 1 5
0 24 13 36 23
0 25 24
0 26 14
0 27 27 0
0 28 11
0 29 33
0 30 19 8
0 31 18
0 32 1 32
0 33 13 19
0 34 25 4
0 35 33
1 3 2
1 14 0 3
1 2 2
1 21 0 4 1
1 20 4 0 7
1 6 3 2
1 7 0 1 7
1 17 1 5 3
1 5 2 0 1
1 9 0 1 3
1 4 0 1 2
1 22 4 3
1 11 2 5 7
1 19 5 3
1 12 2 4
1 1 2 6 0
1 15 3 0
1 23 4 3 1
1 8 0 1
1 10 0 9
1 18 1 4 5 6
1 16 4 2
1 0 2
1 24 4 5
1 13 1 5
0 25 8
0 26 6
0 27 7 3 8
0 28 8
0 29 9
0 30 4 3
0 31 4
0 32 3
0 33 6
0 34 9
0 35 5
0 36 0
0 37 8
0 38 0 8
0 39 8
1 2
1 1
1 0
1 3
1 5
1 4
0 6
0 7
0 8
0 9

