20
44 21 29 40 23 44 31 23 29 42 40 45 48 18 34 13 26 28 44 24 
1 0 10
1 2 11 6
1 23 1 11
1 11 11 5 7 6 3
1 20 1 2 9
1 17 1 9 5 12 4 2 7
1 8 9
1 18 12 8 1 9
1 22 12 4 2 6
1 15 0 20 16
1 4 6 10
1 19 11 3 2 0 20 8
1 5 1 5 18
1 9 9
1 10 9
1 3 10 5 0 17
1 25 7
1 6 9 8 12
1 13 5 3
1 7 1 10 9
1 24 9 12 2 8
1 14 9 6 3 8
1 26 9 2 3 12 10
1 16 9 8 12 18
1 1 11
1 12 8 4 17
1 21 7 1 4
0 27 12
0 28 14
0 29 13
0 30 1 16
0 31 11 17
0 32 13 10
0 33 18
0 34 15
0 35 6 10
0 36 0
0 37 3 1
0 38 0
0 39 9 17 14
0 40 9 13
0 41 15
0 42 19
0 43 18 6
1 7 7 0 13 11 12 17 10
1 8 12 3 15 18 2
1 10 8 1 3 13 12
1 11 15 3 0 13 8 17
1 6 4 16 1 17 10 5 9 24
1 0 14 11 12 7 8 23
1 3 2 1 12 15
1 9 2 9 1 0 11 7 24 20 10
1 4 10 0 1 14 26 4 9
1 5 6 17 9 5 15 10 13 8
1 1 15 1 13 6 8 12 28
1 2 5 4 6 13 11 23 10
1 12 8 2 7 18
0 13 6 10
0 14 19 23 22
0 15 3
0 16 27 21 14
0 17 4 22 12 9
0 18 13 0
0 19 8 26
0 20 20 25
1 13 23 13 4 8 17 21 6
1 2 5 11 13 10
1 15 6 14 17 1 3 2 35
1 17 4 32 36
1 14 16
1 6 9 0 19
1 5 16 9 27 29 0
1 16 24 18 34
1 12 12 22
1 9 20 1 21 7 19 5
1 11 4 23 20 26 18 1
1 0 8 1 11 36
1 3 3 15 21 0 11 4
1 8 4 18 16 2 20 33
1 1 22 2 7 18 11
1 7 3 10 2 30
1 4 16 11 12
1 10 8 19
0 18 35
0 19 38 22 28
0 20 37
0 21 38 29
0 22 25
0 23 18 28 32 26
0 24 35 29
0 25 25
0 26 20
0 27 35 39
0 28 33 31
1 9 5 7 9
1 12 8 9 6
1 4 2 6 3
1 8 8 12
1 18 3 4 6 10 8 14
1 2 9
1 22 11 10 4
1 3 12 2 9
1 7 9 4 2 15 6
1 5 8
1 19 6 3 7 10
1 1 9 11
1 13 0 9 2 1
1 11 8 9 6
1 17 6 10 3 1
1 15 12 1 16
1 14 13 0 12
1 23 7 1
1 6 6 2 12
1 16 9 7 1 8 18
1 20 12 7 14 20
1 10 3 6 12 16
1 21 3 0 10 7 8
1 0 5 9
1 24 7 1 0 6
0 25 22 14 17
0 26 17
0 27 19
0 28 20
0 29 12
0 30 19 18
0 31 10 19
0 32 22 8 6
0 33 18
0 34 15 21
0 35 3
0 36 15
0 37 11
0 38 15 14
0 39 10 5 7
1 12 14 23 8 21 20 11
1 7 2 0 24 26 9 21 12 37
1 2 3 22 19 9 37
1 3 13 17 4 16 10 0 24
1 10 13 25 18 6 16 19 34 38 15
1 0 8 10 9 1 40 30
1 8 10 7 17 2 1 16 11 8
1 13 11 15 23 40
1 5 9 1 6 22 25 26 7 28
1 4 18 19 9
1 11 5 4 21 15 20 30 22
1 9 20 25 10 8 14 4 16 26 29 43 18
1 6 12 16 22 23 24 17 30 42
1 1 15 26 23 9 39 11
0 14 31 27 41 42 24
0 15 8 21
0 16 11 26
0 17 16
0 18 6 28
0 19 32 0 34
0 20 19 36 5
0 21 15 33
0 22 4 35
1 9 2 8 4 0
1 15 3 15 4 2 13 27
1 13 8 17 3 2
1 25 16 19
1 8 13 8 4
1 21 10 4 1
1 12 7 14 17 15 16 22
1 3 5 0 2 9 12
1 2 8 11 6
1 0 14 6 0
1 10 7 5 18 3 23
1 26 9
1 20 16 7 24
1 5 18 14 5
1 17 5 18 12 3
1 6 11 27 29
1 22 1 0
1 4 14 18 5 3
1 18 8 4 12 18
1 11 3 14 10 7 11 1
1 19 11 0 12 9 8 3
1 23 1 9 17 18
1 1 8 6 5 2 25
1 16 11 4 12 7 26
1 7 18 2 5 29 30
1 24 3 9
1 14 18
0 27 11
0 28 0 10
0 29 3
0 30 14 22
0 31 8 13
0 32 4 12
0 33 7
0 34 21 26 5
0 35 20
0 36 19
0 37 14
0 38 21
0 39 17
0 40 28
0 41 14 8
0 42 10 4
0 43 8 27 22
1 9 6 10 8
1 17 3 8 11 13 9 10
1 4 5 0 1 3 6 10 7
1 14 10 9 4 5 13 17
1 11 7 8 1 5
1 1 2 3 14
1 2 7 9 3 6
1 8 3 10 2
1 6 7 8 0 13
1 16 1 9 8
1 13 4 13 2 11 22
1 5 3
1 18 11 9 4
1 0 12 7 2
1 3 3 2 7 0 9 13 21
1 12 13 8 9 2 7 0
1 15 11 0 8 9 13
1 7 1 5 3 6 10 9 0
1 10 13 2 21
0 19 15 11
0 20 6 4 3
0 21 16 11
0 22 6
0 23 15 17 20 10
0 24 14
0 25 2 13
0 26 19 6 14
0 27 16
0 28 15 17 4
0 29 11 18
0 30 4
1 3 5 1 17 18
1 7 7 9 12 8 3
1 2 16 4 9 5 15 10
1 5 15 2 6 8 14 5 19 18
1 8 15 1 11 20
1 9 5 15 7 6 17 25 16
1 0 17 1 16 9 5
1 1 13 0 9 16 20 25
1 12 13 11 8 14 6
1 10 0 13 1 26
1 6 7 11 9 15 1
1 13 3 9 10 4 17
1 4 10 7 16 22 8
1 11 0 12 17 7
0 14 28 9 16 13
0 15 12
0 16 24
0 17 0
0 18 21 23 26 18
0 19 26 15
0 20 24
0 21 7 5
0 22 27 3 10 19 15
1 4 5 16 15 4 7 32 35
1 5 4 18 7 31 0 11
1 1 15 18 9
1 16 5 24 15 13 35 41
1 11 3 20 6
1 0 25 22 15 18 24 36
1 6 0 18 15 23 33 28
1 9 20 16 19 15
1 7 1 9 14 24 8 19 18 2
1 3 10 13 17 3 7 36
1 10 2 12 18 3 11
1 8 18 11 2 14
1 13 5 12 20 27 2 26
1 14 23 11 5 4 39
1 17 8 6 5 10
1 12 20 19 17 4
1 2 19 7 21 24 14 17 3 5
1 15 8 3 10 24 29 20
0 18 37 17
0 19 13 34
0 20 3 40
0 21 6
0 22 37 33
0 23 32 2
0 24 38 28
0 25 8
0 26 41 28
0 27 22 30 4
0 28 26 11
1 10 2 23 19 31
1 9 23
1 22 9 2 14
1 0 15 37
1 16 12 4
1 17 6 24 25
1 24 16 4 22
1 7 3 7 9
1 18 18 5 35
1 3 10 22 27
1 23 11 1 6 8
1 15 24 9 17
1 8 8 3
1 20 20 0 24
1 4 24 11 15
1 11 15 13 9 14 19 38
1 5 12 22 7
1 2 3 13 23 36
1 13 0 13 11
1 21 12 14 16
1 19 6 21
1 12 19 5 24 18
1 1 24 26 35
1 14 11
1 25 0 17 5
1 6 0 7 23 19
0 26 29
0 27 37
0 28 23
0 29 23
0 30 34 28
0 31 28 18 24
0 32 14
0 33 28
0 34 33
0 35 20 18 34
0 36 32 11
0 37 5 37
0 38 2 0
0 39 39 30 32
0 40 17
0 41 23 36 30 21
1 15 19 20 0 37
1 20 14 3 39
1 13 22 23 10
1 4 2 10 27
1 17 14 12 18 7 21
1 19 17 9 30
1 22 15 24 33 43
1 2 13
1 14 11 10 2 20 8 23
1 21 5 20 7 11 41
1 0 17 11
1 12 21 0 3 8
1 10 16 26 21 3 2
1 3 21 13 28
1 16 24 23 22 20 1
1 1 14 19 40
1 23 9 25
1 18 24 6 12
1 8 15 23 17 44
1 6 15 27 23
1 24 11 7 18
1 7 1 27 20 29 15 40
1 11 4 25 16
1 9 21 34
1 5 2 22 0 37
0 25 15
0 26 4 36 37
0 27 22 32
0 28 4
0 29 12 9
0 30 3
0 31 40 31 0
0 32 42 15
0 33 7
0 34 20
0 35 0 29
0 36 35
0 37 0
0 38 35 34 38
0 39 15 24
1 19 26 28 4 5 31 43 20
1 11 27 29 28 20 22 7 42
1 8 5 9 41
1 22 16 12 8
1 18 18 4 17 21 35
1 2 6 7
1 21 24 16
1 25 8 1
1 3 6 20 23 11
1 27 0
1 23 8 19 16
1 14 10 5 27 33 39
1 6 20 2 14 30 29
1 7 24 17 36 34
1 10 3 5 17 18 16 2
1 16 13 22 12 26 25
1 9 23 24 25
1 5 5
1 24 7 34
1 1 9 29 11
1 26 0
1 13 25 12 2 13
1 4 20 13 38
1 17 24 15 4 3
1 20 9 18 39
1 15 21 12 27 10 11
1 12 16 11 2 44 34
1 0 3 14
0 28 18
0 29 32 40 19 45
0 30 46
0 31 23
0 32 45
0 33 13
0 34 18
0 35 22 47
0 36 18
0 37 10 14 21
0 38 26
0 39 46 15
0 40 20 46
0 41 15
0 42 45
0 43 28 27
0 44 13 37 42
1 29 0 9
1 28 6 4
1 15 6 7
1 4 4 3 9 5 2 1 16
1 24 9 0 8 10
1 8 6 7 3 2
1 6 5 3
1 26 1 9 4
1 27 8 6 2
1 11 10
1 23 1 8 7 14
1 2 7
1 17 6 9
1 9 4 1 3
1 3 7 4
1 19 5 0 2 9
1 21 5
1 1 9 3 17
1 25 1 2 5 0 7
1 12 0 9 4 8 10
1 7 3 7 8 9
1 20 6 3 1
1 14 2
1 5 5 3
1 16 9 6 5 10
1 13 5 4 6
1 22 10 6 3
1 10 8 4
1 18 2 0 7 8 17
1 0 4
0 30 16 4
0 31 3
0 32 11
0 33 15 12
0 34 3 12 9
0 35 6 7 14
0 36 13 2 9
0 37 15
0 38 8
0 39 0
0 40 11 5
0 41 14 15
0 42 7
0 43 8
0 44 9 14
0 45 2 5
0 46 12
0 47 16
1 9 17 1 2 19
1 10 4 6 20 29 25 9
1 5 8 5 9 3 11 17
1 0 11 10 3 28 32
1 1 3 10 9 11 19 15 24
1 6 9 3 11 13 10 12 2 25 26 8
1 8 16 15 5 19 13 2 11 7 23 29 32 1
1 2 18 7 13 14 19 11 16 10 22 30
1 7 20 12 18 26
1 3 3 0 12 19 27
1 4 18 10 3 20 16 12 17
0 11 14 27 30 8
0 12 2 31 28 21
0 13 16
0 14 21 8
0 15 5
0 16 0 12 30 10
0 17 33 25
1 5 0 2 7 5 8
1 12 4 2 0 5
1 20 0
1 8 7 3 6 12
1 18 0 4 9
1 16 0 1 7 4
1 19 4 0 5 11
1 17 7 6 5
1 10 1 5
1 2 7 6 2 3
1 4 7 2 0 1
1 3 2 4
1 11 2 4 6 7 5 11
1 15 1 6 7 8
1 1 5 7 2 0
1 9 4 7
1 0 3 5 2
1 13 2 0 5 7 6 11
1 14 0 7
1 6 2 3 7 6 1 4 5
1 7 1 6 3 7 0
0 21 10
0 22 4 12
0 23 0 6
0 24 4 8
0 25 5 2 9 6
0 26 2 11 10
0 27 3 0
0 28 6
0 29 12 5
0 30 7
0 31 6 3 1
0 32 5
0 33 4 3
1 6 3 4 14 8 9 12 10 6 15 17 13
1 3 2 3 12 11 8 5 0 22 25 10 19 20
1 0 11 10 13 14 8 5 9 15 17 0
1 1 1 15 0 10 4 9 11 2 16 24 5
1 5 12 9 14 8 15 7 5 21
1 4 6 9 3 7 4 15 14 5 2 0 16 23 12
1 7 0 8 5 12 1 4 21
1 2 7 5 3 4 10 6 2 0 1 11 19 23
0 8 18 0 10 4
0 9 2 4
0 10 20 6 11 0 22
0 11 18 14
0 12 19 23 3 21 6
1 15 14 10 22 26
1 4 6 2 11 0 5 21
1 3 9 3 11 8 17
1 6 16 8 2 0 13 5 12 27
1 14 1 0 15 12 11
1 5 13 10 11
1 13 9 14 15 6
1 8 1 3 4
1 9 14 5 24
1 1 16 12 7
1 2 5 8 2 15 23
1 0 4 7 16 8
1 12 1 12 10 18 23
1 10 6 12
1 11 15 0 3 10 14 12 25
1 7 13 10 8 6 2 1 7
0 16 10 19 5 3
0 17 16 20 8 6
0 18 11
0 19 14
0 20 10 27 5
0 21 8 23 26
0 22 12 3
0 23 3 4 23
0 24 12
0 25 13
1 15 22 23 35
1 14 7 5 25 23 1 18 16
1 3 8 3 24 13 26 22 29 7 36
1 7 12 21 5 18 3 27
1 4 21 2 13 23 5
1 5 1 5 16 13
1 10 14 18 13 7 16
1 2 20 27
1 6 4 11 10 7
1 13 7 23 17 24 36 41
1 9 21 9 15 16 24 19 37
1 1 20 6 10 26 13 32 24
1 12 0 8 1 13 20
1 11 20 14 6 7 26
1 16 17 41
1 8 19 11 0 14
1 0 19 6
0 17 0
0 18 31 43
0 19 34 17 19 14
0 20 28 19
0 21 20 30
0 22 40 7 11
0 23 42
0 24 6 32 9
0 25 23
0 26 11 38 39
0 27 0 33
1 26 14
1 22 4 5 16
1 2 13 7 8 3 9 22
1 15 10 8 1
1 10 1 10 9
1 8 1 9 13 4
1 17 4 8 1 5 11 20
1 23 14 4
1 13 14 0 1
1 24 10 5 14 6
1 4 0 5 9 2 7 19
1 12 7 1 21 0 2
1 3 7 10
1 5 7 2
1 6 13 10 17 6
1 14 3 1 2
1 11 7 8 10
1 20 14 2
1 18 10 0
1 0 11 12 9 20
1 7 3 7 0 6 11 4 13 1
1 19 6 1 9
1 16 10
1 21 5 3 2 6
1 9 10 12 5 7
1 25 5 3
1 1 2 12
0 27 13 12 23
0 28 0 15
0 29 0 22 4
0 30 23 10
0 31 15
0 32 22 16
0 33 3 15
0 34 3 18
0 35 11 15 14
0 36 9
0 37 12
0 38 6 17
0 39 15 4
0 40 12
0 41 9 11
0 42 16
0 43 13
1 0
1 10
1 6
1 7
1 11
1 12
1 14
1 5
1 8
1 3
1 9
1 4
1 1
1 2
1 13
0 15
0 16
0 17
0 18
0 19
0 20
0 21
0 22
0 23

