2
37 34 
1 2 5 10 13 16 7
1 4 16 19 17 13 3
1 12 8 2 0
1 11 17 12 7 4 8 3
1 22 15
1 6 9 5 17 18
1 1 9 13 15 29
1 13 1 2 11 9 13
1 7 2 14 16 10 25
1 19 6 1 5 4 3 32 8
1 17 18 3 22 29 11
1 8 17 4 16 33
1 18 0 2 15 28 24 11
1 5 18 13
1 3 20 7 19 5 13 2 12 25 30
1 15 16 12 3 20 0 23 29 1
1 21 15 4 1 12
1 0 19 24
1 20 8 6 12
1 10 11 8 10
1 9 16 8 5 18 13 15 20 2 6
1 16 11 4 18 5 3 30 6
1 14 1 14 16 18
0 23 26 6
0 24 14 24
0 25 25 29 30
0 26 25
0 27 10
0 28 32 21 26
0 29 9 19
0 30 17 29
0 31 27 31
0 32 11
0 33 0
0 34 20 18 29
0 35 7
0 36 16
1 17
1 18
1 9
1 14
1 15
1 8
1 20
1 2
1 12
1 4
1 3
1 13
1 16
1 1
1 10
1 19
1 6
1 5
1 11
1 0
1 7
0 21
0 22
0 23
0 24
0 25
0 26
0 27
0 28
0 29
0 30
0 31
0 32
0 33

