2
26 36 
1 9 11 7 19 22 23
1 8 6 13 8 1 16 27
1 2 8 15 4 17
1 14 14 16 5
1 3 2 4 19 6 31
1 1 0 20 1 23 34
1 12 9 18 11 14 31
1 0 15 22 9 13
1 11 6 3 21 18 9
1 5 17 8 1 15 16 9 22
1 13 10 8 21 25
1 6 16 4 17 0 3 8 19 7
1 7 19 17 9 20
1 10 7 18 6 3 9
1 4 1 19
1 15 5 12 14 11 3
0 16 32 33 35 34
0 17 29 9
0 18 26
0 19 1
0 20 9 24
0 21 30 22 31
0 22 12 29
0 23 5
0 24 11 28
0 25 5 24 15 3
1 3
1 5
1 2
1 14
1 4
1 19
1 10
1 13
1 8
1 12
1 18
1 16
1 21
1 9
1 20
1 1
1 11
1 6
1 15
1 7
1 0
1 17
0 22
0 23
0 24
0 25
0 26
0 27
0 28
0 29
0 30
0 31
0 32
0 33
0 34
0 35

