6
20 48 42 20 48 40 
1 3 12 5 9 26 4 10 14 11 13 2 42
1 7 10 3 28 23 7 0 8 2 41 46 27
1 1 25 18 16 44 17 20 9
1 2 13 29 5 8 45 47 38 19 6
1 5 23 17 19 15 25 14 16 32 0
1 0 8 11 15 22 7 0 3 29 12 43
1 6 22 0 14 10 4 29 19 12 6 33 37
1 9 6 29 5 9 28 47 27
1 8 21 1 4 24 29 5 22 16 17 33
1 4 2 18 6 14 26 1 23
1 10 7 16 29 1 27 28 3 36 37 23
1 11 27 20 13 9 11 10 4 7 38 21
0 12 3
0 13 2 23 25 30
0 14 23 31 32
0 15 7 4 33
0 16 10 34 39
0 17 40 30 43 16
0 18 19 17 0 39
0 19 35 12 7
1 1 23 14 22 10
1 19 2 11 12 27 1 5
1 13 18
1 8 5 20 2 15 19
1 23 0 6 19 10 9
1 21 5 13 18 19 6 20
1 24 16 24 12 3
1 27 0 11 12 13 35
1 3 7 1 10 37
1 2 23 9
1 25 21 19 11 25 0 13 5
1 4 21 10 18 17
1 0 17
1 14 18
1 7 8 19 10 24 4 20
1 12 7 3 32 33
1 6 2 15
1 18 15 14 2 16
1 5 22 13 20
1 20 15 7 19 39
1 28 9 16 14
1 22 24 9 18
1 17 7 6 19
1 11 2 25 18
1 15 15 12 7 34 20
1 16 2 11 14 30
1 10 2 14 13 37
1 26 25 32
1 29 9
1 9 5 3 4 20 16 1
0 30 36
0 31 24
0 32 22 33 35 18
0 33 6 2
0 34 8
0 35 15
0 36 31
0 37 39
0 38 40
0 39 3 26
0 40 28
0 41 26
0 42 3
0 43 38 41 10
0 44 22 40
0 45 29 6 30
0 46 0
0 47 28 3 5
1 21 3 0
1 10 0 4 1 7
1 4 10 11 7 0
1 18 3 0 8 5
1 6 11 4 10
1 9 8 2 1 11
1 12 9 4 10
1 8 1 11 19
1 7 8 11 2 1 4
1 22 11 9 6
1 1 7 11
1 24 0 5 13
1 17 1 2 6 9 16 10
1 19 1 5 4 14 7
1 14 7 5 0 9
1 16 6 8 1 9 5 11 0
1 25 3 6 17 1 4
1 2 1
1 13 1 7 3 5 9 10 19
1 23 2 6
1 3 1
1 11 10 9 11 1 4
1 0 7 4 8 1
1 5 4 1
1 15 0
1 20 9 6 10 11 5
0 26 2
0 27 4
0 28 2 13
0 29 12
0 30 14
0 31 3 5
0 32 16 1
0 33 11 2 12
0 34 16 9
0 35 6
0 36 16
0 37 15 18
0 38 3 19 15
0 39 17 19 14
0 40 16 6 10
0 41 10
1 6 24 0 11 19 17 29 18 4 37 42 28 40 35
1 3 21 24 29 11 14 5 13
1 7 17 2 14 1 16 8 3 21 34 6
1 9 7 15 19 22 10 12 4 46 38 41
1 4 21 9 20 28 13 17 6 7 0 4 27 24 11
1 11 5 6 16 29 0 4 8 9 17 22 2 19 3 39 45
1 10 5 12 26 27 6 14 2 20 3 36
1 0 13 1 29 5 39
1 1 19 18 25 11 21 1 29 20 0
1 8 8 3 10 11 22 26 19 1 27 15 33
1 2 1 14 13 12 29 32 47 11 4 39 30
1 5 8 4 23 24 15 5 18
0 12 18 19
0 13 22 41 6
0 14 44 41 3
0 15 35 7 24
0 16 4 5 44
0 17 38 30 40 44
0 18 43 33 19
0 19 44 31 34 7 10 27
1 16 1 13 20 36 35
1 11 22 8 24 2
1 28 10 22 16 1
1 10 11 17 4
1 24 5 3 21
1 22 21 6 17 14 22 3
1 12 7 11 20 6 13
1 9 2 8 10 5 21
1 14 10 6 14 12 5 2
1 4 10 19 12 9 29
1 15 20 9 23
1 3 15 13 32
1 19 18 0 23 24 10 26
1 2 11 9 0
1 5 7 33 20
1 17 23 7 12 24
1 27 21 16 3 11 31 24 35
1 25 12 0 23 16 20 27
1 0 4 8 2 18
1 21 16 10 3 9 22 4
1 18 13 20 6 28 3
1 7 11 7 8 10 38
1 23 16 3 12 13 33 34
1 8 9 17 12 8
1 13 23 11 7
1 6 24 9 3 19 17 36
1 29 17 25
1 26 21 1 6
1 1 4 14 29 18
1 20 23 17 5 0 18 39
0 30 5
0 31 2
0 32 35 20
0 33 20 37
0 34 22 26
0 35 36
0 36 14 18
0 37 8
0 38 13 9
0 39 20 11
0 40 30
0 41 17
0 42 23 35
0 43 7
0 44 21 37 4
0 45 27 10
0 46 9
0 47 8 25
1 18
1 14
1 2
1 19
1 4
1 11
1 17
1 8
1 1
1 3
1 16
1 9
1 13
1 10
1 6
1 5
1 24
1 21
1 7
1 0
1 15
1 22
1 23
1 20
1 12
0 25
0 26
0 27
0 28
0 29
0 30
0 31
0 32
0 33
0 34
0 35
0 36
0 37
0 38
0 39

