13
36 24 35 8 27 24 18 31 32 10 35 23 8 
1 16 14
1 12 9
1 20 0
1 0 1
1 28 3
1 21 6 19
1 19 4 21
1 10 7
1 7 15
1 8 15
1 1 17
1 14 5
1 6 10
1 26 13
1 23 18
1 24 18
1 2 17 22
1 3 17
1 11 7
1 4 17
1 13 9
1 9 15
1 5 17
1 15 5
1 25 8 12
1 22 11 20
1 27 13
1 17 2
1 18 2
1 29 16
0 30 16
0 31 23
0 32 18
0 33 2
0 34 10
0 35 9
1 10 11
1 0 20
1 8 22
1 18 3 16
1 9 28 7 25
1 6 26
1 13 23 14
1 4 4 1
1 14 19
1 5 17 18
1 2 4
1 12 11
1 17 12 21
1 16 3
1 7 5 13 29 32
1 3 10
1 19 2 0
1 1 8 30
1 15 10 6 15 24
1 11 23 9 27
0 20 17
0 21 1
0 22 34 33
0 23 31
1 28 4
1 6 2
1 24 0
1 23 0
1 2 1
1 3 1
1 15 5
1 18 0
1 1 1
1 19 0
1 4 1
1 14 5
1 22 0
1 17 0
1 20 0
1 25 4
1 27 4 6
1 7 3
1 8 3
1 16 5
1 0 1
1 26 4
1 10 3
1 12 3
1 21 0
1 13 5
1 9 3
1 11 3
1 5 1
0 29 2
0 30 2
0 31 4
0 32 1
0 33 0
0 34 7
1 4 3 0 4 13 26
1 0 15 18 23 24 25
1 1 11 10 14
1 2 6 1 8
1 5 20 7 12 16 17 21 22
1 3 5 2 9 19
0 6 5
0 7 15
1 8 17
1 10 11
1 3 7
1 18 6
1 16 1
1 13 4
1 11 0 19
1 20 12 14
1 4 18
1 15 2
1 9 5
1 1 8
1 17 9
1 14 3
1 5 15
1 0 0
1 19 12
1 12 7 10
1 2 7
1 7 16 20
1 6 15
1 21 13
0 22 7
0 23 7
0 24 9
0 25 14 21 22 23
0 26 17
1 0 0
1 12 11
1 11 4
1 10 13
1 9 13
1 7 7
1 14 12 16
1 2 7 3
1 1 14
1 13 11
1 15 12
1 8 13
1 17 6
1 19 1
1 18 1
1 4 8 5
1 5 10
1 6 14 9
1 3 2
1 16 6
0 20 17
0 21 11
0 22 15
0 23 1
1 1 11 2 15
1 14 3
1 4 13 0 24
1 0 1
1 10 13
1 7 1 5 18
1 13 3
1 6 19 12 21 26 27
1 3 16 22
1 9 16
1 5 23 20
1 11 9 10
1 12 13 7 25
1 8 14 4
1 2 8 6 17
0 15 29 30
0 16 23
0 17 28
1 5 6
1 2 12
1 7 5
1 24 4
1 22 19
1 23 8
1 19 9 25
1 21 14
1 0 15 30
1 20 14
1 14 16 20
1 3 3
1 12 21
1 17 18 0 17
1 6 6
1 8 1 10
1 16 11
1 4 13 31
1 15 7 22
1 10 16
1 11 11 2
1 18 14
1 1 12
1 13 11 24
1 9 23 28
0 25 21
0 26 4
0 27 20
0 28 26
0 29 3 27
0 30 29
1 16 0
1 15 0
1 11 1
1 3 2
1 25 4
1 7 1
1 5 2
1 19 6
1 23 4
1 22 4
1 0 3
1 14 7
1 2 3
1 4 2 9
1 20 5
1 1 3
1 10 1
1 24 4
1 6 2
1 21 5
1 17 0 8
1 13 7
1 9 1
1 8 1
1 12 1
1 18 6
0 26 6
0 27 6
0 28 6
0 29 2
0 30 7
0 31 0
1 4 20 2 3 12 17 24 26
1 2 21 28
1 1 23 8 13 15 18 19 30 31 32
1 0 22 25 29 33
1 7 0 6 11 14
1 6 27 5 16
1 5 22 7 9 10
1 3 1 4
0 8 28
0 9 0 34
1 26 2
1 23 16
1 12 6
1 9 17
1 2 9
1 20 3 18
1 27 15
1 19 11
1 4 1
1 24 2
1 14 0
1 21 6 10
1 22 13
1 18 4
1 16 0
1 0 14
1 3 9
1 25 2
1 1 9
1 13 12
1 11 5
1 10 5
1 7 17
1 17 3 22
1 15 0
1 5 7
1 6 7
1 28 8
1 8 17 20
0 29 4
0 30 19
0 31 21
0 32 9
0 33 13
0 34 13
1 8 5
1 2 1
1 15 0
1 9 5
1 10 2
1 5 1
1 6 1
1 3 1
1 18 3
1 1 4
1 17 3
1 11 2
1 7 5
1 12 2
1 0 4
1 16 0 7
1 14 0
1 4 1
1 13 2
0 19 1
0 20 3
0 21 6
0 22 1
1 4
1 1
1 3
1 5
1 0
1 2
0 6
0 7

