20
24 23 18 26 24 29 15 29 13 32 26 31 12 47 28 28 42 44 39 31 
1 10 1 13
1 9 7 5 11 14 0
1 4 4 11 7
1 7 7 10 8 2 9
1 11 2 9 13
1 5 6 0
1 2 6 13 1
1 12 11 9 12 20 13 0 4
1 3 11 8
1 6 11 1 5 12 8 7
1 13 11
1 0 4 6
1 14 12 10
1 1 6 8 3 10 16
1 8 3 11
0 15 11
0 16 5 3
0 17 18 5 3
0 18 9
0 19 17 14
0 20 19 16 17
0 21 18
0 22 22 15
0 23 13 21
1 10 4 7 8
1 5 4 2 8 6 9 14
1 7 3 6 0 7 2
1 3 5 3 10
1 1 3 2 10 16
1 4 0 9 7
1 2 4 9 3 1
1 6 1 4 5 11
1 0 2 4 12
1 8 9 8 1 2 17
1 13 1 5
1 11 5 1 7 6 8
1 12 5 6 8
1 9 10 7 4
0 14 13
0 15 2 12
0 16 13
0 17 3 16 15 11
0 18 8
0 19 17
0 20 15
0 21 7
0 22 14 10
1 6 1 14 8
1 9 3 9 10 12 1 5 7 25
1 3 7 6 2 8 1 12 19 25 10
1 2 7 8 9 10 3
1 1 8 1 6 14 16 2 21
1 5 7 4 5 1 21 10
1 8 4 13 3 15 12 11 2 23
1 7 12 0 6 10 2 3 24
1 10 2 3 12
1 0 15 13 14
1 4 11 5 7 6
0 11 18 13 23
0 12 7 17
0 13 3
0 14 22 24
0 15 16 6
0 16 6 0 16
0 17 21 20
1 5 14 2 13 7
1 9 1 13 8 3 12 7 18 19
1 8 2 9 17 11
1 12 6 8 9 22
1 10 10 7 14 9 8
1 7 2 1 4
1 1 11 13 15
1 3 0 7 13 8
1 2 3 5 13
1 6 13 0 12 8 2 6 9
1 13 10
1 15 3
1 14 10
1 0 12 19
1 11 3 4 2 14 1 9 12
1 4 4 9 8 23
0 16 8 3 11
0 17 4 21 12
0 18 3
0 19 23 15
0 20 9 12 6
0 21 9
0 22 4 14
0 23 7 10
0 24 20 2
0 25 16
1 6 2 5 1 11 13 22
1 14 16 2
1 8 8 25
1 11 4 7 9
1 0 17 7 13 10 15 21
1 1 6 10 17 0 22
1 9 14 9 16 15 28
1 2 15 0 1 5 12 13
1 12 2 24
1 7 15 12 16
1 10 14 6
1 5 3 15 8 18 27
1 3 15 11 7 6 5 28
1 4 6 0 11 16
1 13 2 9 7
0 15 25 1
0 16 7
0 17 20 3 19
0 18 19
0 19 6
0 20 11 0 22
0 21 23 26
0 22 20 26
0 23 19 3 5
1 2 2 3 7
1 9 0 5 2 8
1 13 5
1 8 2
1 16 7 1 0
1 12 1 2 0 3
1 14 1 2
1 7 5 3 6
1 11 0 7
1 15 0 4 5 11 14
1 1 6 8 3 1
1 0 3 6 2 9
1 4 5 6 4
1 5 2 10
1 10 4 5
1 6 6 4 5
1 17 1
1 3 7 2 9
0 18 4
0 19 8
0 20 14 8
0 21 4 14 7
0 22 9
0 23 7
0 24 3
0 25 0 12 1
0 26 11 4
0 27 9 6
0 28 13
1 7 8 2 12 10 13 5 26 25 28
1 8 10 12 13
1 4 6 15 3 8
1 2 5 17 1 7 3 9 22
1 5 0 7 14 15 17 5 3
1 6 11 14 10 7
1 1 1 4 5 14 25 6
1 3 13 9 14 11 5 12
1 0 3 9 16 17 0
0 9 1
0 10 9 19 24 1 23
0 11 23 28 8
0 12 25
0 13 18 27 23
0 14 3 20 21 8
1 16 2
1 5 3 1 6 7
1 13 3 4 7
1 4 7 6 3 1
1 10 1 7
1 12 1 7
1 17 2
1 8 5 0 2
1 3 1 3 6
1 7 5 0 7
1 15 4 3 2 1 7
1 11 6 5 2 1
1 14 1 5 6 7 2 9
1 2 3 6
1 1 3 10
1 9 1 7 2
1 0 0 6 3 10 1
1 6 7 3 5
0 18 2
0 19 7 2 4
0 20 5 11
0 21 8 3
0 22 7
0 23 1
0 24 7 6
0 25 0
0 26 3 9 6 1
0 27 12
0 28 4 6
1 0 6 8 15 1 24
1 3 6 3 14 18 25 27 15 17
1 7 5 3
1 1 2 9 12 11 6 16 28
1 6 15 4 7 10 5 3 18 2 1 14
1 4 6 13 17 19 15 3 4 2 28
1 2 15 1 16 18 10 7 26 13
1 5 14 0 11 18 2 7 17
0 8 8 21 23 31 19
0 9 20 30
0 10 16
0 11 12 22 29 15
0 12 3 19
1 19 15 3 1 8
1 8 13 8 6 25
1 9 9 2 7 4 1
1 15 5 1
1 18 15 14 22 13 5
1 17 10 13 9 1 3 24
1 0 6 0 16 25
1 16 3 1 13 15 11 17
1 6 4 9 23
1 4 12 2 0 13 3
1 13 14 1 12
1 7 14 11
1 10 3 13 5
1 12 7 8
1 11 13 7 8
1 2 11
1 1 6 21
1 14 5 1 11 15 17
1 3 13 11 4
1 5 7 0 8 21 4
0 20 8
0 21 9
0 22 23
0 23 4 0 5
0 24 8 14
0 25 6
0 26 21 19 14
0 27 23 5 16
0 28 18 20
0 29 18 21
0 30 4
0 31 24 7 21
1 1 12 11 16 17 6 3
1 14 1 15 13
1 3 7 16
1 10 18 5 13
1 0 16 4 10 24
1 6 5 18 11 24
1 2 5 4 26 27
1 7 10 6 28
1 11 3 9 8 10 14
1 13 14 2 12 25 6
1 12 14 12 15
1 4 18 4
1 5 5 9
1 8 15 0 6 17 13 18 23
1 9 3 8 13 2 11 12
1 15 14 6 22
0 16 30
0 17 3
0 18 18 29 25
0 19 1 20
0 20 13
0 21 19
0 22 25
0 23 23 12
0 24 11 21 24
0 25 10
1 9 6 1 3
1 14 3 1
1 13 3 1
1 17 1 5 10 6
1 1 6 2
1 7 5 1
1 12 0 6
1 6 1 2 4
1 2 2 6
1 16 0 3 11
1 5 4 6 2 1
1 3 5 4 3
1 8 1 5
1 15 4 1 0
1 18 1 0
1 10 4 3 8 1
1 4 3 4 2
1 0 2 11
1 11 3 4
0 19 4
0 20 7
0 21 5
0 22 0
0 23 1
0 24 1
0 25 7
0 26 2
0 27 10
0 28 5
0 29 10 4
0 30 1 9 7
1 6 19 4 7 14 16 21 10 9 6 18 23 17
1 5 28 3 27 19 8 6 11 9 10 7 34 37 46
1 0 24 9 11 7 13 12 8 1 25 40 43
1 4 13 17 18 25 26 11 37
1 3 20 0 5 10 12 18 28 3 6 31 35 45 34
1 1 28 6 8 12 1 3 11 24 39 17 2
1 2 1 2 15 22 23 8 14 0 33 43 44 18 45
0 7 1 44 41
0 8 14 29 32
0 9 12 38 41 27 40
0 10 36 30 42 3 8
0 11 24 42 33
1 10 6 10 15 2 25
1 27 6
1 26 0
1 2 10
1 17 12 16
1 7 3
1 22 2
1 16 16 12
1 3 10 1
1 8 12 7 18
1 13 0 7
1 6 0 7 11
1 5 5
1 11 8 17
1 12 8
1 9 3 1 12 8
1 0 15 11
1 25 6 14
1 19 4 13
1 24 0
1 20 2
1 23 2 13
1 4 4 9
1 14 0 7
1 15 6 13 2 3 11 26
1 18 5 6 2
1 1 9
1 28 6
1 21 2
0 29 27 9
0 30 19
0 31 20 9
0 32 2
0 33 11
0 34 20 19
0 35 16 24
0 36 9
0 37 8 1
0 38 23
0 39 9
0 40 21 1
0 41 0
0 42 10 18
0 43 2
0 44 18 22
0 45 23
0 46 7
1 15 0 2 3 12 16 1 25
1 5 15 3 13 14
1 12 15 13 14 3 6 8 10
1 7 3 16 0 2 9 27
1 9 16 11 1 19
1 6 12 15 2 9 14
1 16 12 0 3 2 17
1 4 12 10 9 15 2 19
1 8 0 11 10 7 23
1 2 3 7 14 9 10 24 26
1 3 16 3 11 6
1 1 10 9 21 3
1 10 5 3 12 22
1 13 12 4 8 9 16
1 14 5 1 8 13 14 2
1 0 4 22
1 11 10 6 9 13 5 12
0 17 5
0 18 22 0 8 12
0 19 16 13
0 20 15 23
0 21 18
0 22 26 20 17
0 23 12 17 26
0 24 18
0 25 27 22
0 26 7
0 27 6 16 13
1 13 23 3 16 29
1 12 16 7 18 12
1 10 23 0 16 18 19 3 26 40
1 8 4 22 9 7 40
1 2 17 19 18 3
1 1 5 17 7
1 11 8 10 6 9
1 6 5 21 31 29
1 15 25 1 28
1 5 13 20 15 4 27
1 4 2 9 24 5 13 14 29 38
1 9 8 11 15 0 14 16 40
1 16 12 6
1 14 22 3 6 21 1 23 39 25
1 7 16 14 5 9
1 0 18 24 20 11 4
1 3 5 12 3 16
0 17 19
0 18 36 34
0 19 3 41
0 20 12
0 21 35
0 22 37
0 23 26 30 32
0 24 28 14
0 25 28
0 26 12
0 27 23 33 28
1 6 17 2 8
1 23 15 21 4 5 19 40
1 11 6 9
1 9 4 25 2 18
1 0 13 14 18 19
1 8 0 2 10
1 17 15 20 7 13 35
1 13 11 5 23
1 21 9 25 30
1 15 19 5
1 7 14 16
1 2 14 5 26
1 24 3 19
1 4 26 16 19 15
1 3 14 24 42
1 25 3
1 18 4 12 20 15
1 1 18 0
1 5 2 1 15 14
1 16 19 21
1 10 7 31
1 12 22 10
1 20 10 8 36 29
1 19 22 8 19 3
1 14 19
1 22 25 9 15 23 32
0 26 20
0 27 29 43
0 28 9 13
0 29 25
0 30 41
0 31 7 39
0 32 18 39
0 33 38 27
0 34 0 35
0 35 8
0 36 24
0 37 3
0 38 33
0 39 34
0 40 18 28
0 41 18 37 39
1 8 22
1 1 17
1 13 16 12
1 24 0
1 20 1 16 36
1 14 5 6 10 35
1 5 10 38
1 15 0 6 2
1 17 19 1
1 25 3
1 18 20 10 27
1 23 3 0 14
1 0 9 6
1 4 2
1 7 6 15 21
1 26 5
1 19 12 18
1 6 13 16 8 18 23
1 3 10 2 13
1 16 16 10 20
1 21 23 11 5
1 22 4 7 20
1 12 16
1 9 22
1 11 0 13
1 10 19 14
1 2 19 8 21 26
0 27 35 29 31 32
0 28 30
0 29 8 32
0 30 28
0 31 0 34 18
0 32 14
0 33 9
0 34 4 16
0 35 24
0 36 16 25
0 37 16
0 38 27
0 39 33
0 40 35 32
0 41 8
0 42 37
0 43 33
1 20 10 4 17 30 2
1 19 12
1 7 17 18 13 1
1 21 13 10 15
1 14 8 12
1 23 4 14
1 4 1 7 10 11 19 23
1 22 14 3 16 10
1 3 7 5 18 2 8
1 0 9
1 8 12 7 25
1 15 14 2 4 18 12 5
1 12 15 14
1 1 9 1 11 23
1 13 13
1 16 6
1 11 16 0 2 12
1 2 11 17 5 15
1 18 12
1 6 15 13 3 20
1 17 17 4
1 5 2 3 21
1 9 6 18 2
1 10 12 11 8
0 24 10 20 4
0 25 26 21
0 26 4
0 27 27
0 28 23 20
0 29 9 24 13
0 30 7 19
0 31 24 8
0 32 14 28
0 33 29
0 34 0
0 35 22
0 36 29
0 37 7
0 38 6 11 15
1 9
1 2
1 6
1 7
1 15
1 1
1 13
1 3
1 10
1 0
1 16
1 4
1 14
1 12
1 18
1 5
1 17
1 11
1 8
0 19
0 20
0 21
0 22
0 23
0 24
0 25
0 26
0 27
0 28
0 29
0 30

