20
20 48 42 20 48 40 21 12 42 20 20 40 8 44 26 34 16 16 45 12 
1 2 2 3 9 24 20 11 21 17 13 10 29 44 0
1 8 13 5 19 25 26 2 3 28 27 46 34
1 6 20 17 16 14 22 29 4 7 40 19 46 11 39
1 9 7 8 12 20 5 13 22 31 11 26
1 3 16 11 5 10 26 0 22 6 47
1 11 2 19 31 18
1 1 27 29 18 8 15 3 16 14 2 33 17
1 0 17 23 28 16 6 29 24 30 15 37
1 4 11 0 6 15 21 8 18 17 10 4 25 2 45
1 10 1 18 24 17 28 11 13 10 26 6 7 39
1 7 7 10 3 6 28 5 15 14 20 16 9 37 1
1 5 4 14 22 20 2 26 17 23 9 5
0 12 1 32 43 47 13
0 13 41 35 42
0 14 39 11
0 15 26 34 18 43
0 16 23 30
0 17 42 45 1 46 28 44
0 18 39 11 13 26
0 19 45 36 38 2 37 29
1 11 8 17 0
1 22 7 16 2
1 13 2 21 7 0 25
1 8 15 16 4 7 14
1 17 22 5 0 10 40
1 15 15 0 3 18 25
1 10 9 23 22 14
1 28 24 10 20 19 30
1 5 7 13 17 15 3 28
1 7 2 4 11 7 18 19
1 24 15 21
1 3 2 1
1 27 2 3 20 12 41
1 16 25 4 20 22 12 13
1 25 9 19
1 12 5
1 2 14 29
1 19 12 3 22 34
1 20 19 10 7 15
1 26 20 11 17 16
1 18 12 7 8 23 0 14
1 21 8 24
1 6 19 4 2
1 0 22 17 27 40
1 4 25 22
1 14 18 0
1 29 10 21 26
1 1 7 4 17 33 31 20 38
1 23 6 9 14 39
1 9 1 5 8 41 34 20 29
0 30 10
0 31 32 10
0 32 8 38 15
0 33 20
0 34 36 27
0 35 41 11
0 36 23
0 37 39 25
0 38 16 35
0 39 28 38 33
0 40 20 26
0 41 22
0 42 33
0 43 39 6 22
0 44 8
0 45 35 31
0 46 37 24
0 47 40 29
1 13 3 6 0 11 7
1 2 1 10 0 5
1 6 1 4
1 21 2 9 4
1 5 1 3 10 2 11 4
1 10 10 2 1 9
1 20 7 8 4 2 11 9
1 3 4 0 5
1 16 0 10 7 11 6
1 19 9 5 7
1 24 8 4 9
1 17 11 10 8 9 5
1 15 5 8 6 14 9
1 18 4 8
1 4 5 10 11 19 6
1 7 1 4 10 5 6 0
1 25 6 4 1
1 0 5 1 19 6 12
1 9 8 1 4 16
1 12 8 10
1 23 9 8 2
1 22 0 9 6 4 5 8
1 1 3
1 14 11 0 4
1 11 1 9 2 10 12
1 8 3 7 2 0 10 8
0 26 5 2
0 27 16 15 10 4
0 28 3
0 29 1 9 7
0 30 6
0 31 17
0 32 18
0 33 15 16
0 34 1 2 19
0 35 2 8
0 36 3 17 5
0 37 15 3 2
0 38 3 9
0 39 10 19
0 40 11
0 41 10 13 17
1 3 27 11 23 9 26 14 22 19 29 18 0 39 46 13 20
1 2 10 1 14 4 3 23 16 29 8 28
1 5 6 1 8 19 28 16 11 4 17 14 21 26 37
1 1 0 7 2 28 35 29
1 6 21 1 8 13 19 15 23 16 9 5 39 7
1 0 12 9 0 16 19 34 27
1 10 17 5 7 16 22 26 6 13 1 19
1 9 15 29 22 2 21 25 6 14 28 4 34
1 7 10 4 19 26 12 7 0 3 44
1 11 25 2 20 28 7 22 9 4 37 45 10
1 4 0 18 13 24 21 32 33 43 29 41
1 8 18 3 14 24 22 11 30 31
0 12 22 38 37 2
0 13 17 34 10
0 14 26 40 34
0 15 41 4 2 35
0 16 36 35 38 23 34
0 17 24 22 32 16
0 18 4 44 47
0 19 9 42 17 46
1 10 11 19 39
1 18 7 1 37
1 11 23 6 14
1 15 21 14 22 10 1 4
1 29 12 24 33
1 24 4 0 17 15 33 36
1 23 16 20 5 9
1 20 13 3
1 4 11 8 17 19 26
1 13 16 22 3
1 0 9 8
1 14 23
1 25 24 11 13
1 22 17 23 2 13
1 21 21
1 27 4 2
1 7 23 5 36
1 9 20 18 1 5 8 0
1 17 15 27
1 2 5
1 19 21 14 15
1 12 19 21 5 10 0 28
1 26 0 1 9
1 8 10 17 15 34
1 1 7 10 3
1 28 12 21 4 15 32
1 16 22 3 1 14 0 15
1 3 17 14 22 6
1 6 8 4 3
1 5 18 20 7 19 24
0 30 25 21
0 31 29 12
0 32 8 27 20 26
0 33 24 35 39
0 34 1
0 35 38
0 36 22 39 6 0
0 37 24
0 38 12 15
0 39 15 28
0 40 3 7 4
0 41 5 31 26 35 20
0 42 16
0 43 22
0 44 18
0 45 8
0 46 30
0 47 38 28
1 20 12 2 6 0
1 23 5 7 16 18
1 16 7 8 4 2 17
1 7 1 10 11 0 16 17
1 18 2 9 5 12 7 1 8 13
1 6 0 9 1 6
1 4 8 1 20
1 5 4 9 3 14
1 1 8 1 6 11 16
1 8 5 4 10 6 2
1 3 6 9 0
1 9 7 4 6 14
1 21 9 2 15 4
1 22 0 3 9 7 4 12 10 5
1 13 4 5 9 10 3 11 17
1 14 1 2 4 8 7
1 24 5 2
1 11 0 1 6
1 0 6 11
1 10 10 2 12 1 11 6 8 16
1 17 9 0 2 8 17
1 15 5 1 0 2 17
1 2 11 4 9 1
1 12 8 10 14
1 19 7 4 3 10 19
0 25 7 11 19
0 26 20 10 4
0 27 18 19
0 28 3 12 20
0 29 10 9
0 30 14 10
0 31 20
0 32 2 10
0 33 14
0 34 13 8
0 35 3 13
0 36 5 18
0 37 15
0 38 11
0 39 16
1 8 0 3 4 6 5 1 2 7 9
1 2 6 2 5 3 1 4 0 11
1 10 0 6 4 3 2 5 1 10
1 12 1 2 4 6 0 3 5 7
1 3 3 6 2 0 1 5 4 8 9 7
1 7 5 6 2 1 4 0 3 7
1 1 5 3 2 6 0 1 4
1 9 2 3 0 1 4 5 6
1 4 3 5 0 4 2 6 1 10 8 11 9
1 5 6 2 5 0 4 3 1 10 9
1 6 3 5 0 1 4 2 6
1 0 4 3 0 5 6 1 2 10 7
1 11 0 1 5 3 6 2 4
0 13 9 4 1 0 8 5 3
0 14 9 6 3 5 0
0 15 5 3 8 7
0 16 7 3 4 0
0 17 8 3
0 18 0 7 5
0 19 1 8 11 6 9 7
0 20 7 9 2 11 6 8
1 1 12 1 2 8 13 22 25 17 9 0 23 3 7 21 14 4 36
1 3 9 0 17 25 14 1 20 24 12 7 26 35 22 37 4
1 2 20 4 10 14 8 11 15 23 9 24 17
1 4 20 18 24 10 25 23 4 14 11 21 17 3 16 8 27 37 39 34 9
1 0 9 3 20 8 13 18 19 4 17 10 11 1 23 32 16 26 40 22
1 6 6 5 15 19 3 18 8 4 7 10 1 31 34 23 32
1 5 11 7 16 21 23 8 3 22 19 6 10 15 5 12 0 32 17
0 7 30 38 40 17 27
0 8 13 10 31
0 9 36 41 29 30 7 12 23 18
0 10 13 29 33 2
0 11 20 28 37 3 27 5 32
1 1 10 2 17
1 15 10 8 7 11 4 13
1 12 11 6
1 10 0 5 7 1 10 4 11 12
1 20 2 5 1 7 8 0
1 6 1 7 4 19 18
1 8 9 7 2 11
1 21 2 1 9 5 0
1 13 3 7 9 11 4 5
1 4 8 4 3 10 2 1
1 24 10 6 1 8 3
1 2 2 11 6 8 4 16 5
1 22 2 9 1 16
1 3 4 2 9 11 3 6 14
1 14 2 6 5 11 7
1 16 6 10 1 0 7
1 23 10 8
1 7 0 5 11 4 6
1 9 8 3 4 9 13 0
1 18 2 8 3 6 5
1 0 0 18 6
1 11 6 8 2
1 5 10 3 16
1 17 1 3
1 25 9 1 6 18 0 7
1 19 8 7 11
0 26 11 7 12 8
0 27 7 14
0 28 12 13
0 29 0
0 30 2 13
0 31 6
0 32 11 15 17 16
0 33 10 6 5
0 34 1
0 35 19 8
0 36 9 0
0 37 17 3
0 38 0
0 39 7
0 40 16
0 41 7 16
1 2 10 3 8 5 2 4 9 7 0 12 6
1 9 11 0 4 2 5
1 1 6 10 11 8 2 4
1 3 0 7 11 8 5 9
1 0 0 5 1 7 10 3
1 11 6 4 3 7 15
1 7 1 5 9 10 3 6 8 17
1 5 0 1 3 2 9 18 12
1 8 1 10 4 11 7 6 13
1 10 0 9 6 5 3 1 11
1 6 8 9 1 5 4 7 3 11 10 13 12
1 4 11 2 10 7 5 3 0
0 12 10 2 9
0 13 9 13
0 14 16 11
0 15 12 19 13 3 7 2
0 16 4 17 5 9
0 17 14 9
0 18 7
0 19 11 9
1 3 12 4 13 5 22 18 7 14
1 6 15 14 8 11 17 2 1 23 16 22
1 0 24 5 10 22 9 19 16 7 34
1 10 16 3 12 6 9 25
1 7 21 8 11 14 18 24 22 19 3
1 4 19 1 17 24 6 12 8 16 0 36 39
1 8 19 2 22 11 12 28 33 7 10 4
1 5 21 13 8 4 20 6 0 17 32 39 5
1 1 9 22 23 19 20 0 17 8 18 24 1 30 33
1 9 15 6 20 14 10 13 4 11 8 5
1 2 3 7 0 2 1 30 31 21 8
1 11 21 0 23 14 4
0 12 38
0 13 25 37 31 0 14 22 26
0 14 27 5 35 14
0 15 9 38 39 2
0 16 20 29 4 6
0 17 1 26
0 18 6 35 2
0 19 5 17 15
1 11 4 1 3 0 2 7
1 10 1 4 3
1 15 2 4 0 3 1 6
1 13 4 3 1
1 4 1 0 4 2
1 6 4 3 1 0 2
1 21 4 3 2 0
1 0 1 4 0 3 2
1 14 3 4 0 1 2 7
1 3 2 1 0 4
1 16 3 0 1 4 2
1 19 3 4 1 2 0
1 20 4 2 1 3 5 6
1 2 0 4 1 7
1 24 3 4 2
1 18 0 4 3 2 1 6
1 12 4 1 3 0 2 7 6
1 1 4 0 1
1 9 4 1 0 3
1 5 1 0 2 4 7 5
1 22 2 3 0 4 5
1 23 2 3 0 6 7 4
1 17 2 0 4 3 1 7
1 8 4 3 1 0 2
1 7 0 1 3 4 6 5 7
0 25 7 2 5
0 26 6 3
0 27 2 3
0 28 6 1 3 5
0 29 4 3
0 30 6 5 7
0 31 7 6
0 32 1 6
0 33 4 6 3
0 34 3 4 7
0 35 4 7 5
0 36 0
0 37 3 6
0 38 1 5
0 39 1 0
1 1 23 1 5 8 9 13 15 16 19 22 26 10 25 2 17 24 11 3 4 36 43 21 35
1 0 14 0 6 4 13 3 22 25 19 17 2 18 15 21 23 12 1 20 9 26 35 16 38 31
1 3 23 10 18 26 13 0 16 5 2 14 4 12 22 24 8 1 21 3 15 20 38 40 29
1 4 7 2 3 11 12 25 23 26 13 0 10 24 17 4 15 32 9 16 41 20
1 2 21 4 17 20 24 23 7 0 16 9 26 13 1 19 3 14 6 8 5 2 22 12 11 18 41 30 38
0 5 39 28 29 34 37 22 13 18 19 36 24 9 38 15 31
0 6 3 33 42 20 4 24 40 14
0 7 19 27 30 31 41 43 39 17 7 11 4 32 12 24 16 13
1 21 9 2 14 6
1 5 12 6 4 15 10 11 14 13 0
1 2 4 15 13 5 7
1 23 6 0 14 13
1 4 11 2 14
1 20 2 6 14 10 3 1 0
1 8 15 0 4
1 18 10 3 2 5 16
1 15 2 5 8 15 10 14 9 3 1
1 14 7 6 2 13
1 24 9
1 22 1 18 20
1 25 9 14 21 7
1 7 7 6 20
1 6 13 15 5 12 0 25
1 17 14 12 0 5 1 20 3
1 11 14 7 9 15
1 12 3 12 4 25 19 10
1 26 14
1 0 11 24
1 16 12 13 2 14 1
1 1 15 11 1 14
1 9 1 14 11 8 10 19
1 13 6 11 14
1 10 9 12
1 3 11 3 15
1 19 3 0 13 7 14
0 27 17 23
0 28 5 14
0 29 8 23
0 30 5 18
0 31 1 7 0
0 32 12 21 3 7 10
0 33 19
0 34 6 7 13
0 35 8
0 36 14 10 25
0 37 14 4
0 38 2
0 39 20
0 40 8 1
0 41 1 22
0 42 23 21 24
0 43 14 13 2
1 14 1 10 3 11 0 19 22 30 31
1 11 20 2 4 3 9
1 10 1 6 14 9 16 12
1 15 15 19 10 17 26
1 6 6 0 9 11 8 19 13
1 5 12 14 11 18 0 5 13 3
1 9 17 0 16 3 26
1 4 4 5 12 11 7 19 30 27
1 3 3 13 12 16 33
1 12 3 19 9 2 20
1 7 6 15 14 13 11 8 18 25 30 28
1 1 9 5 7
1 2 4 5 16 8 11 10
1 8 6 11 1 12 5 24 0
1 13 18 7 10 16 1 9 15 19 28 33 23 32 2
1 0 11 8 13 18 16 25
0 16 11 33
0 17 28 31 23
0 18 15 6
0 19 23 5 3
0 20 11 3 2
0 21 21 25 32 1
0 22 29
0 23 12 1
0 24 27 33
0 25 20
1 18 0 8 1 9 6
1 16 4 3 9
1 20 9 8
1 7 6 1 7 9 0
1 6 2 3 0 5 9 11
1 4 9 1 2 7 14
1 13 3 8 5 9 11
1 11 5 4 6 0
1 5 6 3 5 10
1 1 7 2 1 0
1 15 2 4 1 8 0 7
1 2 3 2 0
1 8 9 3 8 7 11
1 3 3 5 1 15
1 9 8 3 1 2
1 19 9 8 6 14 3 13
1 0 5 2 14 3
1 12 0 5 9
1 10 4 0 8 5 6 7 1 3
1 14 4 7 0 1 2
1 17 0 4 8 2 14
0 21 4 15
0 22 8 6
0 23 12 3 14 10
0 24 9 14 12
0 25 8 13
0 26 6
0 27 7
0 28 13 10 8
0 29 4 13
0 30 9 15
0 31 2 13
0 32 8 1
0 33 8
1 7 6 2 3 4 9 7 0 5 11 1
1 4 6 7 2 5 3 1 8 9 4 0 15 13
1 2 9 5 2 7 1 3 6 4 0
1 3 9 2 5 3 7 1 4 6 8 0 13 15 14
1 8 7 8 4 0 2 1 9 5 6 10 13 14
1 1 9 1 0 2 8 6 5 7 3 15 4
1 5 0 1 3 7 6 9 8 5 4 2
1 0 6 8 7 5 1 2 4 3 9 15 0 13 10
1 9 3 7 2 8 4 0 9 12 10 1 14 15 13 5
1 6 4 5 1 3 8 7 6 9 0 2 10 14 15
0 10 6 12 7 8 3 14 1
0 11 15 11
0 12 8 0 3 9 12 5 10
0 13 15 11 4 1
0 14 3 4 8
0 15 13 14 12 11 4
1 9 2 26 15 4 21 20 10 34 36 0 7 40 27
1 2 10 17 23 24 11 6 0 16 3 13 4 20 15 25 32 33 30 41
1 5 3 21 14 15 24 16 0 25 27 11 7 13
1 3 11 0 6 26 8 17 15 1 7 3 22 40 43 25
1 8 16 1 5 15 9 7 14 3 38 44 6 12
1 4 8 4 13 14 25 6 16 5 18 26 11 20 1 30 43 7 32
1 1 2 20 17 10 0 13 24 15 29 28 22
1 0 18 26 11 13 10 24 12 0
1 6 27 19 22 1 20 8 16 5 17 26 37 30
1 7 7 9 12 24 26 27 23 8 6 3 16 21 30 31
0 10 30 31 35 21 33 7 19
0 11 7 28 20 18 24 38 44
0 12 39 23 7 25
0 13 22 33 38 32
0 14 41 42 30
0 15 20 43
1 3 4 1 3
1 24 0 4
1 26 4 6 2 0 3
1 27 2 6 0 9 8
1 16 0 1
1 14 6 1 8
1 6 2 1 0
1 5 1 4 6 5 3 10
1 19 3 4 0 1
1 18 1 0 7 3
1 10 6 5 2 4 3 1
1 1 1 4 5 2 9
1 17 2 3 4 6
1 8 0 1 2 4 5
1 21 0 3 4 2 1
1 13 1 2 6 3 4 10
1 20 2 6 4 1
1 2 3 1 5
1 0 5 1
1 4 2 5 4
1 15 4 6 3 10
1 25 3 2 6 0 4
1 11 6 1 11
1 22 6 4 0 3 9
1 12 3 4 2 7
1 9 6 4 3 1 2
1 23 2 8 1
1 7 2 4 1 3
0 28 6 9 8
0 29 2
0 30 5 3
0 31 2 5 3
0 32 11
0 33 4
0 34 2
0 35 10
0 36 6 11
0 37 0 5
0 38 8 9 1
0 39 11 10 5
0 40 11
0 41 4 7
0 42 8
0 43 2
0 44 11
1 6
1 1
1 4
1 3
1 2
1 0
1 5
0 7
0 8
0 9
0 10
0 11

