20
15 36 32 15 36 31 16 9 32 15 15 31 6 33 20 26 12 12 34 9 
1 5 2 3 9 24 20
1 11 13 5 19 25 26 2 3
1 0 20 17 16 14
1 4 7 8 12 20 5 35
1 8 16 11 5 10 34
1 7 2 19
1 3 27 29 18 8 15 32 20
1 1 17 23 28 16 27 32
1 2 11 0 6 15 21 8 18 17 34
1 9 1 18 24 17 28 11 13 10 30
1 10 7 10 3 6 28 33
1 6 4 14 22 20 2
0 12 24
0 13 24
0 14 31
1 1 8 17
1 13 7 16
1 22 2 21
1 20 15 16 4
1 7 22 5
1 15 15 0 3
1 9 9 23 22
1 25 24 10 20
1 5 7 13 17 15
1 14 2 4
1 24 15 21 11
1 26 2 1
1 17 2 3
1 16 25 4 20
1 18 9
1 3 5
1 0 14
1 8 12 3 22
1 28 19
1 10 20 11 17
1 2 12 7 8
1 6 8 24
1 23 19 4 2 28
1 11 22
1 12 25 22
1 27 18 30
1 29 10 31
1 4 7 4 16
1 21 6 9
1 19 1 5
0 30 27
0 31 26
0 32 10
0 33 10
0 34 9 29
0 35 18
1 12 3 4
1 25 1
1 18 1 4
1 11 2 9
1 9 1 3 10 2
1 7 10 2 1
1 17 7 8 4
1 5 4
1 3 0 10
1 16 9
1 24 8
1 8 11 10 8 9
1 6 5 8
1 4 4
1 0 5
1 19 1 4 13 0
1 21 6 4
1 1 5
1 22 8 1 4
1 23 8
1 20 9
1 15 0 9
1 10 3
1 2 11
1 13 1 9 2 10
1 14 3 7 2
0 26 12
0 27 9
0 28 8
0 29 12
0 30 0 13
0 31 14
1 6 27 11 23 9 26 14 12
1 10 10 31
1 3 6 1 8 19 28 16 33 35 11
1 5 0 7
1 4 21 1 8 13 19 15 23
1 0 12 9 0
1 11 17 5 7 16 22 26 6
1 8 15 29 22 2
1 9 10 4 19 26
1 7 25 2 20 28 7 22
1 1 0 18 13
1 2 18 3 14 24
0 12 10
0 13 34 30
0 14 7 32
1 0 11
1 13 7
1 4 23 6 28
1 15 21 14
1 18 12 24 27
1 28 4 0
1 23 16 20
1 29 13
1 1 11 8
1 14 16
1 22 9
1 5 23
1 3 24
1 8 17 23 2
1 6 21
1 16 4 2
1 10 23 5
1 19 20 18 1 5
1 11 15 25
1 17 5
1 7 21
1 25 19
1 26 0 1 9 29
1 12 10 17 15
1 9 7 10
1 21 12 21 4 15
1 27 22 3 26
1 24 17 14 22 30
1 2 8
1 20 18 20
0 30 13
0 31 19
0 32 22
0 33 18
0 34 3
0 35 11
1 23 12 2 13
1 13 5
1 1 7
1 18 1 10 11
1 22 2 9
1 12 0 9 1
1 3 8 1
1 10 4
1 2 8 1
1 15 5 4 10
1 7 6
1 0 7
1 21 9 2
1 24 0 3 9
1 16 4 5 9 10
1 9 1 2 4 14
1 11 5
1 14 0
1 8 6
1 17 10 2 12 1
1 19 9 0
1 6 5 1 7
1 20 11 4
1 5 8
1 4 7 4
0 25 4
0 26 10
0 27 8
0 28 5
0 29 15 13
0 30 7
1 6 0 3 4 6 8 2
1 1 6 2 5 3
1 7 0 6
1 12 1 2
1 4 3 6 2 0
1 5 5 6 2
1 3 5 3 2 6
1 0 2
1 2 3 5 2
1 8 6 2 5 0 4
1 9 3 5 0 1 7
1 11 4 3 0 5 6 1
1 10 0 1 5 3 8
0 13 0
0 14 7
0 15 1 2
1 4 12 1 2 8 13 22 25 17 9 30
1 6 9 0 17 25 14 1 28 31
1 1 20 4 10 14 8 11 15 23
1 0 20 18 24 10 25 23 4 19 16
1 5 9 3 20 8 13 29
1 3 6 5 15 19 3 18 8 4
1 2 11 7 16 21 23 8 3 22 19 6
0 7 19 27
0 8 26 18
1 14 10 2
1 4 10
1 18 11 6
1 15 0 5 7 1
1 10 2 5 1
1 16 1 7 14
1 6 9 7
1 19 2
1 7 3 7 9 11
1 24 8
1 1 10
1 21 2 11
1 12 2 9 13
1 5 4 2 9
1 20 2
1 9 6 10 1
1 17 10 8
1 13 0 5 11 4 6
1 11 8 3
1 22 2 8
1 25 0
1 8 6
1 3 10
1 0 1 3
1 2 9 1
1 23 8
0 26 3
0 27 0
0 28 2 12
0 29 7
0 30 8
0 31 0 3
1 11 10 3 8 5 2 4 9 13 0
1 6 11 0
1 8 6 10 11
1 0 0 7 11 8
1 3 0 5 1 7 10
1 1 6 4 3 7
1 5 1 5 9 14 10
1 7 0 1 3
1 10 1 10 4
1 2 0 9 6 5 3
1 4 8 9 1 5 4
1 9 11 2 10 7
0 12 9 12
0 13 1 13
0 14 3
1 2 12 4 13
1 5 15 14 8 11 17 2 29
1 8 24 5 10
1 11 16
1 6 21 8 11 14 18 24 22
1 7 19 1 17 24 6 26
1 1 19 2 25 28
1 0 21 13 8 4 20
1 4 9 22 23 19 20 0 17 8 18
1 3 15 6 20 14 10
1 10 3 7 0
1 9 21 0 23 27
0 12 1 30 10
0 13 1
0 14 22
1 22 4 1
1 23 1 4 5
1 6 2 4 0 3
1 17 4 3
1 15 1 0
1 18 4 3 5
1 9 4 3 2
1 19 1 4 0
1 12 3 4 0 1 2
1 0 2
1 7 3 0
1 13 3 4 1 2
1 5 4 2 1
1 2 0
1 16 3 4
1 10 0 4
1 24 4 1
1 11 4 0
1 21 4 2
1 8 1 0 2
1 1 2 3
1 3 2 3 0
1 4 2 0 4 5
1 20 4 3 1
1 14 0 1 3
0 25 2
0 26 1 5
0 27 1
0 28 2
0 29 0
0 30 4
1 1 23 1 5 8 9 13 15 16 19 22 26 10 25 3
1 4 14 0 6 4 13 3 22 25 19 17 30 31 20
1 0 23 10 18 26 13 0 16 5 2 14 4 12 28
1 2 7 2 3 11 12 25 23 26 13 0 10 24 20 1
1 3 21 4 17 20 24 23 7 0 16 9 26 13 1 19 3 29 12 31
0 5 32 27
1 5 9 2
1 7 12 6
1 16 4 15 13 5
1 2 6 15
1 18 11
1 8 2 6 14 10
1 22 15
1 21 10 3 2
1 13 2 5 8 15
1 14 7 6 18
1 9 9
1 6 1
1 10 9
1 25 7
1 23 13
1 4 14 12
1 12 14 7
1 26 3
1 0 14
1 19 11
1 17 12 13
1 20 15 11
1 3 1 14 16
1 1 6
1 11 9 12
1 24 11 3 15
1 15 3 0 13 5
0 27 19
0 28 0
0 29 11
0 30 13
0 31 17
0 32 0
1 0 1 10
1 4 20 2 4 3
1 3 1 6
1 15 15
1 8 6 0 9 11 8 19
1 6 12 14 11 18
1 2 17 0
1 13 4 5 12
1 9 3
1 5 3 19 9 2
1 14 6 15 14 13
1 10 9
1 7 4 5 16 8 11 21 6
1 12 6 11 1 12
1 1 18 7 10 16 1
1 11 11 8 13 18
0 16 23 16
0 17 3
0 18 20
0 19 13 22 24 25
1 2 0 8 1
1 1 4
1 8 9 8
1 12 6 1 7 9
1 10 2 3 0
1 11 9 1
1 16 3
1 4 5 4 6
1 14 6 3
1 13 7 10
1 0 2 4 1 8 3
1 17 3
1 19 9
1 18 3 11
1 6 8 3
1 20 9
1 5 5
1 15 0
1 3 4 0 8 5
1 7 4 7
1 9 0 4
0 21 8
0 22 2
0 23 6
0 24 2
0 25 0
1 7 6 2 3 4 9 1
1 2 6 7 2 5
1 1 9 5 2 11
1 8 9 2 5 3 7 1 4 6 8
1 3 7 8 4 0
1 4 9 1 0 2 8 6 5 4
1 5 0 1 3 7 6 9 11
1 6 6 8 7 5 1
1 0 3 7 2
1 9 4 5 1 3 8 10 2
0 10 6
0 11 1 8
1 3 2 26 15 4
1 8 10 17 23 24 11 6 0
1 0 3 21 14 15 24 28
1 5 11 0 6 26 8 17 15
1 9 16 1 5 15 9 7 32 33 26
1 6 8 4 13 14 25 6 16 5 29
1 7 2 20 17 10
1 1 18 26
1 2 27 19 22 1 20
1 4 7 9 12 24
0 10 0 3
0 11 26 30 31
1 27 4
1 10 0
1 26 4
1 3 2
1 8 0
1 23 6 1
1 7 2 6
1 22 1 4 6 5
1 15 3 4
1 18 1 0
1 20 6 4
1 25 1 4
1 2 2 3
1 17 0 1
1 4 0 3
1 13 1 2
1 12 2 6 3
1 1 3
1 14 5
1 9 2 5
1 16 4 6 3
1 0 3
1 19 6
1 21 6 4 0
1 11 3 4 2
1 24 6 4
1 6 2
1 5 2
0 28 7
0 29 6
0 30 8
0 31 6
0 32 5
0 33 8
1 2
1 5
1 1
1 0
1 6
1 3
1 4
0 7
0 8

