2
31 47 
1 0 23 28 40 41 42
1 1 0 4 6
1 2 20
1 3 15 33
1 4 14 24
1 7 18 34 39
1 5 1 3 37
1 12 8 30
1 10 8 17
1 11 8 22 43
1 6 1
1 9 11 9 10 25 26 46
1 8 18 27 29
1 14 19
1 16 16
1 17 21 2 7 44
1 15 8 5
1 18 13 12 2
1 13 8
0 19 18
0 20 25
0 21 18 38
0 22 35
0 23 14
0 24 36
0 25 35 45
0 26 6 31
0 27 3
0 28 25
0 29 32
0 30 4
1 2
1 10
1 26
1 9
1 3
1 22
1 4
1 24
1 20
1 13
1 14
1 15
1 27
1 28
1 7
1 6
1 23
1 18
1 11
1 21
1 5
1 25
1 19
1 0
1 8
1 16
1 17
1 12
1 1
0 29
0 30
0 31
0 32
0 33
0 34
0 35
0 36
0 37
0 38
0 39
0 40
0 41
0 42
0 43
0 44
0 45
0 46

