13
10 15 16 11 16 29 33 20 16 12 8 27 9 
1 3 10 4 5 2 8 1
1 6 3 6 1 7 11 0 2 9 13
1 7 5 7 11 3 2 9 1
1 4 2 11 10 1 8 4 6 7 14
1 0 5 9 7 6 8 1 0
1 2 1 4 7 2 8 0
1 1 8 6 3 9 5 11 4 0 7 10 12
1 5 1 0 8 6 11 4 7 5 12 3
0 8 11 6
0 9 14 13 1
1 2 3 9 4 10 12 15
1 9 1 2 4 5 14
1 8 6 10 2 9 0 5 1 7
1 6 7 2 9 8 11 1 12 0 15
1 10 1 5 11 3 0 2
1 7 3 5 10 11 4 14
1 11 12 2 3
1 3 10 5 12 9
1 1 8 3 7 4 6 15
1 4 0 6 11 12 4 5 7 10
1 0 3 9 11 6 8 5
1 5 12 2 8 1 0 7
0 12 1 15
0 13 3
0 14 11 13
1 8 5 2 1 7 6
1 7 4 7 5 0 1 9
1 12 6 5 2 7 0
1 9 2 4 6 3 5
1 2 6 3 0 5 1 2
1 6 7 3 6 2 5 0
1 0 1 6
1 11 7 2 1 4
1 3 7 6 4 1 3
1 4 2 3 6
1 10 0 8 2
1 5 1 0 3 2 4 8 7 6
1 1 8 3
0 13 10
0 14 10
0 15 4
1 4 6 4 11 0 8 1 10 5 9
1 0 10 7 2 8 4 11 5 14
1 8 3 9 0 6 8 5 4
1 2 12 8 7
1 7 7 9 12 10 6 1 13 14
1 6 10 11 1 3 6 7 9 4 8
1 1 7 8 4 12 1 10 0 9
1 5 1 9
1 3 3 0 2 5 7 12 8 6 10 1
0 9 10 5
0 10 13 15 2
1 7 0 3 7 8 19 2 27 26
1 2 8 23 20
1 1 17 19 20 21 10 11 3 22 9
1 10 12 9 18 5 6
1 5 10 23 22 19 12 13 26
1 0 16 1 28
1 12 13 23 4 6 18 25
1 3 7 18 2 22 0 10
1 8 0 5 6 11 3
1 11 15 19 21 6 7 14 5
1 9 0 9 15 13 23 16
1 4 16 2 9 22 5
1 6 4 14 10 16 20 18 2
0 13 26 24
0 14 10 24
0 15 2
1 7 1 23
1 1 14
1 3 26 18
1 15 23 2 5 13 0 3
1 20 3 13 23
1 16 15 10 14
1 23 6 13
1 12 19 3 22 12
1 14 0 13 20 6 7
1 13 24 0
1 5 17 4 22 25
1 0 9 1
1 10 25 18 2 10
1 19 4 10
1 18 16 12
1 21 0 11 13
1 11 25 3 26 15 13 24 2 23 10 9
1 2 1 10 5 14
1 17 11 24
1 22 19 12 10
1 4 9 21 3
1 6 22
1 8 4 8 9 11 19 32
1 9 3 7 25 32
0 24 8
0 25 31 1
0 26 30
0 27 29 27 28
0 28 30
1 18 3 5 11
1 2 1 7 4 2 11
1 17 11 17
1 7 6 1 0 3 8
1 16 11 10 15 18
1 0 2 0 14 15
1 19 12 10 7 8
1 26 10 9 6
1 1 15 14 6 8
1 6 12 1 3 2
1 20 2 9 10 12
1 23 13 1
1 22 8 12 16
1 25 5
1 4 5 2 8 7 6
1 15 8
1 14 15 10
1 9 12 14
1 10 5 15
1 21 4
1 3 8 7 19
1 12 8
1 11 5 3 0
1 24 4 9 11
1 13 8 6 4
1 8 6 14
1 5 14 0 12
0 27 2 13
0 28 18
0 29 0
0 30 14
0 31 9
0 32 16
1 4 2 1 6 7 11
1 5 0 9
1 0 0 2
1 7 2 10 12 11 6 7 8
1 10 5 10 1 3 8 0
1 11 12 10 2 8 3 5
1 6 2 4 9 11 15 13
1 3 11 10 2 4
1 8 2 3
1 13 9 5 0 12 3 4
1 14 6 7 8 11 5 3
1 9 5 0 2 7 9
1 12 8 10 7
1 15 9 4 10 3
1 1 12 2
1 2 12 0 11 2 5
0 16 13 14
0 17 13
0 18 5 10
0 19 5 14 4 2
1 0 1 6 8 7
1 2 2 4 11
1 1 7 4 11 5
1 11 4 3 1 9 6 2
1 3 8 0
1 12 9 0 4 5
1 7 7 5 6 1 4 0 8
1 8 8 6 0 9
1 5 2 1 8 7 9 0
1 10 6 4 2 9 5 1
1 9 6 2 0 4 1 8
1 6 4 7 2 5 0
1 4 7 2 0
0 13 8
0 14 10
0 15 8
1 7 2 0 4 5 1 6
1 2 3 1 5 0 4
1 3 2 3 4 1 0 5
1 8 0 5 4 1
1 4 0 4 3 5 1 2
1 5 2 5 4 1 3 0 7
1 6 2 4 5 0 3 7
1 1 3 0 5 1 2 6
1 0 5 1 4 3 2 7
1 9 1 4 0 2
0 10 1 7
0 11 1 6 4
1 5 19 9 11 12 13 20 16 21 18 6 3 15 8 1 23 24
1 2 5 2 8 18 13 7 1 16 10 20 22
1 3 4 3 7 10 17 8 16 19 13 5 0 11 1 18 9 22 14
1 0 6 1 15 11 4 17 8 13 21 7 12 2 0 25 26
1 4 0 14 16 21 11 1 18 8 10 13 9 5 24 19
1 1 6 4 17 7 21 2 9 11 20 1 15 12
0 6 18 8
0 7 13 22 0
1 7 5 4 3 2 0 6
1 8 6 0 3 4
1 0 2
1 12 4 5 2
1 9 6 5 3 1
1 11 3 1 5 2
1 2 3 2
1 6 2 4 6 0 3
1 5 4 2 0
1 17 1 6 0 4 5
1 4 3 2
1 3 6 0
1 19 1 3 4
1 18 3 6 1
1 14 0 1 4 6
1 1 0 2 3
1 20 5 4 1 6
1 15 5 0 6 1 4 3
1 13 4 3
1 10 4 0 1 2
1 16 5 2 3 1 4 0
1 21 4 8 1 2
0 22 2
0 23 3
0 24 7 8
0 25 5 3
0 26 1
1 0
1 6
1 1
1 2
1 5
1 4
1 3
0 7
0 8

