20
20 48 42 20 48 40 21 12 42 20 20 40 8 44 26 34 16 16 45 12 
1 5 2 3 9 24 20 41
1 11 13 5 19 25 26 2 3 39 9
1 0 20 17 16 14 43 5
1 4 7 8 12 20 5 32
1 8 16 11 5 10 15
1 7 2 19
1 3 27 29 18 8 15 35
1 1 17 23 28 16 18 10 39
1 2 11 0 6 15 21 8 18 17 36 44 46
1 9 1 18 24 17 28 11 13 10 37 39
1 10 7 10 3 6 28 41
1 6 4 14 22 20 2 30
0 12 0 34 41
0 13 0
0 14 19 45
0 15 27 4 13
0 16 42 33
0 17 10 47
0 18 26 38
0 19 9 31 40 43
1 1 8 17
1 13 7 16 30
1 22 2 21
1 20 15 16 4 26
1 7 22 5 7
1 15 15 0 3 6 35
1 9 9 23 22
1 25 24 10 20
1 5 7 13 17 15 36
1 14 2 4 40
1 24 15 21
1 26 2 1
1 17 2 3 33
1 16 25 4 20
1 18 9 31
1 3 5
1 0 14
1 8 12 3 22
1 28 19 30
1 10 20 11 17
1 2 12 7 8 34
1 6 8 24 29
1 23 19 4 2
1 11 22 32 1 27
1 12 25 22
1 27 18
1 29 10
1 4 7 4
1 21 6 9 35
1 19 1 5
0 30 40
0 31 39
0 32 30
0 33 31
0 34 37
0 35 33
0 36 39
0 37 30
0 38 17
0 39 33
0 40 33 41
0 41 11
0 42 28 38
0 43 34
0 44 25
0 45 26 27 21
0 46 4
0 47 10
1 12 3
1 25 1 18
1 18 1 4
1 11 2 9
1 9 1 3 10 2
1 7 10 2 1
1 17 7 8 4
1 5 4 19 17
1 3 0 10 12
1 16 9 8 19
1 24 8
1 8 11 10 8 9
1 6 5 8 4 17
1 4 4
1 0 5
1 19 1 4
1 21 6 4
1 1 5 4
1 22 8 1 4
1 23 8
1 20 9
1 15 0 9
1 10 3 13
1 2 11
1 13 1 9 2 10
1 14 3 7 2
0 26 15
0 27 3
0 28 6
0 29 2
0 30 16 10
0 31 10
0 32 2
0 33 11
0 34 16
0 35 12
0 36 17
0 37 3 14
0 38 19
0 39 3
0 40 10 12
0 41 16 4
1 6 27 11 23 9 26 14 35 39 36 12
1 10 10 46
1 3 6 1 8 19 28 16 41
1 5 0 7 40
1 4 21 1 8 13 19 15 23 42 12
1 0 12 9 0
1 11 17 5 7 16 22 26 6
1 8 15 29 22 2 45 47
1 9 10 4 19 26 3
1 7 25 2 20 28 7 22 23 10
1 1 0 18 13
1 2 18 3 14 24 30 36 19
0 12 34
0 13 31 37
0 14 33 14
0 15 1 43 18
0 16 15
0 17 4 38
0 18 21
0 19 44 32
1 0 11
1 13 7
1 4 23 6
1 15 21 14 25
1 18 12 24 34
1 28 4 0
1 23 16 20 37 10
1 29 13
1 1 11 8
1 14 16 30
1 22 9
1 5 23 27
1 3 24
1 8 17 23 2
1 6 21
1 16 4 2
1 10 23 5
1 19 20 18 1 5
1 11 15
1 17 5
1 7 21
1 25 19
1 26 0 1 9
1 12 10 17 15 4
1 9 7 10
1 21 12 21 4 15
1 27 22 3
1 24 17 14 22 35
1 2 8
1 20 18 20
0 30 3
0 31 14
0 32 32
0 33 33
0 34 6 29
0 35 22 36
0 36 11 28
0 37 13
0 38 4 31
0 39 26 14
0 40 18
0 41 16 39
0 42 15
0 43 11
0 44 1 38
0 45 11
0 46 17
0 47 9
1 23 12 2
1 13 5
1 1 7 10
1 18 1 10 11
1 22 2 9
1 12 0 9 1
1 3 8 1 14 4
1 10 4
1 2 8 1
1 15 5 4 10 3
1 7 6
1 0 7 11
1 21 9 2 15
1 24 0 3 9
1 16 4 5 9 10
1 9 1 2 4
1 11 5 20
1 14 0 12
1 8 6
1 17 10 2 12 1
1 19 9 0
1 6 5 1
1 20 11 4
1 5 8
1 4 7 4 15
0 25 17 19
0 26 9
0 27 13
0 28 18 14
0 29 14
0 30 11
0 31 15
0 32 8 13
0 33 3 16
0 34 4
0 35 4
0 36 16
0 37 13 4 9
0 38 12
0 39 1
1 6 0 3 4 6
1 1 6 2 5 3
1 7 0 6 8
1 12 1 2
1 4 3 6 2 0 9 5
1 5 5 6 2 0
1 3 5 3 2 6 10
1 0 2 9 5 6 10
1 2 3 5
1 8 6 2 5 0 4
1 9 3 5 0 1
1 11 4 3 0 5 6 1
1 10 0 1 5 3 6
0 13 2
0 14 5
0 15 11 7
0 16 11 7 0
0 17 4 3
0 18 4 7
0 19 11 8
0 20 0 8 2 11
1 4 12 1 2 8 13 22 25 17 9 32 38 16
1 6 9 0 17 25 14 1
1 1 20 4 10 14 8 11 15 23 30 33
1 0 20 18 24 10 25 23 4 36 38
1 5 9 3 20 8 13 35
1 3 6 5 15 19 3 18 8 4 26 31
1 2 11 7 16 21 23 8 3 22 19 6 4
0 7 19 7
0 8 8 39 40 30 32
0 9 17 29 37 41 13
0 10 24 27 28 23 32 35
0 11 24 34
1 14 10 2 8
1 4 10
1 18 11 6
1 15 0 5 7 1
1 10 2 5 1
1 16 1 7
1 6 9 7
1 19 2
1 7 3 7 9 11 10
1 24 8 13
1 1 10
1 21 2 11
1 12 2 9 17
1 5 4 2 9
1 20 2
1 9 6 10 1
1 17 10 8
1 13 0 5 11 4 6 8
1 11 8 3
1 22 2 8 13 16 12
1 25 0 12 18
1 8 6
1 3 10
1 0 1 3
1 2 9 1
1 23 8
0 26 16 1
0 27 4
0 28 5 19
0 29 4
0 30 15
0 31 14
0 32 2
0 33 14 18
0 34 10
0 35 9
0 36 11 7
0 37 16
0 38 8 19
0 39 17
0 40 1
0 41 4
1 11 10 3 8 5 2 4 9
1 6 11 0
1 8 6 10 11 14
1 0 0 7 11 8 16 10
1 3 0 5 1 7 10 19
1 1 6 4 3 7
1 5 1 5 9
1 7 0 1 3 4 16
1 10 1 10 4 14 0
1 2 0 9 6 5 3 10 14
1 4 8 9 1 5 4 16
1 9 11 2 10 7 12
0 12 8
0 13 15 7
0 14 8 6
0 15 18 19
0 16 16 6 19
0 17 0 5
0 18 13 17
0 19 17 15
1 2 12 4 13
1 5 15 14 8 11 17 2
1 8 24 5 10 39
1 11 16 13
1 6 21 8 11 14 18 24 22 36
1 7 19 1 17 24 6
1 1 19 2 8
1 0 21 13 8 4 20 25 32
1 4 9 22 23 19 20 0 17 8 18 26
1 3 15 6 20 14 10 37
1 10 3 7 0
1 9 21 0 23 38 1
0 12 24 12 32
0 13 30 35
0 14 33 34 4 23
0 15 32 29
0 16 28 34 36 29
0 17 31 37 14
0 18 22
0 19 33 27
1 22 4 1 2
1 23 1 4 6
1 6 2 4 0 3
1 17 4 3
1 15 1 0
1 18 4 3
1 9 4 3 2 0
1 19 1 4 0
1 12 3 4 0 1 2
1 0 2 6 0
1 7 3 0 4
1 13 3 4 1 2
1 5 4 2 7
1 2 0 6
1 16 3 4 1
1 10 0 4
1 24 4 1
1 11 4 0 3 6
1 21 4
1 8 1 0 2
1 1 2 3
1 3 2 3 0
1 4 2 0 4 6
1 20 4 3 1 2
1 14 0 1 3
0 25 4 6
0 26 4 7
0 27 0
0 28 6
0 29 1 7
0 30 0
0 31 7 2 5 0
0 32 4
0 33 3
0 34 4
0 35 1
0 36 5
0 37 2
0 38 6 7 3
0 39 0
1 1 23 1 5 8 9 13 15 16 19 22 26 10 25 31 2 30 29
1 4 14 0 6 4 13 3 22 25 19 17 41 39
1 0 23 10 18 26 13 0 16 5 2 14 4 12 27 29 38 25 35
1 2 7 2 3 11 12 25 23 26 13 0 10 24 34 40 33
1 3 21 4 17 20 24 23 7 0 16 9 26 13 1 19 3 32 35 43 14
0 5 19 36 37 18 41 14 38 28 35
0 6 13 30 19
0 7 39 28 33 42 4 22 27
1 5 9 2
1 7 12 6
1 16 4 15 13 5 16
1 2 6 23
1 18 11
1 8 2 6 14 10 1
1 22 15
1 21 10 3 2 17
1 13 2 5 8 15
1 14 7 6
1 9 9 21
1 6 1
1 10 9
1 25 7
1 23 13
1 4 14 12
1 12 14 7
1 26 3
1 0 14
1 19 11 12
1 17 12 13 17 23
1 20 15 11
1 3 1 14 21
1 1 6
1 11 9 12
1 24 11 3 15
1 15 3 0 13 23
0 27 13
0 28 9
0 29 18
0 30 11
0 31 20 15
0 32 20
0 33 10
0 34 7
0 35 3
0 36 19
0 37 6 8
0 38 0
0 39 25
0 40 6
0 41 22
0 42 11 24
0 43 15
1 0 1 10 27
1 4 20 2 4 3 15
1 3 1 6
1 15 15 30
1 8 6 0 9 11 8 19
1 6 12 14 11 18 24 31
1 2 17 0
1 13 4 5 12
1 9 3 9
1 5 3 19 9 2 30
1 14 6 15 14 13
1 10 9 22 6
1 7 4 5 16 8 11
1 12 6 11 1 12 29
1 1 18 7 10 16 1 8
1 11 11 8 13 18 19
0 16 33 8 16 26
0 17 3
0 18 8
0 19 21 28
0 20 13
0 21 8 32
0 22 26 1 24
0 23 4
0 24 2 23
0 25 26 25
1 2 0 8 1 5
1 1 4
1 8 9 8
1 12 6 1 7 9 11
1 10 2 3 0
1 11 9 1
1 16 3
1 4 5 4 6
1 14 6 3
1 13 7
1 0 2 4 1 8
1 17 3
1 19 9
1 18 3
1 6 8 3
1 20 9 10
1 5 5
1 15 0 2
1 3 4 0 8 5 9
1 7 4 7
1 9 0 4 14 5
0 21 2 12
0 22 8
0 23 15
0 24 15
0 25 14
0 26 4
0 27 0 1
0 28 5 11
0 29 14
0 30 13
0 31 10
0 32 12 0 10
0 33 2
1 7 6 2 3 4 9 1
1 2 6 7 2 5 10
1 1 9 5 2 0
1 8 9 2 5 3 7 1 4 6 0
1 3 7 8 4 0 11 12 9 5
1 4 9 1 0 2 8 6 5 3
1 5 0 1 3 7 6 9
1 6 6 8 7 5 1 12 11
1 0 3 7 2 14 11 10 12
1 9 4 5 1 3 8
0 10 9
0 11 8 7 13
0 12 15 4
0 13 9
0 14 2 13 3 0
0 15 7 10 11 14
1 3 2 26 15 4 28 33 44
1 8 10 17 23 24 11 6 0 34 14
1 0 3 21 14 15 24 30
1 5 11 0 6 26 8 17 15 42 25 31
1 9 16 1 5 15 9 7 35
1 6 8 4 13 14 25 6 16 5 39 10 19
1 7 2 20 17 10
1 1 18 26 40
1 2 27 19 22 1 20 29 36
1 4 7 9 12 24 32
0 10 38 17
0 11 17 37 41
0 12 2 43 8
0 13 19 31
0 14 22 35
0 15 6 2
1 27 4
1 10 0
1 26 4
1 3 2
1 8 0
1 23 6 1 10
1 7 2 9 10
1 22 1 4 6 5
1 15 3 4
1 18 1 0
1 20 6
1 25 1 4
1 2 2 3
1 17 0 1 3
1 4 0 3
1 13 1 2
1 12 2 6
1 1 3
1 14 5
1 9 2 5
1 16 4 6 3
1 0 3
1 19 6 11
1 21 6 4 0
1 11 3 4 2
1 24 6 4
1 6 2
1 5 2 10
0 28 0
0 29 11
0 30 7 0
0 31 8
0 32 4 5
0 33 8
0 34 7
0 35 7
0 36 11
0 37 3 11
0 38 4
0 39 6 10
0 40 3
0 41 3
0 42 4
0 43 0 9
0 44 4
1 2
1 5
1 1
1 0
1 6
1 3
1 4
0 7
0 8
0 9
0 10
0 11

