20
33 16 22 31 17 33 23 17 22 32 31 34 36 14 26 10 20 21 33 18 
1 10 10
1 1 11
1 21 1
1 2 11
1 22 1
1 23 1
1 12 9
1 5 12
1 9 12 4
1 6 0
1 0 6
1 3 11
1 24 1
1 13 9
1 14 9
1 11 10
1 19 7 15
1 15 9
1 7 5
1 25 1
1 16 9
1 17 9
1 8 9 2 3
1 18 9
1 4 11
1 26 8
1 20 7 13
0 27 7
0 28 0
0 29 0
0 30 14
0 31 4
0 32 4
1 4 7 0 13
1 11 12 3
1 2 8 20
1 6 15
1 10 4 16
1 5 14 11
1 0 2 1
1 9 2 9
1 12 10
1 8 6 17
1 7 15
1 1 5
1 3 8 21
0 13 10 19
0 14 18
0 15 10
1 3 23 13
1 1 5 29
1 8 6 14 17
1 17 4
1 14 16
1 5 9 0
1 13 16
1 0 24
1 6 12
1 12 20 1 21
1 15 4
1 2 8
1 10 3 15 28
1 16 4 26
1 11 22 2 7 18
1 7 3 10
1 9 16 11
1 4 8 19
0 18 0 25 27 30
0 19 8
0 20 8
0 21 0
1 1 5
1 14 8
1 21 2
1 13 8
1 22 3 4
1 4 9
1 17 11
1 18 12
1 5 9
1 12 8
1 10 6
1 7 9
1 8 0
1 11 8
1 15 6 10
1 16 12 1
1 20 13
1 3 7
1 9 6
1 6 9
1 19 12
1 24 3
1 23 3
1 0 5
1 2 7
0 25 6
0 26 16
0 27 15
0 28 7
0 29 0 14
0 30 13
1 3 14
1 6 2 0 24 26 30
1 11 3
1 13 13
1 12 13 28
1 0 8
1 4 10 7 17 27
1 1 11 32
1 5 9 1 6
1 2 18 19
1 9 5 4 21
1 7 20 25
1 8 12 16 22 23
1 10 15 29
0 14 31
0 15 2
0 16 9
1 10 2
1 11 3 15 22
1 1 8 17
1 20 16
1 26 13
1 8 10
1 12 7
1 6 5
1 0 8
1 14 14
1 13 7
1 2 9
1 21 16
1 24 18
1 7 5
1 19 11
1 16 1
1 15 14
1 9 8 4 12
1 4 3
1 25 11 0
1 17 1
1 5 8 6 20
1 18 11
1 22 18
1 3 3
1 23 18
0 27 8
0 28 19
0 29 21
0 30 8
0 31 11
0 32 6
1 17 6
1 11 3
1 8 5
1 3 10
1 5 7 8 16
1 4 2
1 7 7 9
1 9 3
1 0 7
1 2 1
1 6 4
1 12 3
1 16 11
1 18 12
1 10 3
1 15 13
1 13 11 0
1 1 1
1 14 13 15
0 19 6
0 20 14
0 21 2
0 22 14
1 6 5
1 1 7
1 3 16 4 9
1 8 15 2 6 8 14
1 4 15 1 19
1 5 5 21
1 12 17
1 0 13
1 7 13 11
1 9 0
1 2 7
1 11 3
1 13 10
1 10 0 12
0 14 6
0 15 18
0 16 14 20
1 10 5 16 26
1 8 4
1 1 15 30
1 12 5
1 0 3
1 7 25 22
1 17 0
1 3 20
1 5 1 9 14 24 31
1 6 10 13 17
1 16 2 12
1 13 18 11 28
1 11 5
1 2 23 29
1 15 8 6
1 4 20 27
1 9 19 7 21
1 14 8
0 18 16
0 19 2
0 20 13
0 21 2
1 24 2
1 2 23
1 20 9
1 0 15 29
1 12 12
1 14 6
1 18 16 4 30
1 8 3
1 17 18
1 16 10 22
1 3 11 1 26
1 6 24 28
1 25 8
1 23 20
1 5 24
1 1 15 13 25
1 11 12 27
1 7 3
1 22 0
1 15 12 14
1 10 6 21
1 13 19 5
1 4 24
1 9 11
1 21 0 17
1 19 0 7
0 26 23
0 27 20
0 28 19
0 29 19
0 30 2
0 31 6
1 21 19
1 1 14
1 23 22
1 6 2
1 12 14 12 18
1 9 17 29
1 13 15
1 11 13
1 24 11 10
1 18 5 20
1 8 17
1 7 21 0 3 8
1 10 16 26 28 31
1 2 21 32
1 16 24 23
1 0 14
1 17 9 25
1 20 24 6
1 14 15 33
1 15 15 27
1 22 11 7
1 4 1
1 19 4
1 3 21
1 5 2
0 25 25
0 26 30
0 27 2
0 28 13
0 29 3
0 30 9
1 26 26 28
1 6 27 29
1 8 5
1 3 16
1 18 18 4
1 5 6
1 16 24
1 14 8 1
1 4 6
1 25 0 30 31
1 23 8 19 34
1 24 10
1 12 20 2
1 11 24 17
1 0 3
1 13 13 22
1 2 23
1 9 5
1 22 7
1 19 9
1 27 0
1 1 25
1 21 20
1 10 24 15 32 33
1 20 9
1 7 21 12
1 17 16 11
1 15 3 14
0 28 27
0 29 35
0 30 1
0 31 13
0 32 15
0 33 16
1 24 0
1 12 6
1 8 6
1 2 4
1 14 9
1 11 6
1 6 5
1 21 1
1 17 8
1 18 10
1 23 1 11
1 26 7
1 9 6
1 1 4
1 27 7
1 7 5
1 5 5
1 13 9
1 22 1
1 25 0
1 20 3
1 10 6
1 28 2
1 4 5
1 15 9
1 3 5
1 19 10
1 16 8
1 29 2
1 0 4
0 30 0
0 31 12
0 32 3
0 33 6
0 34 3
0 35 13
1 8 17 1 2 21
1 7 4 6
1 10 8 5
1 6 11
1 0 3 22
1 1 9
1 2 16 15
1 9 18 7 13 14 19
1 4 20
1 3 3 0 12 24 25
1 5 18 10
0 11 6 23
0 12 3
0 13 10
1 13 0
1 7 4
1 17 0
1 1 7
1 14 0
1 15 0
1 6 4
1 4 7
1 18 1
1 2 7
1 3 7
1 10 2
1 9 2
1 19 1
1 20 5
1 5 4
1 0 3
1 12 2
1 16 0
1 11 2
1 8 1 6
0 21 0
0 22 7
0 23 4 9
0 24 8
0 25 7
1 5 3 4
1 6 2
1 4 11 10 13 14
1 0 1 15
1 3 12
1 7 6 9 18
1 1 0 8
1 2 7 5 17
0 8 16
0 9 19
1 3 14 10
1 4 6 2 11
1 11 9
1 14 16
1 8 1
1 1 13
1 12 9
1 9 1
1 2 14
1 15 16
1 10 5 8
1 5 4 7
1 6 1 12
1 7 6
1 13 15 0 3
1 0 13 18
0 16 20
0 17 19
0 18 7
0 19 17
1 7 22 28
1 10 7 5 25
1 5 8 3 24
1 14 12 31
1 12 21 2 13
1 9 1
1 8 14 18
1 1 20
1 13 4 11
1 11 7 23 32
1 6 21 9 15 16
1 2 20 6 10 26 30
1 4 0
1 0 20
1 3 17
1 16 19 27
1 15 19 29
0 17 7
0 18 4
0 19 18
0 20 17
1 6 14
1 15 4
1 20 13
1 8 10
1 18 1
1 16 1 9
1 14 4
1 7 14
1 4 14
1 10 10
1 0 0 16
1 22 7
1 23 7
1 21 7
1 19 13
1 2 3
1 13 7 8
1 5 14 17
1 11 10
1 26 11
1 3 3
1 17 6
1 12 10
1 25 5
1 9 10
1 24 5
1 1 2 12
0 27 5
0 28 14
0 29 15
0 30 3
0 31 7
0 32 2
1 0
1 10
1 1
1 4
1 8
1 13
1 9
1 12
1 3
1 7
1 6
1 14
1 2
1 11
1 5
0 15
0 16
0 17

