13
31 47 34 31 10 36 34 15 34 36 31 36 8 
1 14 11 1 14 10 5 25 16 13 22
1 17 18 25 1 13
1 4 19 3 28 15 24
1 9 16 26 20 22 8 35 37
1 8 21 7 28 15 5 6 19 8 25
1 6 8 15 26 25 18 9 12
1 7 13 24 17 28 12 36 3 5
1 1 8 22 15 24 2 28
1 12 2 0 9 20 25 11 1 12 8 37 38 23 18
1 13 24 19 14 5 13
1 0 17 2 15 43 44 12 16
1 5 23 6 12 5 11 4 27 26 42 13 20 16
1 2 10 1 2 4 21 3 11 17 34
1 10 5 25 1 16 4 29 27
1 15 13 14 20 17 21 22 4 25 6 3 7 42
1 16 21 18 9 7 46 34 29
1 18 13 20 7 1 6 34 36 16 10
1 3 27 4 40 24
1 11 2 19 8 20 23
0 19 4 39 20
0 20 33
0 21 25 23 18
0 22 24
0 23 26 33
0 24 45 25
0 25 40 2 7
0 26 41 26
0 27 45 38 26 19
0 28 31
0 29 2 32 14
0 30 27 30 18 3 1 23
1 18 20 4 10 15 28
1 26 15 3 12 20 1 0 13 31
1 4 2 13 7
1 16 8 19 2
1 1 18 5
1 9 2 10 3 14 13 15 9 17
1 24 16 15 4 10 3 0 19
1 25 1 15 0
1 8 14 3 8 18
1 21 16 19 20 7 18 21 26 27
1 11 17 3 5 16 9
1 6 17 1 16 33
1 12 9 5
1 28 9 27
1 13 0 4 30
1 2 19 13 5 15 16
1 15 14 15 4 0 6 8
1 10 10 1 11 9 16 31 29 6
1 22 8 12 26
1 23 7 6 19 0 3 17 1
1 27 20 0 15
1 3 5 13 15 17
1 17 19 9 18 13
1 14 18 0
1 7 10 9 0 5 19 4 26
1 20 16 9 14 22
1 0 10 4
1 19 0
1 5 4 11 19
0 29 24 29 12
0 30 29 18
0 31 12
0 32 22 2 5
0 33 25 0 17
0 34 17
0 35 29
0 36 27 32
0 37 15 8
0 38 1 2 30
0 39 4 20
0 40 10 11
0 41 23
0 42 20 22
0 43 28
0 44 33 30 21 32
0 45 24 30 6
0 46 26
1 12 12 15 5 6 18 14 17
1 6 6 5 12 3 24
1 11 17 1 15 5 0 9 13 28
1 18 2 9 7 12
1 8 4 10 2 15 14 13 5 1 27 19
1 1 15 18 3 4 8
1 14 18 15 1 11 21 7
1 7 0 8 7 13 11 3 21
1 10 14 11 5 9 12 13
1 19 11 7 0 13 2 17 18 24 30
1 2 6 15 4 9
1 4 3 7 6 1 0 8 28
1 15 5 16 0 15 7 2 23 13 6
1 5 10 13 17 9 15 14 4 1
1 0 9 3 15 26 8 6 29
1 20 2 8 10 6 17 25 3 30
1 17 14 16 10 0 11 17 12
1 3 8 4 11 13 14 0 12 9 27 25
1 9 15 17 4 12 11 1
1 13 10 16 15 6 18 4
1 16 11 15 13 4
0 21 22
0 22 2 13
0 23 30 12
0 24 8 7 19
0 25 10 19 20 30 28
0 26 24 28
0 27 10 26
0 28 20 23 28 24
0 29 0 14
0 30 29 2 3
0 31 24 30
0 32 10 0 5
0 33 1 9 7
1 1 5 2 1 4 3 0 8
1 12 5 1 0 3 4 6 7 2
1 18 0 1 4 6 9
1 2 3 5 0 4 2
1 0 2 1 5 0 9
1 7 0 4 1 5 2 6
1 10 3 5 2 0 1 6
1 13 4 3 1 5 0 8
1 5 1 0 2 4 5 7 9 6
1 4 2 4 0 5 3 7 1 8
1 14 3 5 1 4 0
1 17 1 4 0 8
1 11 3 5 0 9
1 8 1 2 5 4 3 0 8
1 3 0 2 5 3 4 6
1 6 5 2 4 0 1 7
1 15 2 0 4 1 3 8
1 16 0 1 4 5
1 9 0 2 3 5 1
0 19 1 2
0 20 9 6 1
0 21 6 5
0 22 5 7
0 23 8 2
0 24 9 1
0 25 7 9
0 26 2 1 6
0 27 1 7
0 28 8 6
0 29 1 0 9
0 30 5
1 5 18 3 14 17 9 0 15 12 13 7 11 4 10 1 8 5 2 26 30 23 25
1 4 9 15 20 14 10 3 0 19 8 5 11 21 4 18 16 12 7 13 23 29 34 1 22
1 1 7 6 13 15 1 5 12 19 8 14 3 20 18 21 16 4 17 11 2 31 34 30 32
1 3 21 2 4 5 9 19 6 0 14 3 12 15 10 18 20 11 17 8 16 13 22 27 30 35 24 29 1
1 2 19 10 11 16 5 6 17 1 8 7 12 9 15 18 4 2 21 14 25
1 0 13 0 1 8 12 11 7 14 6 17 5 18 15 9 20 16 4 21 2 27 10 31 33 29
0 6 17 28 34 1 15 20 27 23 7 2
0 7 3 28 33 10 4 12 11 9
0 8 32 9 7 17 25 22 27 31 11 23
0 9 11 24 29 2 17 15 31 22 13 30 34 3
1 10 15 14 8 2 4
1 5 18 0 13 16 23
1 16 2 10 12 0 1 30 14 31 24
1 18 4 20 10 19 14 6 24 5
1 17 7 6 4 0 32 16
1 8 4 5 18 12 27
1 12 6 17 9 14 0 4 1
1 11 12 17 3
1 21 7 11 20 14
1 20 12 6 11 13 4
1 19 7 0 12 9
1 7 3 10 15 2 5 21
1 15 9 1 15 0 7 28 25
1 9 13 2 15 16 11 29
1 2 4 10 16 2
1 0 3 15
1 1 0 17 3 2 22
1 3 8 3 4 17 2
1 14 7 8 3 16 21
1 13 4 19 8 16 6
1 6 16 12
1 4 18 9 21 32 31 5
0 22 13 31
0 23 1 32 0 25 19
0 24 25 18
0 25 13 30
0 26 25
0 27 26 31 21
0 28 27 23
0 29 26
0 30 22 25
0 31 7
0 32 30 7
0 33 20 33
0 34 20 12 27
0 35 16 7
1 7 4 5 3 1
1 15 3 7 6
1 2 4 5 0 8 9
1 5 6 1 12 8
1 3 0 6 3
1 9 6 5 4 8 9 10
1 17 4 3
1 19 2 3
1 13 0 1 5 6 2 7
1 8 2 6 1 5 0
1 18 7 5 3 2 4
1 20 4 2 5 7 3 10
1 14 4 6 1 5
1 16 8 4 5 2
1 10 4 2 8 0 5
1 1 0 8 3 5 13 9
1 0 8 3 1 13 9
1 6 2 4 8 0 11
1 4 1 7 0 5 12
1 11 5 6 4 8
1 12 1 3 4 7
0 21 3 8 10
0 22 14 0 2
0 23 14 8
0 24 11
0 25 9 12 4
0 26 5 2 3
0 27 0
0 28 9 8
0 29 2 4 3
0 30 14 9
0 31 4 13 12
0 32 9 10 5
0 33 8 13 11 3
1 1 13 6 20 16 3 19 8 9 0 14 17 18 7 15 22 30 10
1 2 8 2 3 9 16 0 17 7 12 14 4 13 20 19 18 15 33 28 25 21
1 8 17 5 12 16 3 2 11 1 9 7 32 22 23
1 3 11 18 4 19 13 2 12 20 6 0 15 14 10 16 22
1 7 1 10 2 17 4 7 20 3 5 6 11 15 13
1 4 16 12 18 7 1 8 3 0 2 26 33 25
1 5 19 7 2 11 20 12 4 17 22 6 0 3 28 21
1 6 5 4 14 9 1 2 12 18 7 8 16 24 28 33 23
1 0 15 0 5 18 10 12 17 6 19 8 32 27 31
0 9 29 21 12
0 10 31 15 7
0 11 27 14 9 24 11 23
0 12 14 23 28 33 7 13 3 24
0 13 25 1 33 4
0 14 30 29 27 4 10
1 1 3 1 7 6 14
1 13 16 17 19 8 11 10
1 19 4 11 10 8 13 19 14 21
1 14 21 14 15 4 11
1 20 9 15 19 4 31 13
1 5 10 7 3 1 14 11 15 28
1 16 10 5 14 6 0 12 8 22
1 18 9 18 19 5 15 14
1 8 20 9 19 6 27 29 11
1 10 14 21 9 3 1 2 15
1 11 20 8 3 4 24 1 23 18
1 15 8 2 15 19 3 34
1 12 14 0 12 9 18 25 32 17
1 9 19 11 10 18 13 21 25
1 7 13 19 15 3 28 23
1 0 20 17 12 7 19
1 17 6 15 14 16 4 11 32 29 9
1 3 20 7 3 14 4 9 29 15
1 4 18 15 17 21 0 19 11
1 2 20 17 15 3
1 6 10 5 1 7 13 3 23 12 0
0 21 14
0 22 20 31 9 17 11 13 33
0 23 19 21 9
0 24 20 4
0 25 11 20
0 26 3 30 4
0 27 33
0 28 0 17 33 18
0 29 2
0 30 6 32
0 31 16
0 32 26 34
0 33 35 22
1 18 14 4 15 13
1 8 16 12 17 0 1 8 9
1 15 0 15 9 13
1 2 11 16 1 7
1 17 9 17 2 15 3 5 10 12
1 19 8 17 10 0 9 14 11 19
1 5 12 6 0 7 16 21 30
1 3 5 0 10 16
1 21 9 17 8 0 10 11
1 20 3 10 9 15 11 18 19
1 9 13 16 10 14 1 4
1 16 4 7 17 2 10 12 26 30
1 1 1 13 5
1 14 3 9 12 5 29 17
1 12 16 7 11 2 10 18 12 0 21
1 11 8 13 5 4 17 2
1 13 16 10 8 15 13 9 11 4 24
1 0 5 8 25 18
1 6 8 12 4
1 10 18 7 15 5 27 9
1 4 13 16 7 8 2 14 27
1 7 2 15 5 3 12 0 1 6 13 27
0 22 22
0 23 0 23
0 24 10 16 6 13 22
0 25 4 16
0 26 7
0 27 20 1 30 2
0 28 14 24 11 21
0 29 28 0 8
0 30 10
0 31 10 21
0 32 13 27 15
0 33 11 26 2 17
0 34 7 28 16 18
0 35 9 30
1 6 9 18 13 12 4 32 28
1 3 2 10 13 19 16 11
1 7 19 8 16 7 15 3 0 5 11 4 26
1 8 2 12 21 20 3 7 4 18 6 25 32
1 14 1 7 8 20 14 18 12 33 35
1 1 0 20 16 13 9 14 28 31 29 11 17
1 11 20 17 10 11 6 9 3 4 15 27
1 2 20 3 2 7 6 9 4 30 18
1 4 13 5 9 10 1 14 16 34 12
1 18 1 6 17 18 13
1 13 18 14 17 16 0 9
1 10 7 15 5 20 30 29
1 9 9 16 17 12 21
1 5 11 5 7 4 2 18 13 9 20 10 26
1 15 18 5 3 4 8 14 0
1 12 14 17 2 19 6 20 21 15 12 29 34 32
1 0 20 4 16 3 21 9 31
1 17 1 5 10 15 11
1 16 21 10
0 19 11 22 28 29 0 7 34 6
0 20 6 9 11 20
0 21 30 31
0 22 24 4
0 23 26 29 15
0 24 8 23 9 7 29
0 25 12 3
0 26 3 10
0 27 25 26 10
0 28 27 22
0 29 27 31
0 30 7 22 3
1 12 2 0 1 4 3
1 5 1 4 3 0 7
1 8 1 2 0 4 3
1 7 2 0 1 4 3 7
1 6 3 0 4 2 1 6
1 13 0 4 1 3 2 7 5
1 10 1 0 2 4 5
1 11 2 1 4 3 0
1 15 0 3 1 4 2
1 3 0 1 4 3
1 17 3 1 4 2 7 0
1 16 3 2 4 1 5 0 7
1 19 3 0 2 1 4
1 0 3 4 0 7
1 14 3 0 1 4 2 5
1 18 2 1 4 3
1 1 2 0 4 7 1
1 21 1 2
1 20 0 2 3 1 7
1 4 1 0 4 3
1 2 3 2 0 4 7
1 9 2 1 4 0 6
0 22 6 5
0 23 6 1
0 24 1 5
0 25 5 3
0 26 3
0 27 5 3
0 28 0 6
0 29 7 4
0 30 5 3
0 31 2 4 1 7
0 32 1 0 3 6 4
0 33 7 5
0 34 4 0 7
0 35 3 5 0
1 1
1 4
1 3
1 2
1 0
0 5
0 6
0 7

