20
23 35 26 23 8 27 26 11 26 27 23 27 6 28 33 17 18 18 31 11 
1 9 8
1 7 2 9
1 3 24 22
1 14 17
1 15 23 14 28
1 10 10 3 11
1 1 5 18
1 6 13 6
1 2 21 4
1 13 13
1 5 27
1 4 2 0
1 11 26 15 30
1 8 25
1 12 16 1
1 16 12
1 0 2
1 17 19 20
1 18 7
0 19 20
0 20 34 29
0 21 31
0 22 32 33
1 12 1 23
1 20 14 3
1 1 16
1 5 17
1 4 17
1 6 9 15
1 3 9
1 28 0
1 14 19 12
1 24 14
1 17 10
1 21 8
1 22 7
1 16 20 13
1 15 5
1 23 19
1 11 18
1 18 10
1 0 16
1 19 10
1 27 0 22
1 7 4
1 10 18
1 25 6
1 2 17 2
1 13 1
1 8 4 24
1 9 20 11
1 26 0
0 29 7
0 30 16 25
0 31 15
0 32 20
0 33 14 21
0 34 7
1 20 15
1 11 18 19
1 0 0
1 10 14
1 4 11 13
1 12 6 1
1 18 3
1 15 5
1 14 10 7
1 2 9
1 13 2
1 9 14
1 7 8
1 19 15
1 17 10
1 5 11 16
1 1 9
1 3 9
1 8 12
1 16 17
1 6 18 4
0 21 2
0 22 10
0 23 22
0 24 12 21
0 25 20
1 0 3
1 18 4
1 12 1
1 16 2
1 1 3
1 13 1
1 2 3
1 11 1
1 7 0
1 3 5
1 15 2
1 6 0 6
1 8 0
1 4 5
1 9 0 7
1 17 4
1 5 0
1 14 2
1 10 1
0 19 0
0 20 3
0 21 4
0 22 3
1 2 12 5 9 13 16 17 18 21
1 3 8 6 10 15 26
1 4 8
1 0 2 22
1 5 14 1 3 7 11 19 23 25
1 1 14 0 4 20
0 6 7 24
0 7 14
1 1 12
1 20 7
1 2 12
1 21 7
1 11 3
1 0 9
1 17 13
1 16 4 10 14
1 12 3
1 5 0
1 7 8
1 19 7 19 22 23
1 18 4
1 8 16 21
1 4 18
1 10 17 11
1 15 17 1 25
1 6 0 24
1 13 6 5
1 3 12
1 9 15 2
1 14 20
0 22 1
0 23 4
0 24 5
0 25 18
0 26 2
1 4 2
1 14 7
1 9 4
1 11 4
1 18 8
1 10 4
1 15 0
1 19 8
1 5 2
1 0 1 9
1 8 5
1 3 1
1 1 1
1 16 0
1 20 3
1 6 5
1 7 5
1 12 1 6
1 2 1
1 17 0
1 13 7
0 21 8
0 22 0
0 23 3
0 24 10
0 25 6
1 5 15 2 19
1 0 6 24
1 1 15 23
1 8 7
1 3 18 4
1 2 13 1 8 10
1 6 16 12 14 17
1 4 20 0 3 5 9 11
1 7 16 21
0 9 8
0 10 22 25
1 6 14
1 0 20
1 18 8 4 15
1 7 14
1 3 19
1 15 13 2 3
1 2 20
1 19 6
1 11 20 12
1 12 18
1 1 20
1 9 10 9 23 24
1 13 1 17
1 5 5
1 14 21
1 4 19
1 16 7 22
1 17 6
1 10 16
1 20 21 11
1 8 19 0
0 21 26
0 22 16
0 23 6
0 24 14 25
0 25 18
1 11 4
1 3 1
1 17 3
1 2 16 17
1 10 8 15
1 5 16 14
1 15 5
1 13 8
1 14 18
1 8 13 21
1 4 2
1 20 3
1 16 3 19
1 18 3
1 6 11
1 21 0
1 7 3 12
1 19 3
1 9 6 7 20 22
1 1 10
1 0 10
1 12 9
0 22 14
0 23 9
0 24 18
0 25 1
0 26 1
1 18 7 23 26
1 3 9
1 6 11
1 17 18 24
1 11 14
1 16 20
1 4 1
1 15 21 17 25
1 13 6
1 12 14 22
1 2 9 10
1 8 21
1 0 5
1 9 0 13
1 10 3 12
1 7 3 19
1 5 8
1 1 4
1 14 14 2 15 16
0 19 16
0 20 8
0 21 17
0 22 8
1 3 3
1 5 3
1 7 3
1 6 3
1 2 2
1 0 2
1 12 1
1 21 0
1 8 1
1 4 3
1 1 2
1 9 1
1 16 4
1 17 4
1 11 1
1 14 1
1 20 0
1 18 4
1 19 0
1 13 1
1 15 1
1 10 1
0 22 2
0 23 0
0 24 3
0 25 1
0 26 5
1 4 6 2 8 10 11 21 22 27
1 2 12 14 17 24 25
1 0 5 1
1 1 15 0 4 7 13 16 18 20
1 3 6 3 9 19 23 26
0 5 3
1 7 11
1 1 24 27
1 16 5 13
1 3 2 6 12
1 8 16 26
1 10 16
1 22 1
1 0 23 18 20
1 11 7 0
1 17 9
1 20 9
1 9 1 25
1 19 9
1 4 4 22
1 13 15
1 14 5
1 2 7 19
1 6 24 14
1 5 21 8 31
1 12 17 28
1 18 9 30
1 15 5
1 21 3 10
0 23 23
0 24 25
0 25 32
0 26 29
0 27 10
1 24 10
1 26 13
1 0 0
1 22 6
1 8 8
1 20 6
1 12 5
1 9 8
1 2 2
1 23 10
1 25 6 4
1 13 5
1 15 11 16
1 21 6
1 14 7 15
1 19 6
1 16 11 14
1 18 6
1 6 5 3
1 7 11 9
1 4 12
1 17 11
1 10 1
1 1 2
1 5 12
1 3 2
1 11 1
0 27 10
0 28 8
0 29 0
0 30 1
0 31 13
0 32 4
1 0 0
1 6 10 3
1 2 0
1 3 11 5
1 12 1 13 17
1 7 2 7
1 10 12
1 8 8 6
1 5 14
1 1 0 15
1 11 10
1 9 12
1 4 9 16
1 13 4
0 14 13
0 15 13
0 16 1
1 0 6 2
1 14 5 10 11
1 7 5
1 2 6
1 13 3 14
1 4 0 7
1 6 4 17
1 8 8
1 10 13 16
1 3 0 12
1 12 9 1
1 1 6
1 9 9
1 11 13 15
1 5 4
0 15 13
0 16 3
0 17 10
1 5 4 0 1
1 12 11 15 23
1 1 13 30
1 10 12 7 16 17 27
1 4 6
1 6 18 19
1 2 4
1 3 6 26
1 7 9 28
1 8 3 2 14
1 14 21
1 13 11
1 0 13 22
1 9 5 8 10 20
1 11 24 29
0 15 14 25
0 16 5
0 17 0
1 6 6
1 7 6
1 5 4
1 15 8
1 2 1
1 11 2 9
1 4 4
1 17 8
1 14 7
1 10 2
1 22 5
1 23 5
1 13 2
1 1 3
1 16 8
1 21 5
1 20 0
1 9 6
1 8 6
1 3 1
1 12 2 10
1 24 5
1 0 3
1 19 0
1 18 8
0 25 4
0 26 1
0 27 8
0 28 8
0 29 3
0 30 7
1 7
1 1
1 4
1 0
1 2
1 8
1 3
1 5
1 6
0 9
0 10

