6
33 16 22 31 17 33 
1 22 1 5 3 13
1 19 9 11 8
1 1 0 1 4 7 5
1 14 8 5 12 9 0
1 20 7 9 1 3
1 5 10 1 6 7 5 0 2
1 16 12 11 9 6 2 1 4 10 8
1 4 6 4 11 3 0 7 9
1 13 3 10 6
1 3 3 7 5
1 17 11 1 7 8 9 3 10 0
1 6 12 9 11 7 2 5
1 25 9 2 11 1 8 12 14
1 0 10 6 7 5 11 8
1 7 10 9 11 1 7 0 13
1 2 11 7 4 12
1 8 1 5 9 10 0
1 18 11 0 8
1 9 1 4 6
1 21 1 6 9 10 3
1 11 9 10 2 6 11 12 4
1 26 12 1 8 2 3 4
1 24 12 3 10
1 10 0 9 12 6 11 10
1 12 6 8
1 15 11 8 7 2 13 5
1 23 1 2 5 12 9
0 27 1 6
0 28 15
0 29 4 13
0 30 15 3
0 31 1 8
0 32 6 7 1 0
1 6 2 7 16 3 8 0 6 1 5
1 12 15 7 9 11 6 21 0 16 10
1 10 0 13 2 17 12 3 9 10 7 11 4
1 11 1 10 3 12 11 2 13 4 9
1 1 1 5 8 12 14 17 0 6 15 18 9 11
1 2 17 10 13 7 16 9 15 14 1
1 4 6 9 17 0 5 7 1 14 3
1 0 2 13 0 14 17 4 20 8
1 8 3 4 9 7 5 11 15 14 8
1 5 1 17 14 12 3 11 8 9
1 3 17 14 4 0 7 1 12
1 7 3 8 5 11 17 0
1 9 4 11 6 2 16 8 12 15
0 13 12 6 18
0 14 12 19 15
0 15 13 19
1 8 14 9 18 7
1 4 5 8 23 12 2 4 15 13
1 3 6 22 19 1 8 9 12 14
1 17 16 18 19 7 6 10
1 9 13 0 3 17 21 2 5
1 5 11 12 24 22 16 20 17 6
1 12 5 15 14 4 10 1
1 15 23
1 10 20 0
1 13 13 17 19 3 9
1 11 6 2 18 17 22 19 21 26
1 16 22 21 3 2 23 14 16 1 10
1 14 10 23 13 7 20
1 6 1 6
1 1 23 12 21 18 6
1 2 5 7 13 20 8
1 7 6 2 5 22 27
1 0 4 12 24 3 8 29
0 18 28 24
0 19 3
0 20 9 13
0 21 19 25 30
1 13 10 12 7 2
1 11 11 4 3 10
1 18 9 0 10 4 11 1 2 14 7
1 19 11 9 0 7 12 6 2 3
1 9 6 12 3 10 5
1 7 0 11 10 7
1 0 13
1 22 1 10 12 3
1 1 5 0 11 7 4
1 6 7 8
1 21 5 1 11 8 3
1 10 5 6 1 0
1 4 5 8 2 7
1 2 8 10 5 15
1 15 2 11 6 4 10 9 0
1 14 8 13 0 9 14 16
1 23 3 12
1 8 9 3 0 5 10 6 11
1 5 11 7 6 3 5 10
1 24 12 11 9 1 0
1 12 9 5 10 11
1 17 8 13 0 2 6 11 1 5 12
1 20 6 9 3 8 0
1 16 9 11 1 5 10 0 15
1 3 0 4 13 2 10 6 16
0 25 10
0 26 12
0 27 16 4
0 28 1
0 29 13
0 30 6 10
1 5 9 1 3 26 18
1 13 5 10 22 2 7 1 16
1 8 14 12 15 16 26 21 1 9 3 27
1 7 6 18 21 11 14 4 10 15 19 0
1 2 25 23 18 26 9 13 11 10
1 0 9 4 24 32 6
1 6 20 7 17 3 11 30
1 1 3 10 21 24 17 12 25 22 11 26 29
1 9 11 22 15 0 13 9 26 8 10 20
1 10 14 1 20 13 2 11 17
1 4 8 13 23 11 18 29 15
1 11 0 17 19 22 15 8 10
1 12 14 8 22 25 0 11 26 9 6 5 1
1 3 2 17 12 22 15
0 14 22 28 10 25
0 15 11
0 16 31
1 22
1 23
1 15
1 6
1 2
1 26
1 19
1 20
1 25
1 14
1 13
1 9
1 1
1 12
1 21
1 11
1 24
1 8
1 5
1 16
1 17
1 3
1 18
1 4
1 0
1 7
1 10
0 27
0 28
0 29
0 30
0 31
0 32

