6
18 36 39 21 39 28 
1 3 20 15
1 5 16 10 13 5 0 4 32
1 9 18 1 2 15 14 5 19 0 16
1 10 9 5 18 4 14 22 23 35
1 1 13 8 2 6 10 11 29 19
1 0 11 13 10 3 4 33
1 2 4 0 3 7 14
1 8 6 12 9 21 1
1 7 14 18 4 24
1 6 21 19 4 18 7 1 3 20
1 4 4 17 20 16 1 26
0 11 12 29 19 7
0 12 11 30 6
0 13 12 27 6 19 11
0 14 20 28 32 1
0 15 34 31
0 16 11 10
0 17 25 31 10
1 19 10 19
1 8 19 16 0 3 5
1 3 16 14 12 9 4
1 1 2 12 8 14 26 24
1 4 16 0 23
1 14 7 5
1 7 11 17 2 16 18 24 27 34
1 0 8 22 19
1 18 7 10
1 17 6 17 21
1 5 18 3 0 19
1 10 4 1
1 16 21 13 20 18 30
1 2 19 8 33
1 15 19 6 5 17
1 6 18 9 15 19
1 9 22 23 7 2 37 30
1 12 19 8 23 12
1 20 21 23 26
1 21 4 17 13 35 36
1 11 9 0
1 13 15 5 14 10 18 21
0 22 32 24 13
0 23 9
0 24 28 38 18 0
0 25 1
0 26 3
0 27 25
0 28 1
0 29 1 2 20
0 30 23
0 31 29
0 32 9 25
0 33 9 19
0 34 19
0 35 7 31 9
1 11 8 7 11 1 2 10 17
1 4 7 6 15
1 7 11 8 6 0 19
1 2 6 7
1 19 7 5 2
1 16 3 12 2
1 13 12 0 10 7
1 15 10 9 1
1 1 6 11 15 12
1 12 1 0 3 9
1 20 4 2
1 9 10
1 10 4 10 11
1 23 5 16 4
1 8 6 8
1 3 11 14
1 5 7 16
1 21 12 0 9
1 6 7
1 14 4 11 2
1 17 8 2 1
1 18 1 2 18 19
1 0 6 3
1 22 12
0 24 13
0 25 9
0 26 0
0 27 4
0 28 9
0 29 3 14
0 30 5
0 31 17
0 32 20 10 5
0 33 4 6
0 34 13 2
0 35 13 19
0 36 3
0 37 2 16
0 38 6
1 5 20 3 8 22 14 17 19 6
1 6 17 22 20 23 35 12 2 34
1 9 7 21 3 20 9 19
1 1 15 14 0 17 37 28 24
1 8 4 11 18 23 13 22 16 20 28 37
1 12 10 2 13 5 1 17
1 0 17 14 15
1 3 5 0 6 11 14 9 15 17 29 13
1 7 17 19 18 13 0 3 22 7 32
1 10 13 1 17 36
1 4 12 5 20 16 0 4
1 2 12 9 15 2 4 11 25
1 11 10 16 0 8 11 36 21
0 13 31 34 9 23 28
0 14 33 19
0 15 31 30 38 11
0 16 26 13
0 17 27 32
0 18 6 24
0 19 23 9
0 20 26 32
1 17 11 2 7
1 19 14 2
1 4 11 0 3 7 4
1 13 5 7 14 1
1 18 13
1 16 2 13
1 9 3 15 14 8
1 22 14 3
1 23 14
1 2 6 1 8 5 27
1 20 9 11 10 27 22
1 5 9 12 14 15 3
1 7 2 5 16 20
1 15 14 3 13 4 9
1 0 15
1 1 0 4 5
1 6 16 4 25
1 3 15 5 13
1 11 7 26
1 12 7 9
1 8 5 13 2 4 1
1 14 16 13
1 10 3 9
1 21 10 13
0 24 24
0 25 11 26
0 26 4 17
0 27 22
0 28 22 15
0 29 21 16 22
0 30 12 13
0 31 20
0 32 18 19
0 33 18
0 34 6
0 35 23
0 36 17 19 12
0 37 7
0 38 13
1 1
1 8
1 11
1 6
1 7
1 5
1 2
1 10
1 3
1 13
1 15
1 14
1 0
1 12
1 16
1 4
1 9
0 17
0 18
0 19
0 20
0 21
0 22
0 23
0 24
0 25
0 26
0 27

