6
28 26 10 27 28 28 
1 12 15 4 11
1 6 9 4 13 15
1 4 9 4 13
1 18 1 12 20 17 5
1 8 2 3 1 19 23
1 1 6 12
1 3 18 9 6
1 15 17 3 7 8
1 20 0 25
1 9 18 17 12
1 19 20
1 17 16 15
1 14 15 5 16 10 7
1 7 19 12 16 20
1 2 8 18 17
1 11 11 16 13 15 10 2
1 22 16 14 0 11 5
1 21 11 7 1 5 17 0
1 5 1 3 24
1 0 10 3 20 16
1 13 3 5 18 16
1 16 13 0
1 10 13 9 20 10 11
0 23 1
0 24 11 22
0 25 21
0 26 16 12
0 27 20
1 14 6 3 1 2
1 9 7 4 3 0
1 19 3 6 7 2
1 4 1 7
1 1 4 0 5
1 20 2 7
1 3 5 1 7 4
1 17 6 3 8
1 6 7 1 3
1 10 7 4
1 0 5 0 7
1 18 4 3 2 0
1 7 3 7 1
1 8 6 7 1 3 8
1 15 3 4 6
1 11 6 7 4
1 12 4 7
1 16 2 7 6 4 5
1 5 7 6 2 0 1 4
1 2 1 5 7 8
1 13 5 7 4 6 2
0 21 6 9
0 22 5
0 23 3
0 24 3 2
0 25 3
1 1 4 7 21 17 14 6 20 0
1 0 1 15 17 19 10 6 20 2 7 11 26
1 7 5 2 11 12 9 14 24 8
1 6 13 6 14 12 8 11 9 18 26
1 3 20 9 14 19 0 11 10
1 2 1 9 10 2 19 17 11 22 5
1 4 8 0 21 13 14 11 2 18
1 5 18 3 16 20 23 25
0 8 5
0 9 18
1 16 10 1 9 22 3 15 5 19
1 1 3
1 12 13 7 6 20
1 17 17 20 11 6
1 3 16 8 0
1 20 14 11 18 12 17 19 8
1 9 12 15 3
1 5 15 4 11 0 25 16
1 19 15 12 17 7 13
1 21 10 18 22 1
1 7 6
1 13 20
1 18 20 11 12 24
1 2 16 2
1 14 20 26
1 10 12 5 6 9
1 11 15
1 4 21 5 6 8
1 15 8 7 19 18
1 0 4 27
1 8 19 2 7
1 6 0 5 23
0 22 17
0 23 21
0 24 10 5
0 25 22
0 26 19
1 4 1 24
1 16 22 4 6
1 3 13 9
1 2 12
1 0 8 13 18
1 10 17 19 13
1 8 16 15 12
1 7 18
1 5 1 23
1 9 10 3 9
1 17 7 11 19 0 27 21
1 13 11
1 14 12 19 6
1 18 3
1 20 15 4
1 11 2 5 7
1 6 16 14
1 19 16 6 4
1 22 0 6 4 19
1 15 21 20 2
1 12 17 1 3 20 7
1 1 5 20 22
1 21 0
0 23 14
0 24 13 10
0 25 18
0 26 5
0 27 25 26
1 20
1 7
1 15
1 17
1 22
1 1
1 21
1 16
1 0
1 8
1 4
1 13
1 5
1 2
1 6
1 14
1 10
1 12
1 9
1 18
1 11
1 19
1 3
0 23
0 24
0 25
0 26
0 27

