20
37 34 13 36 37 37 12 37 8 39 36 40 10 28 18 18 44 47 42 40 
1 2 8 16 1 11 5 33
1 15 11 15 18
1 11 16 2 13 20 31
1 18 11 4 7 14 17 16 9 18
1 12 1 9 3 29
1 16 10 1 9 3 31 33
1 13 3 20 13 16 10
1 7 13 5 9 10 19 18
1 1 13 12 20 25 33 0
1 6 20 14 7 17 21
1 8 13 0 5 19 12 15 7
1 22 2 18 16 15 12
1 5 13 15 17
1 20 10 6 18 23 28 2
1 10 9 14 13 3 15 24 11
1 19 5 17 19 4 9 16
1 17 5 12 2 3 6 4
1 9 1 7 3 15 20 5 32 2 16
1 21 18 12 15 5
1 4 8 6 9
1 14 10 7 20 2 1 13 27
1 0 11 12 13 14 17 8
1 3 5 15 20 16 13 26 12
0 23 20 15 3
0 24 29 8 3
0 25 4
0 26 27 23
0 27 8
0 28 31 21 8 3
0 29 17 11
0 30 8 30 14 7
0 31 24 20
0 32 26 8 27
0 33 25 21 10
0 34 3
0 35 22 33 1
0 36 9
1 11 3 6 1 4 7 2 12
1 4 6 3 2 5 1 8
1 16 4 6 0 2 5 3
1 15 2 0 1 3 12 7
1 20 7 4 1 2 0 6 8
1 3 1 5 0 7 3
1 5 5 4 6 1 0
1 17 7 2 4 1
1 7 5 7 0
1 10 0 2 7 4 3 1 5
1 13 1 2 3 4
1 0 1 3 5 6 7 10
1 9 0 6 5 4 7
1 2 1 5 3 7 4 12
1 6 3 7 4 6 1
1 12 3 7 0 11 5
1 18 4 7
1 8 3 4 1 6 0 9
1 19 2 3 0 8 4
1 14 6 4 7 1 2 0 5 11 8 12
1 1 1 7 3 5 0 4
0 21 6 0
0 22 9
0 23 4 10 12 8
0 24 2 1 4
0 25 7
0 26 6 7 1
0 27 9 6 7 2 10 12 5
0 28 4 2
0 29 0
0 30 8 12
0 31 0
0 32 1 7 8 10
0 33 10 1 4
1 6 17 0 19 6 15 16 8 1 5 13 9 7 10 24
1 2 14 9 7 6 18 2 20 11 1 17 19 24 34 35 31 25 21
1 7 11 3 8 21 15 9 13 19 12 5 0 10 2 23 32 25 4 26 28 34
1 1 5 18 15 6 3 2 7 17 16 21 11 4 10 12 33 13 9 31 29 25
1 5 4 2 7 20 16 6 19 10 17 5 18 9 3 8 0 15 26
1 0 17 2 20 0 14 21 19 16 1 7 27 28 15 9
1 3 1 12 13 16 17 9 5 11 8 10 14 15 7 0 23 21 20 33
1 4 5 6 10 15 8 11 7 9 12 0 17 19 3 18 16 13 1 4 14 29 32 27
0 8 18 26 33 21
0 9 35 22 25 24 15 13 27 7
0 10 3 13 5 9 29 35 11
0 11 12 30 31 33 7 23 13
0 12 6 33 25 19
1 21 21 19 6 33
1 2 8 15 4 0
1 15 4 3 9 8 19 15 33 34 22 20
1 10 19 13 1 10 8 18 36
1 7 0 16 20 18 25 10
1 4 22 20 19 4 31 11
1 17 2 13
1 5 8 6 12 3 17 2 13 14 9 26 35 33
1 14 6 9 8 3 19 13 12 18 7 14
1 12 10 18 5 22 19 13 15 30
1 6 8 16 12 4 31
1 11 20 1 0 15 18 19
1 20 11 16 24 26 19
1 18 5 16 0 18 2 14
1 3 4 5 14 22 2 12 20 7 9 35
1 16 8 13 19 29
1 8 5 14 16 0 15 1 4 21 36 18
1 0 7 16 17 4 15
1 9 0 6 3 5 19 2 22
1 13 19 10 8 17 15 22 6 33 29
1 19 1 15 13 16 6 10 2 5 24 30 29
1 1 22 12 10 3 18 5 14
0 22 14 24 6 13
0 23 13 26 29 17
0 24 21 16
0 25 28
0 26 14 22 6
0 27 3 8
0 28 0
0 29 32
0 30 2 27 15 29 17
0 31 5 29
0 32 23
0 33 12 25 3 20 6
0 34 6 9
0 35 14 13 1
1 2 0 11 7 18 25
1 14 21 20 14 10 12 19 33
1 22 17 21 25
1 3 5 8 1 0 11 4
1 1 0 10 16 13 14 31
1 11 21 0 20 32 4 17
1 19 21 1 11 9 3 34
1 10 5 13 22 7 2
1 13 19 8 15 11 1 26
1 17 22 8 18 23 3 35
1 6 13 14 4 15 19 21 0
1 12 15 20 6 1 9 23
1 9 3 11 12 8 0
1 4 1 4 11 25 14
1 5 18 4 14 21 6 36
1 20 2 9 20 21 4 7 6
1 18 16 8 22 34
1 0 5 0 19 15 11
1 16 21 20 3 13 16 7
1 21 10 22 3
1 7 6 7 14 13 15
1 15 16 4 7 36 3
1 8 2 0 18 12 17 8 13 7
0 23 14 33 10 5
0 24 30 22 5 21
0 25 35 14 2
0 26 24 8 18
0 27 31 30
0 28 36 29
0 29 35 10 6 14
0 30 10
0 31 12 19 14
0 32 28
0 33 4
0 34 11 32
0 35 27
0 36 28 5
1 0 4 1 2 0
1 13 5 3 6 1 2 0 4
1 15 5 1 3 4 0
1 20 4 6 1 5 3 2
1 8 0 6 1 2 10
1 5 4 5 0 3 8 2 1
1 1 1 0 3 4
1 21 3 6 2 1 5
1 19 6 4 10 5
1 16 3 4 6 0 5 11
1 18 6 3 0 5
1 3 3 1 4
1 10 1 6 4 11 0 10
1 2 0 4 1 5 2
1 4 4 1 2 3 10 5 8
1 17 3 1 5 6 0 2 7
1 9 0 5 4 6 9
1 12 1 5 0 3 4 6 2
1 6 3 5 0 2 1 4 7 10
1 7 3 0 4 6
1 11 1 6 4 5 2
1 22 2 5 3
1 14 6 3 5 4 1 0 2
0 23 2 1 10 8
0 24 6 1 9
0 25 9 0
0 26 11 8 5
0 27 0 7 6 1
0 28 10
0 29 10 7 11 6
0 30 3 0 5
0 31 1 11
0 32 9 8
0 33 1 4
0 34 5 0 10 4
0 35 5
0 36 3 4
1 0 5 2 6 10 18 1 20 0 16 21 8 4 12 35 19 9 17
1 2 9 16 5 6 19 18 21 3 1 2 4 10 14 20 17 11 27 22 8
1 3 15 17 20 6 0 8 21 10 1 19 13 11 14 4 7 18 5 26 12 30 29 22 32
1 4 0 19 9 21 11 4 3 13 5 18 10 17 6 20 30 7 1 25 16
1 1 8 1 3 11 12 14 13 15 4 16 9 0 6 19 34 2 35 30 10
1 5 8 4 13 21 22 14 15 18 17 11 6 7 10 5 20 9 12 3 28 32 29 30 24 33
1 6 7 6 9 3 19 18 20 5 16 21 4 12 14 22 15 26 1 30 17
0 7 24 5 12 14 3 15 9 18 20
0 8 31 7 20 6
0 9 23 33 36 31 25 8 24 0
0 10 31 32 19 35 18
0 11 25 29 34 24 10
1 19 4 2 0 3 1 5 6
1 4 4 0 3 1 2
1 3 3 0 4 1 2 7
1 13 1 2 4 3 0 7
1 1 4 2 1
1 8 4 0 1 3 2
1 7 4 0 2 1 3 5
1 22 2 4 3 0 7 1
1 0 0 1 4 7
1 14 4 3 2 0 1 5
1 5 2 0 1 3 4 7 6
1 20 2 4 3 0
1 11 1 3 0 2 4 6
1 6 1 4 2 3 0
1 15 3 0 4 1 2
1 16 2 1 0 3 4
1 2 3 1 2 0 4
1 12 0 1 4 3 2 5
1 21 3 0 4 2
1 10 1 4 3 0 7 5
1 18 1 2 3 4 7
1 9 3 0 4 1 2 7 5
1 17 2 0 1 3 4 7 5
0 23 6 3 0
0 24 0 5 3
0 25 2 6 3 4
0 26 3 4 1
0 27 7 4
0 28 3 7
0 29 4 5 0
0 30 0 3 1
0 31 3 6 0
0 32 5 7 1
0 33 4 0
0 34 7 2 1
0 35 3 6 2 4
0 36 0 5
1 1 7 1 5 6 10 20 14 8 2 19 18 21 23 0 22 11 12 3 4 16 17 26 29 28 27 30 24
1 0 19 4 9 22 23 21 0 7 12 20 3 5 2 18 14 8 10 15 1 17 34 37 24 26 29
1 2 11 2 14 20 21 0 1 3 10 16 6 8 4 19 12 5 23 17 15 7 18 22 28 36 35
1 4 18 8 12 13 17 16 10 20 3 2 15 22 0 11 4 6 9 14 21 1 7 19 25 30 31 5 37 34
1 3 16 0 3 15 20 2 21 1 11 8 14 10 22 19 17 4 6 12 5 9 37 35 38 36 26 32
0 5 17 24 20 19 5 3 30 28 8 11
0 6 5 32 13 36 27 3 0 21 28 10 23 34 17
0 7 16 27 33 35 36 38 20 11 34 30 4 28
1 0 11 18 14 5 22 26 34 35
1 11 7 18 20 1 0
1 8 6 16 21 17 11 2 9
1 17 3 0 7 16 18 8 14 24
1 3 19 9 14 10 20 0 18 4
1 15 6 13 16 1 9 24 20
1 12 21 8 13 34 33
1 19 5 12 24
1 2 1 19 0
1 10 5 8 15 18 9 27
1 5 15 5 11 18 13 17 2
1 22 10 15 4 33
1 13 5 20 6 2 21 13 32 19 24
1 23 12 16 2 8 9
1 16 2 16 17 20 29
1 18 4 15 3 12 8 16 20 10 14
1 14 6 13 0 35
1 9 20 3 13 15 18 11
1 6 9 17 13 0 1 3
1 1 6 14
1 21 1 0 7 4 12 33
1 4 13 0 17 21 9 20 12 6
1 20 20 12 15 4 8 26 28
1 7 10 1 20 17 33 19
0 24 28
0 25 30 21 7
0 26 1 24
0 27 2
0 28 6 4
0 29 13 15
0 30 17 31
0 31 14 5 0 17
0 32 12
0 33 31 13
0 34 18 32 7
0 35 1 8 3
0 36 23 27
0 37 18 29 2
0 38 25
1 10 0 5 14 8 13 10 17 34
1 8 3 11 0 8 17 29
1 18 3 18 15 11 8 22 21 33
1 5 4 15
1 21 23 18 14 8
1 13 16 6 19 7 21 4
1 11 22 24 1
1 19 16 10 11 21 35 0 13 29
1 16 8 20 16 21 4 3 28 25
1 7 17 5 6 9 12 1 38 32
1 15 13 17 14 21 3 37 39 32 22 6 38
1 0 18 19 3 15 5 14 7
1 17 21 17 11 13 12 8 9 35
1 14 20 2 24 1 23 9 38 0
1 1 16 19 10 0 15 4
1 12 21 9 17 24 3 13
1 20 10 14 18 2 27 29
1 2 13 7 12 28 9
1 6 3 24 14 6
1 3 17 15 9 7 32 19 33 10
1 9 19 11 17
1 4 1 24 3 22 2 7 19 9 23
0 22 17 8
0 23 34 37 33
0 24 31 30
0 25 3 31 35
0 26 7 38
0 27 6 26 4
0 28 31 33 30
0 29 29 25
0 30 31
0 31 23
0 32 19
0 33 36 26
0 34 15
0 35 25 22 5
1 5 4 0 2 5 3 6
1 11 2 5 4 3 7
1 7 5 1 4 0
1 4 2 0 4 5 8
1 18 2 4
1 0 3 5 0 4
1 21 4 3 1
1 8 0 4 1 3 5 2
1 15 0 3 2 1 4 8
1 12 1 5 3 0 4 2 6
1 22 4 3 2 1
1 16 2 0 1 3 5
1 6 4 3 5 2 0
1 9 1 3 5 4 0 6
1 17 3 1 5 7
1 1 3 0 4 5
1 2 4 0 3 5
1 13 0 5 2 1 7
1 23 1 3 2
1 3 4 5 2 0
1 19 2 4
1 24 3 2 1 9
1 14 0 1
1 20 4 5 2 1 3 0
1 10 1 5 2 0 4 6
0 25 3 2 1
0 26 3 4
0 27 2 9 1
0 28 1 0
0 29 3 6 0
0 30 7 5 2 4
0 31 4 8 7
0 32 5 0
0 33 7 1
0 34 6 2 3
0 35 5 9
0 36 5 8 2 9
0 37 5 0
0 38 3 8 5 6
0 39 3 9 5 0
1 0 6 8 13 0 9 15 16 14 5 7 12 1 10 2 22 25 4 11 20 17
1 5 9 7 13 5 14 2 16 12 8 10 15 11 6 17 26 1 19
1 4 5 0 1 16 14 9 4 11 8 2 10 12 6 13 15 3 24 27
1 3 13 2 10 14 7 0 6 4 8 12 1 9 3 15 11 5 20 27 21 18 16 22
1 2 7 11 15 13 2 0 6 1 5 12 10 14 9 8 16 21 22 23 24 3
1 1 9 3 4 12 5 11 8 0 7 13 16 10 2 14 17 23 21 19 27 1
0 6 16 20 8 15
0 7 19 27 1 24
0 8 25 18 26 9 8 2 10 0 16 7 19 11
0 9 25 11 12
1 0 10 2 8 9 7 4 5 0
1 9 5 8 10 9 3 0 6 2 7 14
1 2 4 9 7 3 5 10 8 11 6
1 5 4 3 6 9 5 1 7 8 11
1 12 6 5 9 7
1 3 8 7 4 9 1 5
1 6 2 10 0 9 5 12 14 8
1 4 10 4 2 3 9 13 15
1 11 6 3 5 1 9 4 2 7 16 13
1 13 1 5 9 6 15 4 0 11
1 1 9 7 10 1 2 6
1 16 7 5 3
1 7 0 5 2 9 7 10 1
1 15 1 2 7 6 3 5
1 10 6 2 5 1 0 7 9 16
1 14 2 7 5 3 9 0
1 8 5 6 7 0 4 2 13
0 17 2 16
0 18 2 14 17 0 8
0 19 5 7
0 20 17 1 6 4
0 21 1 4 0
0 22 5 7 9
0 23 16 0 11 13 5
0 24 9
0 25 9 0
0 26 8
0 27 10 0 5
1 5 5 8 9 0 6 10 4 2 3 15
1 7 9 10 6 4 8 2 0
1 8 1 8 4 6 2 9 7 3 16 12
1 9 3 4 1 6 5 7 0 12
1 0 0 8 4 1 2 3
1 10 7 6 8 0 4 11 2
1 6 3 2 7 1 6 4 0 9 5 17
1 4 9 7 0 2 10 8 14 1 13
1 2 9 6 0 4 8 2 5 1 16 12
1 3 7 6 1 10 2 9 8 14 17
1 1 2 10 8 1 9 4 6 5 15 17 3 0
0 11 2 10 0 6
0 12 8 17 14 16 6 15
0 13 5 4 7
0 14 8 13 2 10
0 15 11 0 5 14 10 2
0 16 4 14 0
0 17 12 3
1 6 7 4 21 22 9 15 19 1 0 17 23 25
1 0 20 15 8 2 17 10 9 25 16 4 27 40
1 2 7 25 26 13 9 4 12 20 10 18 15 28 32 27 1 30 34 31
1 8 9 2 5 12 1 10 17 19 21 0 11 22 20 31 23 26 15
1 7 6 24 17 23 7 26 11 37 38 42 30 8 31 2
1 1 1 10 12 13 16 15 21 18 3 14 11 25 6 32 30
1 10 17 14 25 11 12 0 8 10 4 23 29 3 9
1 9 11 19 10 4 20 22 6 2 1
1 5 5 26 22 7 2 13 14 16 6 21 43 10 40 34
1 4 11 0 8 1 14 5 6 3 25 9 18 16 15 10 39 7 31
1 3 23 2 3 18 21 6 12 19 13 26 34
0 11 1 36 33 6 20 34 43
0 12 20 13 6 38
0 13 40 34 0 11 38
0 14 2 31 19 43
0 15 26 33 13
0 16 14 35 11 41 42
0 17 1 30 41 17 32 36 16
1 26 16 10 28 32
1 20 0 27 4 33 34
1 12 9 8 26 28 5 25 38 1
1 3 18 9 20 12 2 1 8 11 34
1 14 14 2 25 23 39
1 10 27 23 12 5 37
1 15 23 18 16 19 14 27 31 43
1 6 23 7 20 17 28
1 8 9 8 4 10
1 13 11 3 0 5 29
1 22 21 5
1 9 14 12 20 17 21
1 23 28 4 3 25 40 20
1 11 10 5 20 24 25 26 11 1 22
1 25 16 24
1 7 22 1 18
1 0 15 20 12 29 3
1 16 6 3 45 4
1 2 9 12 14 5 35
1 19 1 25 28 22 46
1 4 2 6 21 12 9 14
1 1 12 6 5 9
1 21 13 17 8 0 3
1 18 23 10 6 16
1 24 16 25 8 3 28 27 18 22
1 5 19 6 18 34 44 26
1 17 21 3 12 14
0 27 17 29 43
0 28 25
0 29 32 40 10
0 30 9 21
0 31 42 26 36
0 32 28 14
0 33 5 46
0 34 36 41 8
0 35 16 4 20
0 36 13 34
0 37 28 30 41 46 10 42
0 38 5 19
0 39 3
0 40 0
0 41 23 11 17
0 42 6 33 37
0 43 6
1 24 2 13 19 18 6 22
1 3 7 5 1 9
1 12 22 12 4 18
1 25 14 17 15 8 6 2 31
1 14 16 23 1 9 6 14 19 10 25 11
1 8 16 11 0
1 5 19 18 24 11 7 30
1 4 17 12 1 31 38
1 22 15 2 33 8
1 1 17 0 27 21
1 26 19 14
1 0 25 18 5 11
1 13 9 14
1 20 3 12 2 28
1 7 7 17 11 25 5 10 8 35
1 6 6 10 12 5 4 24 14
1 27 21 17 8 41
1 19 4 25 8 16 10
1 10 3 12
1 15 1 19 22
1 2 0 11 3 8
1 21 20 4 2 12
1 23 16
1 11 8 18 11 37 26
1 16 4 3 34
1 28 2 18 39
1 9 24 3
1 18 4 11 8 17
1 17 9 6 24 3 23 36
0 29 27 8
0 30 34
0 31 13 32 7 26 18
0 32 14
0 33 39 2 41
0 34 1 6 5
0 35 5
0 36 25
0 37 28 9
0 38 17 29 19
0 39 38 34
0 40 8 25
0 41 18
0 42 26 25 4
0 43 6
0 44 5 36 40 0
0 45 30
0 46 10
1 1 23 18 17 15 6 2 10 33 29
1 3 2 3 22 24
1 22 19 5 10 11 20 22 13
1 13 24 7 9 12 15 31
1 12 20 13 9 21 12 1 35 29
1 2 24 18 22 1
1 18 11 19 15 14 22 17 23 18
1 15 20 15 5 13
1 25 4 7 35
1 0 18 15
1 7 8 3 6 9 17 20 14 1
1 4 6 17 33 8
1 9 23 8 6 20 22 5 2 1 37 39 16
1 19 10 24 13 14 29
1 24 0 16 7 17 4 5 32 21 15
1 8 17 2 1 22
1 16 14 6 9 10 22
1 10 9 24 13 12 2 23 5
1 5 18 1 6 23 22 10 21 20 27
1 14 9
1 17 0 24 13 6 35
1 23 5 8 0 12 9
1 20 5 11 16 17 9 10 38
1 21 16 13 12 20 25
1 11 7 12 15 24
1 6 21 20
0 26 12 4
0 27 6 29 30 31 34
0 28 23
0 29 23 24 16 26
0 30 34 25
0 31 17 7
0 32 26 15
0 33 1
0 34 9
0 35 22 36
0 36 14 28 9 21
0 37 20 38
0 38 39 36 30
0 39 5
0 40 17
0 41 15
1 22
1 6
1 8
1 0
1 23
1 15
1 3
1 16
1 14
1 12
1 17
1 20
1 13
1 19
1 18
1 5
1 21
1 10
1 2
1 24
1 11
1 4
1 9
1 1
1 7
0 25
0 26
0 27
0 28
0 29
0 30
0 31
0 32
0 33
0 34
0 35
0 36
0 37
0 38
0 39

