6
20 48 42 20 48 40 
1 2 12 5 9 26 34
1 5 10 3 28
1 1 25 30 37
1 8 13
1 0 23 17 19 42
1 6 8 11 15 38
1 3 22 0 14 39
1 11 6 41 45
1 7 21 1 4 24 29 46
1 9 2 18
1 4 7 16
1 10 27 20 33
0 12 6 40 43
0 13 12
0 14 35 36
0 15 18
0 16 21 47
0 17 31
0 18 26 32
0 19 44
1 3 23
1 7 2
1 20 18 32
1 13 5 20 36
1 27 0 6
1 12 5 13
1 28 16
1 23 0 11
1 18 7 1
1 2 23
1 10 21 27
1 15 21 10 29
1 14 17
1 19 18
1 9 8 19 35 41
1 17 7
1 6 2
1 0 15
1 24 22
1 1 15
1 26 9 39
1 21 24
1 16 7
1 4 2
1 11 15 12 30
1 5 2 33
1 8 2 14
1 29 25
1 25 9
1 22 5 3 4
0 30 38
0 31 22
0 32 37
0 33 2
0 34 9 28 40
0 35 4
0 36 7
0 37 15
0 38 10
0 39 23
0 40 11
0 41 26
0 42 31
0 43 1
0 44 5
0 45 4 34
0 46 38
0 47 38
1 21 3
1 15 0
1 3 10
1 22 3
1 20 11
1 7 8
1 24 9
1 11 1
1 6 8
1 19 11
1 17 7
1 14 0
1 12 1 14
1 8 1
1 5 7 5
1 0 6
1 23 3
1 9 1
1 13 1
1 2 2
1 10 1
1 4 10
1 18 7
1 1 4
1 16 0 13
1 25 9
0 26 12
0 27 19
0 28 10
0 29 17
0 30 9
0 31 15
0 32 11
0 33 17
0 34 18
0 35 8
0 36 7
0 37 10
0 38 8
0 39 19
0 40 8 16
0 41 9
1 7 24 0
1 6 21 30
1 3 17 2 14 44
1 10 7 15 37
1 2 21 9 20 28
1 1 5 6 16 29
1 0 5 12 26 27
1 8 13
1 5 19 18 25 32 41
1 11 8 3 10 11 22
1 4 1 35 39
1 9 8 4 23 34
0 12 38 47
0 13 40 31
0 14 26
0 15 42
0 16 46 43
0 17 12 45
0 18 20 33 36
0 19 2
1 22 1
1 14 22
1 11 10
1 21 11
1 23 5 3
1 3 21 6
1 4 7
1 27 2
1 13 10
1 8 10 19 32
1 28 20
1 29 15
1 7 18 0
1 20 11 37
1 5 7
1 17 23
1 1 21
1 10 12
1 12 4 8
1 24 16
1 0 13
1 19 11
1 25 16
1 26 9 30
1 16 23
1 18 24 25
1 9 17
1 2 21 36
1 6 4 14
1 15 23
0 30 17
0 31 33
0 32 20
0 33 35 38
0 34 19
0 35 33
0 36 28 26
0 37 3 34
0 38 31
0 39 27
0 40 20
0 41 13
0 42 22
0 43 2
0 44 20 29
0 45 11 39
0 46 28
0 47 17
1 6
1 17
1 22
1 18
1 9
1 19
1 2
1 4
1 13
1 21
1 11
1 16
1 10
1 0
1 3
1 24
1 20
1 8
1 7
1 5
1 23
1 1
1 12
1 14
1 15
0 25
0 26
0 27
0 28
0 29
0 30
0 31
0 32
0 33
0 34
0 35
0 36
0 37
0 38
0 39

