6
18 17 14 20 18 22 
1 5 2 15
1 9 3
1 10 3 16
1 12 1
1 11 3
1 4 12 9
1 0 8
1 2 6
1 6 0 13
1 1 8
1 8 11 5
1 3 4
1 14 1 7
1 7 10
1 13 1
0 15 7
0 16 8
0 17 14
1 8 7
1 12 4
1 5 1
1 11 4
1 2 2
1 9 8
1 1 2
1 13 4 13
1 0 6
1 4 2 5
1 7 1 3
1 10 9
1 3 0
1 6 10
0 14 5 11
0 15 10
0 16 12
1 2 10 12 14
1 3 9 3
1 1 7 0 19
1 7 13 4
1 10 6
1 4 13 1
1 0 8 18
1 6 5
1 8 15
1 9 2
1 5 11
0 11 11 16
0 12 3
0 13 13 17
1 1 7
1 5 3 2
1 14 0
1 7 3
1 13 6 12 13
1 11 9
1 15 11
1 3 14 1
1 0 7
1 6 10 15
1 4 14 4 5
1 8 8
1 10 9
1 9 8
1 2 7
1 12 9 17
0 16 2
0 17 16
0 18 1
0 19 1
1 13 8
1 1 11 2 20
1 5 15 3
1 7 0
1 3 16
1 4 10 12 14
1 10 6 13
1 0 1 21
1 8 0
1 9 9 4
1 6 10
1 14 17
1 11 7
1 12 5
1 2 11
0 15 18
0 16 19
0 17 0
1 9
1 0
1 1
1 6
1 10
1 15
1 12
1 14
1 16
1 11
1 8
1 2
1 4
1 13
1 5
1 7
1 3
1 17
0 18
0 19
0 20
0 21

