13
28 26 10 27 28 28 9 28 6 29 27 31 8 
1 9 17 14
1 2 0
1 13 18 21 23
1 8 20 6 12
1 6 16 4
1 17 15
1 0 19
1 3 8
1 4 11
1 1 16
1 5 11 22
1 11 1 7
1 15 10
1 18 3
1 19 13
1 20 13
1 12 20
1 21 13
1 7 2 24
1 22 13
1 16 10
1 10 9
1 14 5
0 23 11
0 24 5
0 25 11
0 26 17
0 27 11 25
1 2 6
1 8 7
1 6 7
1 19 5
1 9 4
1 16 3
1 4 6
1 15 3
1 3 6
1 10 4
1 17 2
1 5 7
1 11 1
1 20 5
1 7 7
1 18 5
1 1 0
1 12 1
1 14 1
1 0 0
1 13 1
0 21 9 8
0 22 0
0 23 3
0 24 1
0 25 6
1 0 18 17
1 4 9 4 11 12
1 6 15 1 2 20 24
1 5 5 3 26
1 3 5 19 25
1 7 10 0 14 16 23
1 1 7 13
1 2 8 6 21
0 8 14
0 9 22
1 15 12 3
1 19 15
1 8 15 14 17 26
1 16 10
1 12 6
1 6 20
1 5 20 7
1 3 16
1 9 20 5 24
1 14 12 1 11 25
1 20 15
1 10 21 18 23
1 2 8
1 4 4 9
1 21 19
1 18 0
1 13 22
1 7 2 13 27
1 0 8
1 11 6
1 17 10
1 1 8
0 22 13
0 23 14
0 24 10
0 25 17
0 26 6
1 18 16 24
1 19 18 27
1 10 1 25
1 22 10
1 5 7 14 23
1 16 11
1 12 12 8
1 4 3
1 0 15
1 3 2
1 17 16
1 13 16 4
1 11 0 20
1 7 21
1 2 17
1 20 5
1 1 0 6
1 9 21
1 8 21 26
1 21 5
1 6 19
1 15 22 9
1 14 13
0 23 14
0 24 10
0 25 7
0 26 0
0 27 17
1 2 1
1 10 5
1 5 2
1 7 6
1 6 2
1 21 3
1 4 2
1 0 0
1 11 5
1 13 5
1 22 3
1 16 4
1 12 5
1 14 5
1 15 4
1 1 0
1 17 4
1 3 1
1 19 3
1 8 6
1 20 3
1 9 6
1 18 3
0 23 6
0 24 6
0 25 7
0 26 8
0 27 6
1 0 18 16 24
1 1 11 2 3
1 2 22 13 26
1 6 20 6 7 9
1 5 19 4 8 15 17
1 4 14 0 1 10 12 21
1 3 20 5 23
0 7 18 25 27
0 8 3
1 20 3
1 2 1
1 3 1
1 4 1
1 18 3
1 1 1
1 22 2
1 16 0
1 8 4
1 17 0
1 13 0
1 12 4
1 14 0
1 6 4
1 11 4
1 19 3
1 0 1
1 9 4
1 5 4
1 10 4
1 21 2
1 15 0
1 7 4
0 23 3
0 24 2
0 25 5
0 26 1
0 27 0
1 2 3 5 16 18 22 23
1 0 14 6 9 21 27
1 4 14 2 4 8 11 19 24 25
1 3 12 0 1 15
1 1 7 10 13 17 20 28
0 5 26
1 7 16
1 22 21
1 15 4
1 1 14
1 20 5 17
1 8 14 2
1 9 0
1 6 16
1 5 11
1 2 7
1 0 13
1 18 12
1 13 4
1 4 11
1 3 7 23
1 12 6 10 18
1 21 3
1 19 19
1 14 6 8 22
1 23 21
1 11 5 9
1 10 1 20
1 16 5
1 17 15 25 26
0 24 6
0 25 1
0 26 17
0 27 11 24
0 28 5
1 7 23 20
1 8 16 6
1 12 15 14
1 19 23 5
1 11 8
1 13 2
1 4 9 25
1 2 3
1 18 2 13 29
1 6 12
1 17 16 27
1 3 1
1 15 0 28
1 0 3 24
1 1 3 7
1 14 4 18
1 5 23 10 19
1 20 16 21
1 9 22
1 16 16
1 10 8
1 21 17 11
0 22 14
0 23 26
0 24 3
0 25 18
0 26 30
1 16 2
1 7 0
1 15 2
1 6 0
1 21 4
1 18 3
1 5 0
1 2 1
1 12 2
1 8 0
1 3 0
1 22 4
1 10 2
1 19 5
1 13 2
1 14 2
1 17 3
1 23 4
1 9 0
1 4 0
1 1 1
1 24 4
1 11 2
1 20 4
1 0 1
0 25 0
0 26 4
0 27 6
0 28 3 7
0 29 0
0 30 4
1 1
1 0
1 2
1 3
1 5
1 4
0 6
0 7

