13
37 34 13 36 37 37 12 37 8 39 36 40 10 
1 9 17 14 0 7 4
1 20 0 6 11 16 1 29
1 22 18 31
1 14 20 6 12 15 19 2
1 5 16 4 2 20 14 7 24 25
1 1 15 26 31 33
1 13 19 12 23 26 14
1 10 8 11 17
1 0 11 20 5 2 28 10
1 21 16 17 1
1 2 11 4 20
1 19 1 7 8 18 16 11
1 4 10 8 11 21
1 16 3 7 4 19 17 26
1 11 13 2 1 9 5
1 17 13 10 17 8 16
1 7 20 8 5 9 10 30
1 6 13 12 7 11 20 4 6 9
1 3 2 19 11 12 4 9
1 12 13 15 3 14 8
1 15 10 4 6 12 23 15
1 18 9 11 0 17 12
1 8 5 17 10 15 3 11 30 19
0 23 0 30
0 24 6 12 33
0 25 27 10
0 26 24 3
0 27 22 16
0 28 26
0 29 32 9 28
0 30 27 25 26
0 31 14 22
0 32 3 25
0 33 22 28 14
0 34 17 1
0 35 14 33
0 36 33 20
1 15 6 4 2 0 10 5
1 16 7 0 4 5
1 3 7 4 3 5 1
1 18 5 1 6 4 0 2
1 5 4 6 3 9
1 0 3 11 10
1 19 6 1 5
1 7 3 0 7 6 4
1 12 6 7 4 5 2
1 14 4 3 1 0 7 10
1 6 2 5 6 0 1 3 8
1 1 7 5 2 3 1 9 4
1 10 1 0 2 7 9
1 11 5 7 4 6
1 2 7 2
1 4 5 7 4 0 3 10
1 17 0 7 5 6 1 4 11 2
1 13 1 5 2 4 7
1 20 1 0 5 6 4 11
1 9 0 4 5 2 6 7
1 8 1 0 4 7 2 3 6 5 11
0 21 0 2 3 1
0 22 10 11
0 23 12
0 24 6 9
0 25 9 5 2
0 26 1
0 27 0 10
0 28 8 12
0 29 1 9 8
0 30 5 7 1 2 0
0 31 9 7 8
0 32 9 1
0 33 1 11 2
1 5 18 17 10 4 20 8 1 16 19 7 9 15 11 2 13 23 35
1 7 9 4 11 12 18 19 13 15 20 25 33 31 6 22 35
1 1 15 1 2 20 6 9 8 12 17 24 29 31
1 0 5 3 17 18 0 13 6 4 7 21 8 28 30 20
1 6 5 19 13 14 0 6 11 4 18 30 17 35 24 32 21 25
1 3 10 0 14 16 19 12 21 5 9 11 7 2 25 20
1 4 7 13 11 21 8 20 1 19 15 4 6 10 18 12 5 29 26
1 2 8 6 21 16 9 13 4 18 5 19 7 12 1 3 14 20 27 31 32 23
0 8 1 35 5 10 15 6
0 9 26 22 29
0 10 23 14
0 11 0 34 18 10 4 23
0 12 26 21 1 23 12 10 20 17
1 9 12 3 17 10 14 13 22
1 2 15 2 22 34 27 13
1 3 15 14 17 16 20
1 8 10 22 7 14 17
1 15 6 12 21 19 4 18 5
1 1 20 7 1 8
1 0 20 7 22 21
1 7 16 11 13 25
1 5 20 5 16 2 15 3
1 12 12 1 11 0 21 28
1 6 15
1 16 21 18
1 13 8 6 2 22
1 11 4 9 18 36
1 18 19 21 33 30
1 19 0 10 34 20
1 4 22 2 0 17 19 21 9 27
1 10 2 13 8 15 18
1 20 8 19
1 17 6 18
1 21 10 8 29 9
1 14 8 19 20
0 22 27 32 3
0 23 18
0 24 35 24 16
0 25 15
0 26 23 32
0 27 16 26 30 9 7 17
0 28 19 33 34
0 29 6
0 30 17
0 31 29
0 32 31
0 33 23 22
0 34 7
0 35 13 31 35
1 11 16 21 12 19 17 23 27
1 16 18 4 22 3
1 4 1 13 10 6 20 27 12 11 33 15
1 20 10 20 31 3
1 18 7 14 17 15
1 6 11 14 17 12 13 9
1 15 12 8 3 9 0 14 32 22
1 1 3 7 6 13 19 0
1 21 15 20 7 16 31
1 0 2 4 11 19 29 36
1 22 16
1 10 16 4 1 15
1 8 0 20 9 13 6 21 12
1 5 21 9 19 18 34 28
1 12 17 8 18 14 11 15 27
1 9 5 15 4 11 0 19 20
1 13 0 6 14 22 1 5 25 10
1 3 21 8 12 6 7 33 20 9 11 30
1 17 21 22 13 16 10 15
1 19 5 12 0 7 16 15 17 28
1 2 19 14 2 13 28
1 14 22 9 20 11 2 5 14
1 7 13 0 26 2
0 23 16 17
0 24 6
0 25 15 18
0 26 21 23
0 27 13 36
0 28 15
0 29 23 31
0 30 36
0 31 17 21
0 32 6 30
0 33 14 26 15
0 34 22 34
0 35 20
0 36 35 24 14
1 19 1 5 4 0 3 7 6 11 10
1 5 5 0 2 1 6 7
1 7 2 0 1 5
1 18 6 4 1 3 2
1 6 2 5 4 6 1
1 15 3 0 4 6 1 7
1 2 2 6 1 3
1 9 0 4 6 10 5
1 14 5 4 0 1 8
1 10 5 1 2 3
1 13 3 1 5 4 6 9
1 4 4 2 6 5
1 1 5 0 3 6 9 1
1 0 5 6 9 3
1 12 4 1 6 5 2 3
1 16 0 5 4 1 10
1 22 4 1 3 2 9
1 20 1 0 2 4 3
1 8 3 5 0 6 1
1 3 6 5 2 4
1 17 3 4 5 2 1 0 11
1 11 6 0 5 4 3 2 11 9
1 21 3 1 9
0 23 11 10
0 24 9
0 25 2 0 10 1
0 26 4
0 27 3 10 2
0 28 9
0 29 10 7 9 6
0 30 0 4
0 31 1
0 32 7 6 8
0 33 8
0 34 6
0 35 3 7
0 36 7
1 2 18 16 4 15 20 10 3 8 2 21 14 13 24 26 33
1 4 11 2 3 17 21 14 6 9 1 7 8 16 12 25 18 36 29 19
1 3 22 13 2 16 9 5 12 3 11 17 30 25
1 5 20 6 7 9 8 15 11 1 19 17 0 3 4 28 10
1 6 19 4 8 15 17 20 2 12 0 7 6 32 21 34
1 1 14 0 1 10 12 21 22 2 15 20 5 16 3 9 13 6
1 0 20 5 6 19 1 10 22 16 0 3 12 14 8 31 35 18 36
0 7 8 34 16 18 32
0 8 22 36 17 34 15 35 2 5
0 9 11 27 21 28 3 35 24
0 10 33 23 32 1 16
0 11 33 29 27 10
1 4 3 2 1 0
1 10 1 0 3 4 2
1 12 1 0 2 4 3
1 0 1 2 3 4
1 19 3 0 4 1 2
1 7 1 0 4 3 6
1 14 2 3 0 4 1 5
1 22 0 4 3 7 5
1 16 4 3 0 1
1 13 0 3 4 2 1
1 3 0 1 2 3
1 18 4 2 1 3 0
1 8 0 3 2 1 4 7
1 15 4 2 1 0 3
1 1 4 1 2 6 7
1 5 3 1 2 0
1 9 1 2 3 4 0 7
1 17 4 0 3 1 2
1 2 4 2 1 5 6 0
1 11 4 0 1 2 3
1 20 2 4 0 1 5 7
1 21 0 2 3 4
1 6 4 2 1 3 0 5 6 7
0 23 5 7 4 1 6
0 24 1 6 7 2
0 25 1 7
0 26 3 7
0 27 2 6
0 28 2 6
0 29 1 2 3 6
0 30 4 3 1 5
0 31 2 4
0 32 2 0 4
0 33 6
0 34 6
0 35 3 2
0 36 1 7 3 6 5
1 4 3 5 16 18 22 23 19 1 9 20 10 4 17 21 7 8 12 38 30 0
1 0 14 6 9 21 23 15 0 11 19 17 1 10 5 12 3 35 22 25 33 30
1 2 14 2 4 8 11 19 12 13 15 10 18 21 23 7 6 3 24 29 22 38 5 26 33 36
1 1 12 0 1 15 14 22 10 9 8 11 18 4 3 5 16 7 21 28 30 34 19 26
1 3 7 10 13 17 20 15 16 14 8 21 0 5 22 18 4 23 3 12 9 6 2 26 24 34 28
0 5 25 27 31 32 36 37 21 35 16 13 30
0 6 12 33 30 26 0 28 15 1
0 7 3 27 15 37 28 35 38
1 3 16 21 29 3
1 7 21 19
1 17 4 30
1 4 14 21 0 25
1 22 5 17 12 18 19 4
1 20 14 2 1 8 15 4
1 2 0 2 8
1 18 16 20 4 9 15 17 32
1 14 11 17 15 14
1 5 7 14 30 26
1 1 13 31
1 16 12 14 3 21 8
1 11 4 18 11 17 23 7
1 12 11 18 2 1 35
1 0 7 21 16
1 9 6 10 18 8 17 0
1 6 3 21 16 4 1 10 31 7
1 13 19 18 4 21
1 19 6 8 11
1 15 21 6 3 5 17
1 23 5 9 26
1 8 1 20 16 18 4 8
1 21 5 11 3 29
1 10 15 7 3 34
0 24 18
0 25 16
0 26 18 2
0 27 6
0 28 5 8
0 29 2
0 30 28 12 25
0 31 3 25
0 32 27 29
0 33 22
0 34 21
0 35 33 27
0 36 28 24 25
0 37 22
0 38 0 32
1 4 23 20 2 4 19 17 35
1 2 16 6 3 8 1 31
1 16 15 14 1 13 20 35
1 13 23 5 20 11
1 12 8 22 6 17 0 3
1 19 2 7 18 13 1 0 4
1 10 9 18 19 24 8 25 34 37
1 0 3 37 23
1 20 2 13 24 14
1 18 12 22 18 14 5 2 32 34
1 5 16 20 25 12
1 9 1 6 14 9 8 26
1 21 0 2 5 19
1 3 3 24 4 21 23 25
1 11 3 7 31 19 29
1 17 4 18 0 14 16 9 10 15 19 39
1 8 23 10 19 6 1 7
1 6 16 21 12 17 4 30
1 14 22 8 20 15 0 4
1 15 16 5 24 6 12 2 11 23 39
1 7 8 15 4 6 1 19 22 16
1 1 17 11 24 2 13 21
0 22 17 37 11
0 23 22
0 24 14
0 25 28 29
0 26 22
0 27 38 28 2 14
0 28 34
0 29 13 39
0 30 22
0 31 36
0 32 33
0 33 27 9
0 34 32 2 20
0 35 38 26 35
1 22 2 1 0
1 2 0 3
1 23 2 5
1 1 0 4 9 8 1
1 3 4 0 1 6
1 18 3 2 1 0 6
1 12 0 1 8 2
1 20 1 5 3
1 8 2 0 1 4 3
1 11 0 1 5 3 2
1 19 0 1 2 3
1 4 4 3 0 1 6
1 13 2 5 0 1 4 9 7
1 21 5 3 2 0 1 4
1 16 2 4 3 5 1 8 9
1 24 2 5 0
1 9 3 0 2 1 4
1 6 4 3 2 0
1 15 0 1 5 7
1 0 0 4 2 6
1 7 1 4 5
1 10 4 2 5 3
1 14 2 4 5
1 5 4 5 0 1
1 17 1 5 2 4 0
0 25 9 1
0 26 7 0 5 4
0 27 0
0 28 0
0 29 9 2
0 30 3
0 31 8
0 32 6 8 9 3
0 33 5 6 1 3
0 34 7 8 0
0 35 5 7
0 36 0 7
0 37 7 0
0 38 8
0 39 2 9 8
1 1
1 4
1 5
1 2
1 0
1 3
0 6
0 7
0 8
0 9

