13
18 17 14 20 18 22 11 22 10 24 20 23 9 
1 1 6
1 7 0
1 8 8
1 5 11
1 0 4
1 11 1 9
1 14 10 5
1 13 1 16
1 10 7
1 6 4 3 15
1 12 7 12
1 4 2
1 2 6
1 3 6
1 9 11 13
0 15 14
0 16 5
0 17 10
1 5 4 8
1 11 6
1 2 2
1 8 1
1 0 9 11
1 13 0
1 1 10
1 7 4
1 6 4
1 4 3
1 10 5
1 3 3 13
1 12 0 12
1 9 4 7
0 14 2
0 15 0
0 16 0
1 10 15 13 17
1 6 2 5
1 2 11 6
1 3 14
1 5 11
1 7 1 12
1 9 2
1 8 2 10
1 4 1 4
1 0 3 0
1 1 7 8 9
0 11 13 18
0 12 16
0 13 19
1 4 7
1 13 10 12
1 12 14
1 2 8
1 1 9
1 3 8 15
1 5 7
1 0 9 16
1 10 5
1 8 14 13
1 11 1 4
1 7 2 3
1 9 6 0
1 14 10
1 6 2
1 15 11
0 16 2
0 17 17
0 18 10
0 19 0
1 14 17 9 18 20
1 7 7 12
1 5 5
1 6 11
1 10 5 3
1 8 5 1
1 1 8
1 3 2 13
1 2 16 0
1 0 8 19
1 12 4
1 13 17
1 11 6
1 4 14 10 21
1 9 15
0 15 2
0 16 9
0 17 2
1 3 6 10
1 15 2
1 9 0
1 16 2
1 13 3
1 5 6
1 12 2 8
1 11 0 9
1 1 5
1 17 2
1 2 7 4
1 6 1
1 7 1
1 0 5
1 8 0
1 10 0
1 4 6
1 14 3
0 18 4
0 19 5
0 20 3
0 21 8
1 6 13 7 9 11 17
1 4 15 10
1 8 13
1 7 3
1 3 5 4 6 14
1 0 15 21
1 2 15 0 12
1 1 1
1 5 8 2 16 18
0 9 19
0 10 20
1 10 7
1 4 4
1 3 1
1 13 7
1 8 3 9
1 0 1
1 5 4
1 16 2
1 9 3
1 11 3 0
1 12 7
1 1 1
1 7 1 6
1 17 2
1 14 5
1 2 1
1 15 5
1 6 4
0 18 7
0 19 1
0 20 5 8
0 21 6
1 6 3 13
1 0 4
1 7 17 9
1 2 12 14 18
1 1 6 10 11 15
1 5 6 0 19
1 3 5 8 22
1 4 2 1 7 16
0 8 21 20 23
0 9 5
1 18 11
1 9 6 16
1 6 15
1 15 13
1 2 9 2
1 10 5 8
1 5 15 18 19
1 11 10
1 7 6
1 14 3
1 0 4
1 1 12 1
1 12 14
1 13 14
1 4 3 0
1 3 7
1 16 13
1 19 11
1 8 6
1 17 5 17
0 20 13
0 21 6
0 22 13
0 23 4
1 3 0 22
1 1 2
1 2 6
1 12 13
1 0 12
1 14 1
1 9 7
1 6 18
1 5 16 19 21
1 7 5 17
1 10 5 8 20
1 15 10 9
1 4 3
1 13 14 4 11 15
1 11 14
1 8 18
0 16 4
0 17 5
0 18 5
0 19 3
1 3 3
1 14 6
1 1 3
1 5 1
1 15 6
1 4 3
1 2 3
1 8 1
1 16 6
1 17 5
1 13 0
1 9 1
1 0 2
1 12 0
1 11 4
1 18 5
1 6 1
1 10 4
1 7 1
0 19 5
0 20 2
0 21 8 7
0 22 4
1 4
1 2
1 0
1 1
1 3
1 6
1 5
0 7
0 8

