6
36 24 35 8 27 24 
1 11 8 11 7 14
1 27 18 16 14
1 28 13 9 16 8 2 23 20
1 5 1 15 17 13
1 19 6 19 17 16
1 0 14 0 18
1 14 9
1 18 14 8 13 4 18 3 6
1 26 9 19 14 13 8
1 7 0 18 6 12
1 17 1 11 15 10 8 2 7
1 20 3 2 16 14
1 4 6 1 2 4 7 0
1 25 4 5 2
1 22 7 18 1 2 20 13
1 10 15 8 1 14 11 4
1 6 15 10 13 0 3 22 23
1 1 17 7 6 5 10
1 23 5 12 11 18 9 0
1 8 10 9 13 0 14
1 24 13 11 6 2 20
1 29 18 19 0
1 21 18 19 1 10 14
1 12 17 12 15 2 6 4
1 16 17 12 10 13
1 13 7 8
1 2 17 11
1 9 9 2 0
1 3 15 7 5 1
1 15 17 13 11 2 3
0 30 4 21
0 31 0
0 32 1 21
0 33 3
0 34 11 2
0 35 5 3
1 1 23 4 12 10 27 7 26
1 4 15 2 28 27 11 4 8 24 10
1 15 7 22 4 25 17 26 1 14 28
1 3 19 24 23 34 16
1 14 14 10 9 28
1 6 11 0 27 9 25 8
1 2 22 18 26 2 0 20
1 7 11 1 8 15 27 33
1 11 20 2 28 17 9
1 9 22 0 25 10 9 29
1 8 3 15 0 21 27 8 5 16 25 10
1 12 28 18 12 11
1 13 26 27 14 8 28 21 9 7 30 25
1 17 23 5 3 12 25 14
1 5 4 16 11 15 24 1 28 31
1 10 19 20 6 23 3 2 17 13 7 29 34 16
1 18 17 6 25 18 28 11 2 31
1 0 4 20 10 9 27 18
1 16 11 9 21 19 25 12 1 13 14 6 27 3
1 19 12 13 28 17 10 5 3
0 20 24 32 5
0 21 7
0 22 12
0 23 2 24
1 21 1 2 3 4 6
1 22 0 2 1 3 4
1 10 0 2 1 3 4 5
1 6 5 1 4
1 1 4 0 3 5
1 28 2 6
1 16 0 2 4 5 6
1 18 0 4 2 3 7
1 17 1 5 2 3 0
1 8 1 3 4
1 11 5 2
1 15 0 2 4 5 3 1
1 19 1 4 5 2
1 27 0 4 2 1 5 6
1 24 1 5 2 0 4
1 5 5 1
1 0 0 5 3 1 2
1 25 0 2 1 5 7 4
1 4 0 5 4
1 12 4 2 0 5
1 9 4 2 3 1 5
1 14 3 5 0 4 1 2
1 2 3 4 5
1 3 5 4 0 1
1 20 1 3 0 4 2
1 26 4 3 1 2
1 13 3 5 1 2
1 7 3 4 5 0 2
1 23 0 2 4 3 1 6
0 29 6
0 30 0
0 31 3
0 32 2 1
0 33 2 6
0 34 6
1 3 4 0 5 8 17 1 2 3 18 11 12 10 15 19 7 13 20 22
1 4 14 2 21 7 16 1 18 19 20 8 5 12 4 10 13 15 3 9 0 17 25 23 6
1 5 3 13 18 9 6 7 20 1 10 15 11 4 8 12 5 21 0
1 1 3 6 10 0 12 14 15 8 20 13 18 5 2 7 1 19 16 17
1 2 15 9 16 19 20 13 17 3 0 4 2 1 12 8 14 11 10 5 24 22 6
1 0 11 1 7 12 3 4 17 6 14 8 0 2 19 15 13 20 9 16
0 6 23 5 15 10 18 3 7
0 7 26 25 21 11 3 0
1 6 2 13 1 8 11 22 17
1 10 14 19 8 10 16 2 13
1 7 3 15 8 7
1 3 17 16 3 19 1 6 18 21
1 18 11 17 5 10
1 12 7 11
1 0 6 3
1 8 1 11 17 14 2 18 7 9
1 15 4 19 7 18 5
1 19 0 10 2
1 16 12 4 14 7
1 5 18 3 16 6 7 2 15 12 8 1
1 14 2 16 7 0
1 17 5 18 4 17
1 9 8 11 7 13 3 18 0
1 20 9 4 8 10 20
1 2 3 13 1 16 18
1 1 15 23
1 21 0 4 10 7
1 4 12 19 15 3 11 14 23 16
1 11 7 19 14 5 3 10
1 13 7 5 15 8 0 9 18 10 3 13
0 22 20
0 23 18
0 24 18
0 25 19 15 9 17
0 26 6 3
1 16
1 1
1 12
1 2
1 17
1 15
1 0
1 14
1 11
1 19
1 18
1 7
1 10
1 6
1 9
1 3
1 4
1 13
1 8
1 5
0 20
0 21
0 22
0 23

