20
13 20 21 15 21 39 44 26 21 16 10 36 12 12 10 39 34 36 39 28 
1 6 1 5 6 11 10 3 9 17
1 1 8 11 9 10 6 3 5 1 14 15 13
1 5 7 3 4 11 2 9 10 0 1 5 19 6
1 0 9 6 11 10 1 0 3 4 8 2 5 17 14 12
1 2 4 0 2 10 11 8 5 6 3 9 7 16
1 3 7 11 0 8 9 5 10 1 2 3 12 6
1 4 3 9 5 1 7 10 8 6 11 2 17 19
1 7 9 10 5 4 2 1 6 0 8 19 11
0 8 8 19 13 18 1 9
0 9 7 8
0 10 7 15 6 9 14 2
0 11 13 2 10 7 8 4 14 9
0 12 8 16 18 14 4 0 15
1 6 10 7 2 8 1 11 4 5 15 18
1 9 8 11 6 9 7 2 12 1 5
1 5 0 9 6 12 2 5 3 15 4
1 2 3 2 1 10 7 9 11 8 12 16 20
1 4 12 10 3 6 2 5 9 16
1 11 3 5 4 7 6 12 18
1 8 11 7 9 3 5 2 6 10 15
1 10 2 9 8 11 3 7 0 4 6 12 19
1 0 6 9 5 1 10 2 7 13 19
1 7 11 3 4 9 0 8 6 1 16 20
1 3 4 5 8 9 12 1 10 13 18 7 16
1 1 12 1 0 10 2 4 14 15
0 12 19 14 4 12 18 2 10
0 13 10 8 2
0 14 0 13 2 12
0 15 20 17 8
0 16 19
0 17 3 18 6
0 18 5 6 18
0 19 17 8 16 9 13 0
1 6 7 3 2 6 8 0 5 4
1 3 7 8 6 5 0 4 2 1
1 0 2 8 4 7 5 11
1 5 0 7 4 3 6 1 5 11 8
1 7 1 7 0 2 3 6 5
1 8 8 0 4 2 7 6 13
1 10 7 6 2 1 0 4 3 8 14 12
1 12 4 3 1 7 6 0 8 14 9
1 4 4 5 7 2 1 8 3 12 14 13
1 2 7 2 1 6 9 14
1 1 4 8 7 5 13 10
1 11 0 6 5 1 3 8 11 10 13 12 7
1 9 2 4 8 6 0 7 10 5
0 13 10 11 0
0 14 11 13 14
0 15 12 7
0 16 2 9 11 7
0 17 12 0 10
0 18 8 9 2 10
0 19 8 1
0 20 11 10 1
1 7 7 3 9 6 8 12 2 11 0 5 14 10
1 3 1 8 9 6 5 3 11 7 4 17 18 14 16
1 2 3 0 5 11 1 8 6 7 16
1 8 12 5 7 8 10 0 11 1 6 3 20 15
1 1 10 0 6 9 4 1 12 16 20 7
1 0 11 0 4 9 12 2 5 1 3 13 10
1 4 10 6 8 9 0 12 3 1 2
1 5 7 3 6 5 10 9 8 12 0 2 1 20 18
1 6 9 2 11 4 3 7 0 5 12 16
0 9 19 6 13 10
0 10 3 14 13 8 1
0 11 20 4 9 14
0 12 3 16 8 14 11 13
0 13 7 14
0 14 15 13 1 8
1 7 0 23 8 16 13 20 22
1 0 15 19 12 22 16 24
1 1 0 3 5 6 13 22 19 12 2 38
1 12 16 17 5 7 9 13
1 2 4 21 11 34
1 10 11 19 1 23 27
1 3 14 12 22 1 18 6
1 11 9 2 18 19
1 4 20 6 1 3 2 16 12
1 6 21 18 23 19 0 9 7 36 27 6
1 8 10 5 2 13 27
1 5 0 8 3 1 35 29
1 9 7 1 23 5 10 24 32 19
0 13 7 30 8 20 27
0 14 31 37 6
0 15 19 20
0 16 26 33 22
0 17 0
0 18 16 30
0 19 28 25 29
0 20 31
1 6 19 26 3
1 23 0 17 22 12 6 42
1 4 24 6 18 5 2
1 8 17 14 10 18 22
1 19 9 23 7 30 38
1 21 25 6 22 23 17
1 1 4 15 13 19 26
1 15 16 26 5 9 21
1 11 0 2 10 8 3 25 21 20 7 19 34 5
1 16 25 8 23 15
1 7 1 18 16 5 9 15 36 12 7
1 9 11 5 10 39
1 13 19 22 35
1 17 9 5 33 19
1 12 22 13 3 2 4 5 19
1 2 4 17 14 10 18
1 20 3 21 26
1 10 7 35
1 18 5 13 8 32 12
1 22 8 21 11
1 14 21 12 20 0
1 3 21 4 37
1 0 26 20 1 10 8 30
1 5 25 24 4 21 6 26 5 31 18 27
0 24 10 31
0 25 27 40 8 4
0 26 18
0 27 4 16 38
0 28 10 36
0 29 10 15
0 30 0 29
0 31 14
0 32 41 1
0 33 1 43
0 34 11 13
0 35 25 38 31 39
0 36 23
0 37 4 7 19
0 38 28 4
1 15 12 11 10
1 4 10 13 0 7 11
1 13 15
1 22 12 1 15 9 11 22
1 2 2 6 8 14 21 9
1 14 13 1 16 14
1 23 8 10
1 12 5 8 9 13 11 1
1 25 5 1 6
1 18 8 3
1 6 15 7 13 10
1 16 12 9 6 14 10 18
1 20 5 22 7 10
1 11 4 11 14 7 9 2 19 21
1 9 8
1 8 8
1 17 5 0 13 4 1 16
1 26 4 12
1 5 8 13 0 2 7 16
1 1 6 14 15 17 23
1 3 14 5 11 8
1 19 3 1 0 10 11
1 24 3 17
1 21 7 3 4 13
1 0 6
1 7 5 14 23
1 10 11 4 15 8
0 27 7
0 28 24
0 29 1 9 5
0 30 10
0 31 20 6
0 32 15
0 33 9
0 34 2
0 35 25 1 17
0 36 0
0 37 18 15
0 38 15
0 39 18
0 40 23 11 5
0 41 12 19
0 42 11 0
0 43 21
1 4 2 10 4 12 6 9 5 0
1 14 11 2 6 7 13
1 8 2 9 4 8 7 5 10 3
1 11 9 7 6 4
1 12 6 11 2 9 18 17
1 9 5 0 3 2 6 1 4
1 0 8 0 10 12 20
1 5 9 12 5 8 7
1 6 12 6 8 18 1 19
1 10 12 7 10 13 19 20
1 13 1 7 3
1 1 8 3 0 6
1 15 2 11 1 7 5 6
1 2 4 9 0 12 10 6 3
1 3 8 3 7 12 10 9 4 13
1 7 1 0 8 3 5 20
0 16 8 15 20 2
0 17 11 4
0 18 17 4
0 19 4 16 13
0 20 2 14 17
0 21 7 20 10
0 22 8
0 23 18 19 6 2 11 4
0 24 8 20 2 14
0 25 14
1 0 7 6 9 0 3 14
1 10 8 5 9 1 4 2
1 4 2 9 6 4 0 3 5 7 8
1 2 6 9 5 7 2 15
1 7 6 2 8 0 5 15 14
1 11 4 3 1 0 5 10 13
1 8 7 0 9 2 1 5 14 15
1 9 4 8 10
1 5 6 4 9 2 0 3 5 7
1 1 2 7 3 4 9 5 10
1 6 4 1 5 7 9
1 12 1 0 5 2 4
1 3 2 9 8 4 10
0 13 1 15
0 14 9 3 11 7
0 15 6 8
0 16 3 12 2 0
0 17 14 11 8
0 18 15 4
0 19 5 10 0 6 2
0 20 4 13 9
1 9 2 4 1 5 3 7 9
1 8 2 4 0 5 1 3 7 8
1 5 3 4 2 0 5 1 6
1 0 5 0 4 2 3 1
1 7 1 0 2 4 3 5
1 6 3 0 2 1 4 5 7 6 8
1 2 1 2 4 3 0 5 8 9 7
1 1 1 3 0 2 5 4 6
1 4 5 2 4 0 1 3 8
1 3 1 5 0 4 3 2
0 10 8 9 2 0
0 11 4
0 12 1 0 3
0 13 1 0 5 9
0 14 0 8 2 4 3
0 15 7 3 6
1 1 18 0 1 2 11 21 9 6 10 4 19 7 17 23
1 3 19 10 17 20 4 0 12 18 16 8 6 11 21 1 14 9 34
1 0 5 8 13 6 20 18 2 10 0 11 17 21 7 25 14 30 12 15
1 5 4 6 7 1 5 15 3 19 13 8 2
1 2 9 3 7 12 14 15 21 5 13 6 2 19 1 31 4 22
1 4 16 11 19 18 7 2 15 17 3 22 27 32 35 14 13
0 6 12 26 29 28 1 21
0 7 0 23 30 33 1
0 8 10 24 18 9 28 5 12 27
0 9 28 10 12 2 15
1 2 2 0 1
1 21 4 6 10 0
1 0 1 0 5 2 8
1 20 3 6 7
1 19 6 3 4 1
1 5 1 6 5 2 9 7
1 6 3 2 6 5 1 0
1 16 0 3 6 1
1 13 0 3 6 2 7 9 1
1 4 5 3
1 7 5 4 3 1
1 9 4 2 9
1 12 4 1 0
1 1 5 0 3 2
1 15 4 1 3
1 17 4 2 6 0 10
1 18 1 3 0 6 4
1 11 2 6 3 1 7 0
1 3 2 4 5 1 0
1 10 2 0 6 5 3 4
1 14 6 2
1 8 5 1 3 6
0 22 2 10 4
0 23 9 8 5
0 24 11
0 25 8 3
0 26 8 2 0
0 27 4 10
0 28 11
0 29 6 10
0 30 8 5
0 31 1
0 32 5 2
0 33 4 7 5
0 34 0 10
0 35 11 9
1 3 6 4 2 3 0 1 5 11 10 8
1 2 1 3 0 2 4 5 6 10
1 1 0 2 1 3 6 4 5 9 11 8
1 4 5 6 0 3 2 4 1 7 9
1 5 3 2 4 5 6 1 0 11
1 0 0 4 1 2 3 5 6
1 6 2 1 0 3 6 4 5 8
0 7 3
0 8 6 11 1
0 9 2 7 8 11
0 10 8 10 1 11 7
0 11 8 3 4 6 0
1 0 5 2 4 3 1 0 8 9 6
1 1 3 0 2 1 4 5 7 8
1 2 3 4 1 5 0 2
1 3 1 4 0 5 2 3 9
1 4 2 4 3 0 5 1 8 9
1 5 3 5 0 1 2 4 9
1 6 3 0 1 2 5 4 7
0 7 1 2 5
0 8 2 5
0 9 3 6 0 9
0 10 5 6 0
0 11 2 6 7
1 0 23 17 19 16 3 9 21 8 2 5 14 30 32 35 13
1 3 8 0 10 15 22 11 3 2 9 4 23 17
1 5 4 3 12 13 18 8 7 34 36 2 1
1 1 2 6 7 21 14 12 1 23 4 13 27 38
1 4 5 16 20 2 13 23 7 17 10 15 11 12
1 2 9 1 11 14 21 23 13 15 3 12 18 2 22 17 16 4 31 33 28 35 8
0 6 37 35 31 15 23
0 7 12 29 4 28
0 8 25 28 36 14 23 12 32 38 19
0 9 15 24 26 38
1 4 14 10
1 18 16 4
1 2 7 19 2 10 17 12 0 26
1 9 11 7 28 1
1 10 5 1 9 19 15 22
1 14 11 20 10
1 13 13 19 1 12 0
1 11 12 1
1 22 12
1 12 6 18 7 19 9
1 16 7 15 0 8 13 28 4
1 15 9 15 11 33 3 25
1 7 18 14 29
1 20 13 1 9 7
1 1 5 17
1 8 14 3 18
1 0 10 2 12 5
1 19 12 18 4 6
1 21 4 6 5 21 12
1 5 3 15 1 16 4 8 2 25
1 23 20 13 24
1 6 8 6 19 30
1 3 4 17 2 11 18 14
1 17 9 0 2 13 4 8
0 24 18 33
0 25 4 11
0 26 4 32 31
0 27 23 6
0 28 12 21
0 29 31
0 30 13 21
0 31 1 28
0 32 4
0 33 8 32
0 34 20
0 35 8 33
0 36 31
0 37 17 25 27 13 12 22
0 38 15 27
1 10 4 15 16 17 3 34 7
1 4 0 12 22 5
1 1 6 1 19 3
1 9 12 16 11 21 17
1 20 4 9 31 14 29
1 11 18 9 19 14 7 32 21 1 24
1 14 7 12 13 16
1 13 5 9 8 3
1 8 20 8 7 16 12 29
1 18 4 2 12 5 18
1 2 10 0 19 15 33
1 7 13 14 17 9 3 24
1 16 5 1 29
1 19 13
1 15 5 6 0 19 4 18 24 10
1 12 12 2 30
1 6 4 20 3 9 14 27
1 0 20 11 15 6 13 10 0 24
1 3 6 19
1 5 8 21 14 19 20 3 25 4
1 17 7 3 1 4 5 8
0 21 7 24
0 22 17
0 23 5 26 27
0 24 17 9
0 25 13 23
0 26 23
0 27 35 28
0 28 10
0 29 16 35
0 30 18 33
0 31 35
0 32 14
0 33 1 28 4 5 17
1 9 12 23 21 7
1 8 14 17
1 18 7 20 13 23 4
1 3 21 11 2 5 22
1 21 3 19
1 19 6 18 11 15 12 19 27 30 38
1 7 10 14 8 11 29
1 16 2 16 3
1 14 9 10 14 1
1 15 23 11 3 37 2
1 4 8 15 5 21 14 6
1 1 21 17 18 31
1 6 8 22 4 6 20 2
1 17 23 1 4 16 38 24
1 0 0 25 30
1 5 13 10 21 8 3 25
1 13 8 20 19
1 11 5 16 17 34
1 12 10 3 17 5 14 16 28 8
1 10 2 0 13 1
1 2 9 8 18 11 21 0
1 20 20 10 12 18
0 22 17
0 23 21 12
0 24 29 24
0 25 36 23
0 26 22 35 14 33
0 27 9
0 28 28 26 27 33 15 6
0 29 4
0 30 12
0 31 4 33
0 32 31
0 33 21 32
0 34 2
0 35 21
1 2 11 5 16
1 22 7 2 13 8 20 12
1 5 5 11 3 14 20 4
1 14 13 3 1 11 19
1 3 16 8 0 26 17
1 7 0 1
1 18 12 2 7 1 16
1 23 10 1 13 15
1 1 3 15 5 19 1
1 6 15 0 12 1 18
1 10 11 1 4 3 13 5 7
1 15 12 7 3 2 14 18
1 21 7 15 2 6 4
1 13 7 3 4
1 11 8 11 0 24
1 17 6 14 0 2
1 20 10 9 0 6 8 1 4
1 8 7 15 12 11 21 14
1 4 15 3 1 5
1 19 10 15 6 18
1 16 13 10 4 14
1 0 12
1 12 6 4
1 9 7 0 11 14 15 5
0 24 23 16
0 25 27 19
0 26 21 12 6
0 27 5
0 28 23
0 29 17
0 30 22 17
0 31 12 23
0 32 25 22
0 33 19
0 34 17
0 35 25
0 36 4
0 37 5
0 38 0 22
1 6
1 10
1 15
1 4
1 3
1 1
1 13
1 12
1 8
1 16
1 14
1 7
1 2
1 11
1 9
1 5
1 0
0 17
0 18
0 19
0 20
0 21
0 22
0 23
0 24
0 25
0 26
0 27

