6
10 15 16 11 16 29 
1 7 0
1 1 1 3 7 14
1 5 10 4
1 2 1 12
1 0 5
1 4 11 9
1 3 8 6 13
1 6 10 2
0 8 6
0 9 1
1 10 1
1 4 6 0
1 7 3
1 1 4 10
1 6 6 11
1 0 12
1 2 5
1 3 3 2 8
1 9 1
1 8 6
1 11 7 13
1 5 1 9 15
0 12 10
0 13 14
0 14 9
1 6 6 9
1 11 5
1 4 1
1 9 8
1 1 2
1 3 2
1 10 5
1 12 5 3
1 5 4
1 7 6
1 2 2
1 8 6
1 0 7 0
0 13 3
0 14 10
0 15 10
1 0 4 0 5
1 3 10
1 2 12 15
1 8 8 1
1 4 2 7
1 7 8 13
1 5 6
1 1 10 9 14
1 6 3 11
0 9 1
0 10 1
1 0 19 1
1 12 9 6 18 21
1 8 9 2
1 9 3 27
1 1 14 4
1 2 0 15
1 7 8 22 24 25
1 6 17
1 11 12 11
1 3 10 5
1 5 16 20 23
1 10 13
1 4 7 26 28
0 13 11
0 14 19
0 15 8
1 4
1 0
1 13
1 16
1 2
1 6
1 21
1 8
1 14
1 17
1 7
1 19
1 20
1 18
1 3
1 5
1 9
1 12
1 22
1 1
1 10
1 23
1 15
1 11
0 24
0 25
0 26
0 27
0 28

