6
33 16 22 31 17 33 
1 0 1
1 21 9 11
1 15 0 1 4 7
1 3 8 5 12
1 26 7 15
1 1 10 1
1 13 12 11 9 6 7
1 19 6 4 11 3 0
1 9 3 10 6
1 23 3 4
1 10 11 1 7 8
1 22 12 9 11 7 2
1 24 9 2
1 2 10 6
1 16 10 9 11
1 25 11 7 15
1 8 1 5 9
1 20 11 0 14
1 4 1 4
1 6 1 6 9
1 17 9 10 2 6
1 7 12 1 8 2 4
1 18 12 3
1 12 0 9 12
1 5 6
1 11 11 8
1 14 1 2
0 27 10
0 28 11
0 29 13
0 30 8
0 31 0
0 32 9 15
1 6 2 7 16 3 8 0 6 20
1 0 15 7
1 12 0 13 2 17 12 3
1 10 1 10 3 12 7
1 7 1 5 8 12 14 17
1 5 17 10 13 7 16 9
1 4 6 9 17 0 5 7 21
1 11 2 13 0 19
1 2 3 4 9 7 5
1 8 1 17 14 12
1 1 17 14 4 0 7 16 5
1 9 3 8 5 18 6
1 3 4 11 6 2 16
0 13 12 14
0 14 13
0 15 13
1 14 14 9
1 9 5 8 23 12
1 11 6 22
1 17 16 18
1 1 13 0 3 17
1 13 11 12 24 22 16 20 17 6 27
1 6 5 15 14
1 0 23
1 5 20 0
1 2 13 17 19 30
1 8 6 2 18 17
1 4 22 21 3 2 23
1 16 10 28
1 15 1 25
1 7 23 12 21
1 3 5 7 13 29
1 12 6
1 10 4 12 24 3
0 18 18
0 19 15
0 20 13 26
0 21 23
1 1 10
1 20 11 4 3
1 0 9 0
1 6 11 9 0 7 12
1 13 6 12 3
1 5 0 11 10 13
1 15 13
1 10 1 10 6
1 19 5 0
1 17 7 8
1 22 5 1 11
1 23 5 6
1 18 5 8
1 2 8 15
1 16 2 11 6 4
1 7 8 13 0
1 24 3 12
1 8 9 3 0
1 21 11 7
1 4 12 11
1 12 9 5 16
1 9 8 13 0 2 6
1 11 6 9 3
1 3 9 11
1 14 0 4 13
0 25 2 8
0 26 14
0 27 14
0 28 10
0 29 5
0 30 3
1 4 9 1
1 9 5 10 22 2 7 30
1 5 14 12 15 16 26 21 1
1 11 6 18 21 11 28
1 10 25 23 18 31
1 13 9 4 24
1 8 20 7 17 3 11
1 12 3 10 21 24 17
1 3 11 22 15
1 0 14 1 20 13 12
1 2 8 13 23 11
1 6 0 17 19 22 15 8 10
1 1 14 8 22 25 0 11
1 7 2 17 12 21 26
0 14 22 27 32
0 15 13 29
0 16 22
1 5
1 3
1 13
1 21
1 26
1 17
1 23
1 16
1 2
1 15
1 22
1 4
1 8
1 0
1 1
1 12
1 10
1 18
1 24
1 19
1 6
1 20
1 7
1 14
1 25
1 9
1 11
0 27
0 28
0 29
0 30
0 31
0 32

