13
48 32 47 10 36 32 24 40 42 13 47 31 10 
1 16 14
1 12 9
1 20 0
1 0 1
1 28 3 22
1 21 6 19 29
1 19 4
1 10 7
1 7 15 28
1 8 15 27
1 1 17
1 14 5
1 6 10
1 26 13
1 23 18
1 24 18
1 2 17
1 3 17
1 11 7
1 4 17
1 13 9
1 9 15
1 5 17
1 15 5
1 25 8 12
1 22 11 23
1 27 13
1 17 2
1 18 2
1 29 16
0 30 24
0 31 15
0 32 2
0 33 18 25
0 34 18
0 35 17 30
0 36 20
0 37 4
0 38 15
0 39 31
0 40 17
0 41 10 21
0 42 4
0 43 10
0 44 26
0 45 20
0 46 9
0 47 0
1 10 11 35
1 0 20
1 8 22
1 18 3 16
1 9 28 7 25
1 6 26
1 13 23 14 34
1 4 4 1 42
1 14 19
1 5 17 18
1 2 4
1 12 11
1 17 12 21
1 16 3 32
1 7 5 13
1 3 10
1 19 2 0
1 1 8
1 15 10 6 15 24 33 45
1 11 23 9 27
0 20 0 46
0 21 13
0 22 20
0 23 41 37
0 24 20
0 25 27 31
0 26 30
0 27 21
0 28 13 36
0 29 10 39 44
0 30 30 38 40
0 31 29 43
1 28 4
1 6 2
1 24 0
1 23 0
1 2 1
1 3 1
1 15 5
1 18 0
1 1 1
1 19 0
1 4 1
1 14 5
1 22 0
1 17 0
1 20 0
1 25 4
1 27 4
1 7 3
1 8 3
1 16 5
1 0 1
1 26 4
1 10 3
1 12 3
1 21 0
1 13 5
1 9 3
1 11 3
1 5 1
0 29 7
0 30 9
0 31 1
0 32 3
0 33 8
0 34 6
0 35 1
0 36 0
0 37 2
0 38 2
0 39 7
0 40 0
0 41 2
0 42 0
0 43 1
0 44 9
0 45 6
0 46 5
1 4 3 0 4 13 31
1 0 15 18 23
1 1 11 10 14
1 2 6 1 8
1 5 20 7 12 16 17 21 25
1 3 5 2 9 19
0 6 33 24 26 27 30 32
0 7 34
0 8 12 22 28 29 35
0 9 17
1 8 17
1 10 11
1 3 7
1 18 6
1 16 1
1 13 4
1 11 0 19 20
1 20 12 14 22
1 4 18
1 15 2
1 9 5
1 1 8
1 17 9
1 14 3
1 5 15
1 0 0
1 19 12
1 12 7 10
1 2 7
1 7 16
1 6 15
1 21 13 23
0 22 19 29
0 23 8
0 24 27 26
0 25 25 24
0 26 28
0 27 30
0 28 16
0 29 5 31
0 30 13
0 31 9
0 32 3
0 33 30 21
0 34 17
0 35 6
1 0 0
1 12 11 23
1 11 4
1 10 13
1 9 13
1 7 7
1 14 12 16
1 2 7 3
1 1 14
1 13 11
1 15 12
1 8 13
1 17 6
1 19 1
1 18 1
1 4 8 5
1 5 10
1 6 14 9
1 3 2
1 16 6
0 20 17
0 21 21
0 22 2 20
0 23 6
0 24 17
0 25 5
0 26 1
0 27 0
0 28 14
0 29 19
0 30 22
0 31 18 15
1 1 11 2 15 39
1 14 3
1 4 13 0 24 34
1 0 1
1 10 13
1 7 1 5 18
1 13 3 26
1 6 19 12 21
1 3 16 22
1 9 16
1 5 23 20
1 11 9 10
1 12 13 7 33
1 8 14 4
1 2 8 6 17
0 15 18
0 16 8
0 17 7 25 27 29
0 18 38 30 32
0 19 36
0 20 7
0 21 17
0 22 37 31
0 23 35 28
1 5 6
1 2 12
1 7 5
1 24 4 29
1 22 19
1 23 8
1 19 9 25
1 21 14 31
1 0 15
1 20 14
1 14 16 20
1 3 3
1 12 21 27
1 17 18 0 17
1 6 6
1 8 1 10
1 16 11
1 4 13
1 15 7 22 33
1 10 16
1 11 11 2
1 18 14 28 37
1 1 12 40
1 13 11 24
1 9 23
0 25 22
0 26 7
0 27 7
0 28 4
0 29 30
0 30 22 41
0 31 13
0 32 26 34
0 33 9 32
0 34 39 36
0 35 23
0 36 38
0 37 38
0 38 23
0 39 35
1 16 0
1 15 0
1 11 1
1 3 2
1 25 4 11
1 7 1
1 5 2
1 19 6
1 23 4
1 22 4
1 0 3
1 14 7
1 2 3
1 4 2
1 20 5
1 1 3
1 10 1
1 24 4
1 6 2
1 21 5
1 17 0 10
1 13 7
1 9 1
1 8 1
1 12 1
1 18 6
0 26 9
0 27 5
0 28 6
0 29 9
0 30 9
0 31 9
0 32 4
0 33 5
0 34 7
0 35 1
0 36 4
0 37 3
0 38 12
0 39 12
0 40 8
0 41 7
1 4 20 2 3 12 17 24 26
1 2 21 28 29 31
1 1 23 8 13 15 18 19
1 0 22 25
1 7 0 6 11 14
1 6 27 5 16 32 42 44
1 5 22 7 9 10 36 39
1 3 1 4 45
0 8 40
0 9 43 35
0 10 33
0 11 38 34 37 41
0 12 30 46
1 26 2
1 23 16
1 12 6
1 9 17
1 2 9
1 20 3 18
1 27 15
1 19 11 28
1 4 1
1 24 2
1 14 0
1 21 6 10
1 22 13
1 18 4 27
1 16 0
1 0 14
1 3 9
1 25 2
1 1 9
1 13 12
1 11 5 25
1 10 5
1 7 17
1 17 3
1 15 0
1 5 7 29
1 6 7
1 28 8
1 8 17
0 29 15
0 30 8
0 31 7
0 32 23 21
0 33 10 19
0 34 3
0 35 4
0 36 11
0 37 26
0 38 12
0 39 24
0 40 23 22 30
0 41 16
0 42 6
0 43 9
0 44 20
0 45 7
0 46 18
1 8 5
1 2 1
1 15 0
1 9 5
1 10 2
1 5 1
1 6 1
1 3 1
1 18 3
1 1 4
1 17 3 7
1 11 2
1 7 5
1 12 2
1 0 4
1 16 0
1 14 0
1 4 1
1 13 2
0 19 8
0 20 2
0 21 6
0 22 2
0 23 1
0 24 4
0 25 9
0 26 8
0 27 3
0 28 4
0 29 1
0 30 4
1 4
1 1
1 3
1 5
1 0
1 2
0 6
0 7
0 8
0 9

