6
13 20 21 15 21 39 
1 7 0 14
1 1 1 3 7
1 5 10 4 18
1 2 1 15
1 0 5
1 4 11 9 19
1 3 8 6
1 6 10 2
0 8 16
0 9 6
0 10 2
0 11 6 12
0 12 17 13
1 10 1 14
1 4 6 0
1 7 3
1 1 4 10
1 6 6 11
1 0 12
1 2 5 18
1 3 3 2 8
1 9 1
1 8 6
1 11 7 17
1 5 1 9
0 12 12
0 13 13
0 14 16
0 15 19 20
0 16 12
0 17 1
0 18 16 15
0 19 5
1 6 6
1 11 5
1 4 1
1 9 8
1 1 2
1 3 2 14
1 10 5
1 12 5 3
1 5 4
1 7 6
1 2 2
1 8 6
1 0 7 0
0 13 11
0 14 2
0 15 9
0 16 12
0 17 5
0 18 13
0 19 4
0 20 10
1 0 4 0 5 18
1 3 10
1 2 12 15
1 8 8 1
1 4 2 7
1 7 8
1 5 6
1 1 10 9 19
1 6 3 11
0 9 3
0 10 12
0 11 4 13 16 20
0 12 14
0 13 17
0 14 7
1 0 19 1
1 12 9 6 18 21
1 8 9 2
1 9 3 27
1 1 14 4
1 2 0 15 38
1 7 8 22
1 6 17
1 11 12 11
1 3 10 5 28
1 5 16 20 23 31 36
1 10 13
1 4 7
0 13 20 24
0 14 29 35
0 15 37 33 34
0 16 20
0 17 4 30
0 18 32 26
0 19 25
0 20 15
1 4
1 0
1 13
1 16
1 2
1 6
1 21
1 8
1 14
1 17
1 7
1 19
1 20
1 18
1 3
1 5
1 9
1 12
1 22
1 1
1 10
1 23
1 15
1 11
0 24
0 25
0 26
0 27
0 28
0 29
0 30
0 31
0 32
0 33
0 34
0 35
0 36
0 37
0 38

