2
20 48 
1 3 25 5 27 2 10 15 20 24 44 8 22
1 0 17 9 14 24 12
1 5 23 1 7 22 19 9
1 1 6 3 1 25 27 2
1 4 12 26 29 24 9 2 28 30
1 8 10 4 20 13 23 11 36 42
1 2 25 15 46
1 6 13 2 21 22 29 24 32
1 10 23 11 16 40 9 31
1 11 8 0 18 28
1 9 22 15 23 4 28 18 16 39 30
1 7 6 19 22 26 31 34 42 39
0 12 28 21 6 47
0 13 5 38 29
0 14 37
0 15 18 35
0 16 41
0 17 8 33 47
0 18 20 43
0 19 45 39 46
1 28
1 7
1 11
1 2
1 24
1 6
1 10
1 13
1 29
1 8
1 15
1 25
1 5
1 21
1 0
1 12
1 26
1 1
1 27
1 18
1 16
1 19
1 20
1 22
1 9
1 4
1 17
1 3
1 23
1 14
0 30
0 31
0 32
0 33
0 34
0 35
0 36
0 37
0 38
0 39
0 40
0 41
0 42
0 43
0 44
0 45
0 46
0 47

