20
36 24 35 8 27 24 18 31 32 10 35 23 8 16 27 33 8 10 28 33 
1 18 7 9
1 0 15 22 8
1 2 15 16
1 8 17 0 16 13
1 26 5
1 19 10 13 5
1 14 13 5 9 4 18
1 9 18 12 11 3 14 0 7 13
1 28 18 3 12
1 3 17 15 9 11
1 25 17 18 1
1 29 7 10 17
1 6 17 19 12 7 15
1 23 9 14 4 7 10 1
1 1 15 19 1 12
1 11 17 2 11 5
1 7 5 2 3 13 15
1 13 8 11 2 15 10
1 21 11 3 4 5 8 12 20 15
1 16 13 4 2 7 11
1 4 2 9
1 22 2 5
1 24 16 3 5 7
1 12 17 1 4 2 3 15 13 9 14
1 27 7 6 5 4
1 17 15 0 13 5 16 18 10
1 20 8 0 12
1 15 15 9 5 18
1 5 11 17 1 15 19
1 10 18 14 11 9
0 30 21 9
0 31 3
0 32 5 13 14
0 33 23
0 34 4
0 35 6
1 7 4 27 12 2 16 6 25 32 20
1 9 19 7 24 15 28 2
1 8 17 9 20 22 13 16
1 12 4 14 23 26 28 8 21 2
1 18 11 26 10 13 29
1 14 12 7 17 27 33 34
1 10 3 22 20 1 10 14 24 13 11
1 16 5 6 21 28 0 10 25 16
1 15 10 5 19 25 8 9 29 18
1 4 2 6 11 18 25
1 17 8 6 24 16
1 5 10 20 11 13 18 15 30
1 2 23 18 12 3 4 5 21 28
1 1 19 14 5 2
1 6 15 13 20
1 0 25 11 20 34
1 11 18 1 5 27 19 21
1 13 28 1 16 8 7 9 19
1 19 28 24 10 27 7 15
1 3 3 0 20 7 15 2
0 20 24 16
0 21 15 20
0 22 22 31
0 23 23
1 17 0 5 2 1 4
1 20 0 4 5 1 3 7
1 5 4 3 1
1 7 4 2 5 3 7
1 2 3 0 2
1 4 3 0 4 1 2
1 28 5 1 0 6
1 12 1 5 0 3 2 4
1 18 4 5 3 6
1 26 3 0 5 4 7
1 27 3 0 5
1 8 0 2 4
1 11 5 2 4 1 3 0
1 13 3 4 2 0 5 1
1 15 3 4 5 0 2 6 7
1 9 1 3 2 0 5
1 1 2 1 4
1 19 3 5 4
1 0 2 1 4 3
1 16 4 5 2 7
1 6 1 4 0 2
1 22 4 5 1 3 0
1 3 0 2 1 3
1 21 0 4 2 5 6
1 25 3 5 4 0 1 7
1 10 1 3 0 4
1 24 4 3 5
1 23 4 0 2 5
1 14 2 3 4 5 0
0 29 6 7
0 30 6 7
0 31 5 3
0 32 4 5
0 33 6 5
0 34 4
1 4 10 21 20 11 13 1 14 16 18 15 9 19 7 6 3 4 8 12 0 17 2 23
1 2 2 0 8 9 14 19 5 7 10 15 13 6 21 11 16 12 3 17 20 18 4 22 26
1 0 20 6 15 21 2 0 10 11 9 13 7 12 17 14 8 19 16 4 5 24 25 22
1 1 11 5 13 17 9 8 15 20 14 3 21 7 4 10 0 2 12 18 6
1 3 18 4 7 12 5 19 13 10 21 17 14 9 20 11 6 15 3 1 24
1 5 3 1 16 13 9 5 21 7 8 19 20 15 0 2 14 18 4 10 17 23
0 6 17 25 4 15
0 7 7 24 10 0 14 9 17 21 20
1 10 3 11 17 10 4 13
1 18 15 4 13 1 18 16 11
1 15 0 10 7 12 18 3 5 20
1 17 12 8 4 15
1 8 7 12 13 3 4
1 6 7 17
1 20 16 4 9
1 9 15 3 9 4 2
1 1 13 14 17
1 13 4 1 2 13 0 19 18 9
1 7 17 1 6 9 5 18
1 4 9 5 1 0 12 2
1 2 12
1 0 2 22
1 14 15 3 19 16 11
1 3 5 0 13
1 11 12 19 6 15 5 8 1 23
1 16 10 19 15 2 9 6 21
1 21 16 3 8 19 10 7
1 12 0 10 18 2
1 5 12 15 2 17 1 6 9 4
1 19 18 4 15 8 7 2 14
0 22 18 16
0 23 7
0 24 0
0 25 9 1
0 26 0 20
1 11 1 11 10 9
1 6 1 6 7 5 0 14
1 1 8 3 12 7
1 10 10 5 12 4 11 6
1 12 14 2 13 12
1 2 2 7 13 0 9 8 10
1 18 6 4 3 13 11
1 16 1 5 11 6 2
1 17 14 2 3 6 11
1 14 13 4 6 7 1 12 11 0
1 8 11 4 0 1 7 14 10
1 15 13 14 11 8 7 6 2
1 5 3 10 6 4
1 4 11 4 10 8 12 9 5
1 3 3 12 2 9 8 5
1 7 11 14 12 0 15
1 9 13 0 4 14 10 17
1 0 9 7 14 15
1 19 6 11 1 2
1 13 1 5 13 0
0 20 16 13
0 21 5 1
0 22 4 17
0 23 9
1 0 10 22 16 12 9 28
1 11 7 9 4 13 29 16
1 5 20 3 5 19 12 7 4 18 14 16
1 7 15 8 3 23 2
1 9 22 8 12 20 24 1
1 8 12 21 24 4 6 19 13 8 18
1 10 14 12 11 6 1 22 18
1 1 12 16 17 23 4 14 28 19
1 6 4 6 21 9 16 7 25
1 4 20 1 13 23 21 17 22
1 3 2 20 1 14 7 6
1 14 19 9 16 11 27 30 23
1 2 15 0 18 5 21 13
1 13 9 18 23 13 8 6 10 11
1 12 11 0 20 4 16 26
0 15 6
0 16 6 12
0 17 13 20
1 19 7 3 0 22 23 26
1 22 16 4 21 8 6 25
1 4 11 10 5 24 19 6
1 17 14 9 21 25 16 22 7
1 21 12 19 8
1 9 11 1 8 15
1 10 23 6 24 16 14 21 5 2 30
1 12 20 3 11 19 10 17 23
1 11 21 16 14 2 5 19 26
1 16 1 22 14
1 15 13 15 14 9 17 23 4 27
1 24 8 4
1 0 2 9 0 23
1 5 19 25 6 24 2 18 5 27
1 8 14 10 13 12
1 3 10 20 18
1 2 19 15 18 2 10 20 7
1 1 17 13 0 10
1 14 21 5 13 14 15 4
1 20 12 7 17 23 1 25
1 7 18 19 7 2
1 6 21 9 7 13 24
1 13 0 25 12 24 22 6 5
1 23 14 25 10 4 26 3
1 18 11 25 3 4 24 9 22
0 25 13 29 27
0 26 19 0
0 27 21 30
0 28 8 28 13
0 29 24
0 30 31 2
1 6 1 7 3 2 4
1 9 4 3 1 2 7
1 3 2 7
1 20 5 6 1
1 25 0 1 6
1 17 7 2 0 5
1 7 1 2 7 5 3
1 22 1 0 5 3 6 8
1 24 1 6 5
1 5 6 3 7
1 0 7
1 8 1 3 6 7
1 13 6 5 4 1
1 11 7 0
1 21 4 5 0 6 2 9
1 4 4 3 2 1 7 5
1 19 5 1 6 2 4 8
1 16 3 6 0 4 7 1 2
1 2 5 3 1
1 12 7 0 5 1
1 18 1 5 4 0 2
1 1 1 5 4 7
1 15 1 3 5 2
1 14 2 3 8 0
1 10 1 5 2 4
1 23 0 3 1 6 2
0 26 7
0 27 1
0 28 5
0 29 6 2
0 30 2
0 31 0 5
1 7 21 1 4 20 27 11 17 2 18 16
1 4 28 5 7 13 26 17 0 21 20 14 10 22 18 27 25 33
1 5 11 0 18 26 17 27 22 6 13 14 9 16 31 5 34
1 2 6 3 15 19 12 20 26 28 13
1 1 17 9 12 25 5 22 6 26 34
1 3 11 14 16 9 28 0 3 1 6 8 21 22 17 26 29 4 24 30
1 6 2 24 8 11 9 28 21 3 17 20 1 32 0
1 0 23 8 10 22 7 6 26 24 1 18
0 8 33 3
0 9 23 30
1 25 2 8 7
1 15 9 15 13
1 23 12 1 17
1 27 5 9 4 12 2
1 12 5 11 14
1 24 17
1 4 3 6
1 13 0 14 9 5 11
1 20 7 16 15
1 17 7 8 17 13
1 3 8 11 20 17
1 21 17 3 5 2
1 6 1 6 17
1 26 12 14 5 9 10
1 22 5 9 14 16
1 18 15 5 1 2
1 2 6 0 5 13
1 16 7 14 5 8
1 28 14 12
1 19 4 10 3 12 5 7 21
1 7 6 5 4 18
1 8 5 13 1 6
1 5 16 11 13 8 5 19 15
1 10 1 18 7 15 13
1 1 6 18 17 10 0
1 9 3 17 5 0 10 8
1 0 11 18 21 16
1 11 10 16 3
1 14 13 12
0 29 11
0 30 15
0 31 22
0 32 12
0 33 16
0 34 5 4 16
1 6 1 5 0 3 4
1 10 2 3 1 0 5
1 17 2 4 5 3 1 7
1 9 3 0 5
1 18 4 3 5
1 5 5 4 1 0 2
1 2 0 5 4 1
1 13 2 5 3 1 4 0
1 7 4 3 5 1 0 6
1 16 3 4 2 1 5 7
1 1 4 0 1 7 6
1 3 0 1 2 5
1 14 3 2 4 1 5 0 7
1 4 5 0 1 2 7
1 15 1 2 0 3 4
1 8 0 5 2 4
1 11 4 1 5 0 3 2 6
1 12 0 3 5 4
1 0 0 1 4 6
0 19 7 5 3
0 20 7 0
0 21 7 1
0 22 5
1 0 0 9 5 3 10 4 6 12 1 8 7 2 11 14 15 13
1 1 5 6 7 8 4 11 0 3 2 9 1 10 12 13
1 4 0 1 5 4 11 9 3 6 2 10 12 7 8 15 14
1 5 12 4 11 10 6 0 9 8 3 5 2 7 1 13
1 3 12 9 10 1 8 7 4 5 11 6 0 2 3 13
1 2 5 2 3 0 1 6 8 9 12 10 11 7 4 13
0 6 13 14
0 7 10 4 8 6
1 4 14 2 12 4 0 13 21 10 11 24
1 7 19 10 7 20 3 21 16 9
1 6 12 16 17 20 10 15 7
1 11 3 4 5 6 21 9 1 2 18 16
1 8 1 19 16 18 5 3 21 17 4 8 6 23 11
1 0 19 7 12 11 8 3 5 14 17 13 18 2
1 1 11 15 4 12 9 5 10 3
1 9 18 8 20 2 11 15 1 4 6 3 22 24
1 12 17 20 18 15 23 16
1 5 2 12 15 19 20 8 16
1 3 3 11 17 5 8
1 10 17 0 9 20 10 1 18 6 19
1 2 13 5 21 18 7 19 6 20
0 13 17 26 7
0 14 15
0 15 5 25
1 11 23 16 18 1
1 15 23 24 6 11 21 20 4 18
1 20 21 18 24 16
1 9 7 11 13 12 4 1 22 21
1 8 26 12 19 20 1
1 2 25 0 11 5 22 24
1 19 18 19 26 24 12 32
1 6 12 15 14 3 16 2 22
1 0 14 6 15 2 7 27
1 14 3 8 22 23 19 0 14 2 24
1 3 7 10 13 19 14 17 22 20
1 7 16 23 13 7 9 5 0
1 5 15 5 22 14 28 25 13
1 1 15 20 24 8 2 6 25
1 10 2 30 25
1 12 2 1 23
1 13 11 0 10 26 18 21 8
1 17 17 21 19 4 7 8
1 16 17 13 7 26 21 19 2
1 4 4 1 6
1 18 9 1 22
1 21 21
0 22 23
0 23 11
0 24 2 31
0 25 20
0 26 29 30
1 2 0 1 3 4 6
1 7 4 1 5
1 13 4 3 1 5 2 0
1 20 1 2 5 3
1 16 5 0 3
1 12 1 0 3 4 5 2 6
1 8 5 0 4
1 6 0 3
1 9 1 5 0 4 2
1 19 2 4 3 5 1 7
1 0 0 1
1 23 3 2 0 5
1 14 0 2 3 5 1
1 10 2 0 1 4 5
1 5 4 0 5 1 3
1 4 4 1 0 2
1 15 0 3 5
1 18 2 4 5 1 7
1 11 4 0 5 1 2
1 17 0 4 2
1 1 0 1 4
1 26 2 3 5
1 24 5 3
1 21 3 0 2 5 4
1 25 2 3 4 5 1 7 6
1 3 0 2 1 4
1 22 5 2 3 0 4
0 27 5 6 0
0 28 4
0 29 5
0 30 5 3 0
0 31 3 2
0 32 5 2
1 1 5 3 2 7 1 4 6 0 8
1 0 4 0 1 5 2 6 7 3 8
1 5 6 7 5 0 4 2 1 3 8
1 3 1 2 3 5 6 0 4 7
1 2 2 1 0 4 3 5 7 6 8
1 4 0 7 6 5 2 4 1 3
0 6 4 3
0 7 9 3 8
1 0 0 4 6 11 21 7 17 5 16 18 14 8 26 10
1 6 19 10 8 13 1 15 16 22 0 20 17 24 21
1 2 18 1 3 9 17 14 5 4 21 12 11 6 2 20 0 19 16 22
1 4 20 18 19 22 3 16 5 10 13 2
1 1 19 2 5 7 22 17 10 18 14 20 0 15 24
1 5 16 15 12 4 19 8 22 0 1 7 18 6 10 3 17
1 3 14 12 17 13 22 16 9 11 18 1 5 25 0
1 7 8 13 22 6 9 17 21 1 2 12 7 16
0 8 25 27 23 7 24
0 9 4 23
1 12 17 20 14 0 7 13 10
1 17 4 19 21 3 23 6
1 8 16 13 17 11 8 7 1 28
1 7 16 25 15 23
1 1 16 12
1 3 6 25 7 16 26
1 21 25 11 8 19 17 27
1 5 1 25
1 9 8 20 2 12 13 18
1 18 0 4 11
1 22 3 0 9 24 27
1 0 2 7 20
1 16 17 21 22 3 15 9
1 20 11 2 12 10 0 29
1 2 26 12 23 4 7 20
1 19 11 26 0 14 8 25 13 32
1 11 23 2 9 3 22 12 4 25
1 4 6 1
1 6 5 13 15 9 4 12 22
1 15 11 18 26 9 24
1 10 14 9 10 16 12 1 2 19
1 13 6 21 18 8 22 9 5 29
1 14 16 22 24 19 14 23 18 6 25 32 29
0 23 28
0 24 29 0
0 25 23 30
0 26 10 31
0 27 7 16
1 26
1 3
1 13
1 24
1 8
1 1
1 9
1 0
1 19
1 7
1 22
1 25
1 6
1 16
1 18
1 15
1 5
1 10
1 17
1 21
1 2
1 20
1 11
1 14
1 23
1 12
1 4
0 27
0 28
0 29
0 30
0 31
0 32

