20
20 27 12 18 26 35 31 26 12 17 18 34 35 26 32 22 27 29 35 28 
1 13 17 18
1 5 7 15
1 0 1
1 1 1
1 15 4 20
1 11 9 10 14 21 22
1 2 1
1 8 16 3
1 12 16 12
1 9 11 13
1 6 19 2 5 8 23
1 10 16
1 3 0 26
1 7 11
1 4 6
1 14 9 24
0 16 12
0 17 5
0 18 0
0 19 25
1 1 9
1 0 9
1 2 9
1 10 1
1 16 7
1 6 2
1 3 3
1 7 6 11
1 17 5 10
1 18 5
1 13 8
1 9 1
1 19 4
1 15 7
1 11 1
1 4 3
1 12 8
1 20 4
1 14 8
1 5 0
1 21 4
1 8 6
0 22 0
0 23 0
0 24 4
0 25 1
0 26 3
1 2 13
1 5 1 12
1 3 10
1 1 13
1 9 0 11 17
1 8 4
1 4 8 2 3
1 7 6 7 15
1 6 5 9
1 0 14 16
0 10 8
0 11 9
1 14 6
1 8 10 14
1 4 0
1 11 7 5
1 12 8
1 7 17
1 10 18
1 9 17 19
1 0 3 9 25
1 6 3 1
1 5 18 4 13 20
1 13 8
1 3 11 15 22
1 2 16 2
1 1 12
0 15 7 24
0 16 23
0 17 1 21
1 9 1 7
1 17 10 16 17
1 8 11 6
1 2 19
1 5 0 22 26
1 15 2
1 20 25
1 18 24 9
1 19 5 4
1 1 21 29
1 13 0
1 7 12
1 3 28 23
1 12 0
1 10 8 3 14
1 6 12 13 20
1 0 15 33
1 11 10
1 16 2
1 14 0
1 4 27 18 31
0 21 9 32
0 22 1
0 23 25 30
0 24 34
0 25 3
1 18 7 0
1 26 2
1 20 17 3
1 22 21
1 25 20
1 24 12
1 21 21
1 4 1
1 11 15
1 19 6
1 17 13
1 8 7
1 14 16
1 10 15
1 12 15
1 0 4 18
1 27 10
1 16 6 8
1 13 22 11
1 5 23 5
1 15 20 24
1 2 19
1 1 4
1 6 23
1 23 14
1 28 10
1 9 5 9
1 3 1
1 7 23
0 29 14 28 29
0 30 4
0 31 27
0 32 8 30
0 33 27
0 34 26 25
1 20 10
1 4 20 1
1 23 3
1 13 19
1 2 12
1 6 13
1 15 13 0
1 9 8 23
1 8 6
1 12 8 17
1 24 3 7
1 16 16
1 21 10 22 24
1 14 19
1 19 4
1 10 8
1 11 11
1 18 16
1 0 18
1 3 15 14
1 22 2
1 17 16
1 5 20 5
1 7 6
1 1 9
0 25 1
0 26 25
0 27 19
0 28 21
0 29 0
0 30 0
1 18 3
1 1 9
1 17 7
1 19 3
1 15 7
1 5 5
1 8 0
1 20 2
1 10 1
1 3 8
1 16 7 10
1 11 1
1 4 5
1 7 5
1 2 8
1 6 5
1 13 6
1 14 7
1 0 9
1 12 4
1 9 1
0 21 7
0 22 11
0 23 5
0 24 0
0 25 9
1 3 13 8 4
1 4 13 0 15
1 9 11
1 8 11
1 5 1 2
1 2 7 5
1 6 10
1 7 11
1 1 9
1 0 4 3 6 12
0 10 13
0 11 6 14 16
1 2 3 16
1 7 7 12
1 9 11 1 10
1 0 13
1 6 9 0
1 10 6
1 8 9 4 14
1 4 8
1 3 3
1 5 2
1 11 6
1 12 9 5
1 1 3
1 13 11
0 14 17 15
0 15 8
0 16 3
1 1 19
1 9 10 5
1 7 4 3 24
1 3 9
1 0 17
1 8 25 29 32
1 10 21 2 27
1 11 0 22 30
1 6 0 6 15
1 14 12 7 11
1 5 1 18 31
1 13 8 16
1 4 20 13
1 2 14 23
1 12 26
0 15 33
0 16 12 28
0 17 11
1 22 7
1 8 23 14
1 23 15
1 12 26 6
1 10 25
1 3 4
1 5 10 30
1 26 8
1 20 22
1 9 25
1 27 24
1 25 13
1 19 22
1 18 1
1 7 5 12
1 6 10
1 24 15 29
1 0 16 31
1 13 0
1 1 5 17
1 2 26
1 17 8 27
1 14 9
1 4 21 18 20
1 16 2
1 15 24 3
1 21 7
1 11 16 11 19 28
0 28 16
0 29 0
0 30 33
0 31 7 34
0 32 32
0 33 1
1 15 8
1 20 18
1 19 18 23
1 9 15
1 4 10
1 5 15 5
1 25 3
1 22 13
1 27 17
1 17 1
1 7 9
1 26 17 21
1 16 1
1 24 3
1 10 15
1 23 19 14
1 2 11 22
1 0 12
1 6 7
1 18 19 4
1 11 0 6 16
1 1 11 24
1 21 17 20
1 14 8
1 28 2
1 13 0 25
1 3 10
1 12 0
1 8 15
0 29 9
0 30 15
0 31 16
0 32 15
0 33 11
0 34 2
1 9 15
1 11 25
1 19 11
1 17 10 2
1 5 21 27 31
1 1 18
1 2 7 0 17
1 6 22
1 10 24 8 28
1 7 22
1 4 18 15
1 3 7 26
1 0 19 30
1 16 3
1 12 6 5
1 8 12
1 14 1
1 18 16 13
1 15 1 4 9 20
1 20 10
1 13 10 14 23
0 21 4
0 22 15
0 23 1
0 24 9
0 25 8 29
1 3 14
1 16 13
1 15 8
1 19 16
1 22 1 2
1 21 10
1 7 17
1 6 17
1 25 0
1 18 1 5
1 24 1
1 20 16
1 10 6
1 17 13
1 5 14 21
1 12 7
1 23 3
1 4 14
1 1 12 18
1 0 11
1 11 6
1 8 7 15
1 9 8 4
1 13 0 9 19
1 2 12
1 14 8
0 26 8
0 27 20
0 28 3
0 29 13
0 30 16
0 31 11
1 17 14
1 16 10 8 9
1 12 4
1 15 13
1 6 7 3 20
1 7 6 2
1 8 7 24
1 9 14 1
1 10 5 0 19
1 2 6
1 14 17 25
1 0 12
1 1 6
1 11 4 11
1 3 5
1 4 21 26
1 13 15 18
1 5 4 16
0 18 7
0 19 16
0 20 23
0 21 8 22
1 10 8
1 1 14
1 14 11 25
1 8 8 12
1 12 11
1 4 21 1
1 3 14
1 9 8
1 19 23 0 18
1 21 15
1 13 11
1 11 3 4 13
1 0 14
1 17 17 27
1 18 17
1 5 21
1 2 20 19
1 16 2 7 9
1 20 3 6
1 15 22 10 24 26
1 7 5 16 28
1 6 5
0 22 4
0 23 5
0 24 10
0 25 7
0 26 0
1 21 8 0
1 3 10 28
1 20 13 16
1 14 21 4 20 29
1 15 27
1 5 19 32
1 22 11
1 6 17 15
1 10 1 5 22 34
1 18 12
1 16 11 3
1 13 18 31
1 9 15
1 8 10 33
1 1 17 30
1 23 14 7
1 7 17 6
1 17 12
1 19 27 9
1 2 23
1 0 17
1 4 23
1 12 1 24 25 26
1 11 2
0 24 4
0 25 15
0 26 23
0 27 6
0 28 11
1 27 7 0
1 7 22
1 10 8
1 13 17
1 16 10
1 12 17
1 8 8 27
1 26 19
1 20 4
1 28 16 23
1 5 14
1 24 19 24 26
1 21 2
1 22 2
1 23 10 13
1 6 14
1 25 19
1 2 21
1 14 17
1 4 1
1 9 1 11 20
1 19 7 6
1 0 5
1 3 12
1 15 10
1 18 4
1 11 10 3 9
1 17 15
1 1 18
0 29 18 25
0 30 8
0 31 15
0 32 9
0 33 17
0 34 20
1 21
1 4
1 17
1 7
1 16
1 0
1 14
1 18
1 9
1 8
1 13
1 11
1 3
1 22
1 5
1 15
1 20
1 10
1 1
1 19
1 12
1 2
1 6
0 23
0 24
0 25
0 26
0 27

