6
23 35 26 23 8 27 
1 0 14
1 4 18
1 5 1 7 15
1 1 8 34
1 3 8 25
1 2 8
1 6 1 6 9 29
1 15 11 5
1 10 18 10 26 33
1 16 19
1 9 16 0 30
1 12 21 4 22 27
1 8 8 3 12
1 18 13
1 7 8 28
1 17 2
1 13 24
1 11 17 20 31 32
1 14 23
0 19 19
0 20 21
0 21 17
0 22 2
1 4 15 11
1 2 15
1 24 9
1 15 19
1 6 8 22
1 16 19
1 9 14 12
1 10 20
1 1 15
1 14 2 6
1 5 8
1 28 18
1 13 2 21
1 26 16
1 0 1
1 12 14
1 17 16 13
1 8 17
1 7 17 23
1 23 9
1 22 9
1 27 0
1 20 19 3
1 21 14 4
1 19 10
1 3 8
1 25 7
1 11 20
1 18 5 25
0 29 7
0 30 24
0 31 20
0 32 15
0 33 11
0 34 24
1 18 5
1 0 8 21
1 9 7 22
1 17 1
1 19 5
1 12 4
1 11 12
1 15 6
1 2 17
1 14 2
1 13 4
1 3 15
1 4 18 13 19
1 6 0
1 8 14
1 1 11
1 16 6
1 5 3 16
1 20 5 20
1 10 10
1 7 9
0 21 12
0 22 6
0 23 18
0 24 0
0 25 18
1 8 1
1 17 5
1 15 4
1 4 3
1 14 4
1 18 5
1 16 5
1 11 0 7
1 0 3
1 9 2
1 12 0
1 1 3
1 13 4
1 5 1
1 10 2
1 3 3
1 7 1 6
1 2 3
1 6 1
0 19 1
0 20 2
0 21 0
0 22 1
1 3 14 1 11 17 25 26
1 1 4 3 9 19
1 2 0 2 12 22
1 0 21 10 18
1 4 8 13 15 16 24
1 5 20 5 6 7
0 6 0 23
0 7 6
1 7
1 10
1 8
1 3
1 4
1 18
1 19
1 20
1 14
1 5
1 0
1 11
1 9
1 15
1 12
1 16
1 17
1 13
1 1
1 6
1 21
1 2
0 22
0 23
0 24
0 25
0 26

