20
20 27 12 18 26 35 31 26 12 17 18 34 35 26 32 22 27 29 35 28 
1 10 17 18 1 9 5 3
1 1 7 15
1 2 1 7 21 12 5
1 9 1 8 19
1 4 4 20 3 8 17 0 19 26
1 12 9 10 14 21 13 19 18 2 16 22
1 0 1 18 0 9
1 5 16 3 17 5 21 0 26
1 6 16 12 15 13
1 14 11 13 9 4
1 8 19 2 5 8 13 20 16
1 3 16 4 0 21 19 13 23
1 7 0 1 9 18 14 10
1 13 11 9 12 20 21 25 15
1 15 6 14 8 11 15 23
1 11 9 16 17 1 0 19 14 21
0 16 17 19
0 17 24 4
0 18 5
0 19 24
1 0 9 7
1 11 9 7 8 0 5
1 10 9 6
1 6 1 2 4 9
1 1 7 9 4 3 0 11
1 2 2 1 6 9 7
1 15 3 4 1
1 5 6 4 7 9 3 11 10
1 20 5 4 9 8 0
1 21 5 3 8 7 10
1 9 8 2
1 19 1 2 3 5 8 9
1 4 4 6 0 9
1 16 7 3 1 5 9
1 17 1 8 4 6
1 8 3 4 6
1 14 8 5 3 2 0
1 18 4 5 0 3 8
1 7 8 5 7 2 4 0
1 3 0 9
1 12 4 8 6 10 0 11
1 13 6 2 8 1
0 22 7
0 23 9
0 24 11
0 25 5
0 26 5 8
1 2 13 0 11 10
1 7 1 12 14 9 7 4 15 3
1 1 10 1 9 13
1 6 13 12 3 1 9
1 3 0 11 8 14 1 16
1 9 4 6 2 9 8 10
1 4 8 2 3 11 10 1 6 17
1 0 6 7 10 3
1 8 5 9 13 3 2 8 12 17
1 5 14 9 4 2 10 7
0 10 3
0 11 3 14
1 5 6 13 21
1 0 10 14 20 12
1 8 0 15 11 8 17 19 23 24
1 9 7 5 8 16 2
1 12 8 9 19 0
1 6 17 5 10 8 12 0 14 9 16
1 4 18 4 9 14 10
1 7 17 19 4 7 15 12 0
1 10 3 9 14 1 5
1 14 3 1 15 7 9 6
1 1 18 4 13 20 17
1 13 8 9 7 21
1 11 11 15 18 8 3 22
1 3 16 2 13 14 0
1 2 12 11 2 14 10 25 5
0 15 2
0 16 12
0 17 7 20
1 15 1 7 21 11
1 19 10 16 17
1 7 11 6 14 18 8
1 20 19 0 13 11 16 31
1 5 0 22 26 2 18 6
1 8 2 12 14 3 23
1 14 25 7 2 30
1 13 24 9 15 16 21 28 3
1 18 5 4 13 20 28
1 16 21
1 11 0 19 21 23
1 1 12 25 22 18 20 2 10 30
1 6 28 23 27 15 32
1 3 0 14 17 26 10
1 0 8 3 14
1 17 12 13 20 29 33
1 10 15 27 6 21 7 4 5
1 4 10 0 20 25 3
1 9 2 9 26 4 12 1
1 12 0 20 17
1 2 27 18 24 19
0 21 9
0 22 34
0 23 20 13 8
0 24 6
0 25 14 33
1 24 7 0
1 11 2 5 17
1 23 17 3
1 8 21
1 21 20 19 1 0 29 4
1 16 12 3 4
1 22 21 16 0 10
1 13 1 2
1 1 15 4
1 4 6 13 19
1 9 13 19
1 26 7 0 23
1 27 16
1 18 15 3 19
1 7 15 12 5
1 5 4 18 15 2 11
1 28 10 2 20
1 19 6 8 16
1 3 22 11 14 7
1 10 23 5 9 15
1 6 20 24 15 11
1 17 19 17
1 0 4
1 12 23 22 15 21
1 20 14 26
1 14 10 4 12
1 2 5 9
1 15 1 6 18 23 17
1 25 23 9
0 29 8 17
0 30 16
0 31 25 30
0 32 27
0 33 6 28 22
0 34 5
1 24 10 11 0
1 4 20 1
1 18 3 10
1 19 19 18
1 1 12 7
1 0 13 12 17 23 9
1 5 13 0 17
1 9 8 16 12 4
1 23 6 11
1 11 8 17 2 12 16 22
1 12 3 7 10 12
1 2 16 15 17 0
1 20 10 8 19
1 7 19 12 5 0 11 8
1 15 4 9 11 14 0
1 8 8 5 20
1 17 11 3 15
1 14 16 4 3 18 13
1 16 18 0 1 14
1 13 15 14 16 0 18 19 4 17 12
1 21 2
1 10 16 3 4 10
1 3 20 5 2
1 22 6 14 8
1 6 9 17 18 24
0 25 3 11
0 26 25
0 27 21 22
0 28 4
0 29 18
0 30 11
1 17 3 9 1
1 7 9 3
1 15 7 3 0
1 18 3 7 2
1 10 7 1 4 5 10
1 0 5 7 4 6
1 12 0 6 3 8 9
1 3 2 5 0
1 20 1 2 9
1 5 8 3 5 4 0 6
1 11 7 5 2
1 19 1 8 7 9 4
1 8 5 8 3 9
1 2 5 8 9 6
1 14 8 4 9
1 4 5 0 4 2 7
1 1 6 4 5 8
1 6 7 4
1 16 9 0 8 7 1 6
1 13 4 7 8 0
1 9 1 9 4 6
0 21 8
0 22 0
0 23 11
0 24 2
0 25 1 10
1 3 13 8 4 7 3
1 9 13 0 3 2
1 7 11 10 3 12 2 1 13
1 5 11 2 7 12 6
1 1 1 2 12 13 5 14 8
1 0 7 5 4 13 1 6 14 15
1 4 10 5 9 8 6 4 1 0
1 6 11 3 4 6 5 2
1 8 9 0 2 8 1 3 10 13 12
1 2 4 3 6 12 0 7
0 10 16 1 4 8 13
0 11 11 4
1 9 3 14 0 6 8 4 5 2
1 7 7 12 11 3 10 15
1 12 11 1 10 3 13 14
1 10 13 14 3 11
1 3 9 0 11 12 14 10 3 8
1 4 6 8 12 1 4
1 2 9 4 14 10 17
1 6 8 13 12 4 11
1 8 3 4 5 7 0 6 9
1 5 2 13 1 8 7 11 10 6
1 11 6 10 5 7 11 12 2 13
1 13 9 5 10 7
1 1 3 8 1 4 5
1 0 11 4 6 2
0 14 0 16
0 15 14 12
0 16 1 17 14
1 9 19 27 26 12
1 12 10 5 7 9 2 18
1 0 4 3 24 5 7 11 20
1 2 9 13 12
1 6 17 27 14 5 11 20 12 21 15 16 29
1 14 25 15 7 13 16 28
1 4 21 2 27 3
1 13 0 22 18 31
1 3 0 6 15 4 20 31
1 1 12 7 11 23 1
1 5 1 18 9 0 4 10 8 6
1 7 8 16 32
1 8 20 13 22 21 30 26
1 10 14 23 26 12 20 15
1 11 26 11 10 9 14
0 15 33 30 10
0 16 18 28
0 17 11 29
1 3 7 27
1 18 23 14 25 1 9 28 3
1 24 15 1
1 7 26 6 14
1 8 25
1 1 4 31 22
1 11 10 27
1 14 8 7 0
1 0 22 11 4
1 21 25 16
1 10 24 26 2
1 6 13 11 25 34
1 2 22
1 9 1 11 15
1 16 5 12 25 15
1 15 10 14 29
1 26 15 33
1 27 16
1 25 0
1 17 5 17 21 6 18
1 19 26 18 3
1 4 8 27 13 32
1 22 9 19 23 13
1 13 21 18 20 9 8 34
1 5 2 26
1 20 24 3 14 30
1 23 7 1 9 16 19 10 25
1 12 16 11 19 28 4
0 28 21
0 29 4
0 30 13
0 31 3
0 32 15
0 33 17
1 22 8 12 2 14 13
1 20 18 3 1 12 10 8
1 13 18 11 17
1 26 15 8 18
1 3 10 9 12 7
1 14 15 5 20
1 17 3 0 2
1 11 13 10 6 20
1 9 17 10 3 5
1 15 1 2
1 24 9 4
1 1 17 0
1 16 1
1 12 3 15 17 7
1 7 15 9
1 23 19 14 20
1 27 11 18 3 2
1 8 12 11 23
1 21 7 18 2 11 6
1 25 19 4 0 5
1 5 0 6 16 8 17
1 19 11 14 2
1 4 17 20 0 19 12 5
1 28 8
1 18 2 15
1 10 0 16 5 14
1 2 10
1 0 0
1 6 15 6 20 12
0 29 6 22
0 30 25
0 31 24
0 32 21 11
0 33 4
0 34 12 5
1 0 15 7
1 10 25 6
1 13 11 21 3 16 9 26
1 18 10 2 5 8 9 21 18
1 19 21 9
1 16 18 21
1 11 7 0 17 18 10 1 31 2
1 7 22 13
1 15 24 8 10
1 6 22 0 24 16 14 5
1 3 18 15 17 3
1 9 7 5 19
1 5 19 22 2 13
1 14 3 1 18 5 19 11 12
1 12 6 5 17 24 14 9 27
1 8 12 1 7 30
1 2 1 13 21 7 8
1 1 16 13
1 17 1 4 9 20 5 17 8 24
1 20 10 11 5 21 20 4 23
1 4 10 14 23 3 13 15 28
0 21 1 24
0 22 23 28
0 23 1
0 24 17
0 25 29
1 16 14 0 12
1 0 13 4
1 11 8 3 5 2
1 3 16 11 3 2 17
1 24 1 2 16 10 20
1 19 10 1 11
1 5 17 15 6 4
1 6 17 6
1 20 0 6 10 18
1 23 1 5 14
1 18 1 17 16
1 21 16 7 6
1 25 6 19 21 13
1 9 13 11 14 10
1 8 14 13
1 4 7 4 14 17
1 2 3 13 9 14
1 14 14 11 5
1 15 12 14 1 13 0
1 7 11 16 12 9
1 22 6 16 5
1 12 7 15
1 10 8 4 6
1 13 0 9
1 1 12 13 0
1 17 8 9 1 0 2 18 5
0 26 17 15
0 27 4
0 28 3
0 29 7
0 30 9
0 31 7
1 7 14 5 8 2
1 17 10 8 9 0 15
1 11 4 14 21
1 4 13 1 3 21 6 0
1 3 7 3 20 6 19 26
1 12 6 2 21 22 23 13
1 15 7 21 8 9
1 9 14 1 7 8 15 19
1 6 5 0 19 26
1 10 6 14 11 13 17
1 16 17 5 9
1 1 12 24
1 5 6
1 2 4 11 14 13 16 6
1 13 5 15 7
1 8 21 11 7 20 19 12 18 25
1 14 15 18 20 17
1 0 4 16 18 25
0 18 4
0 19 20 22
0 20 7
0 21 10
1 14 8 3 21 18 1 23
1 10 14 13 20 2 28
1 6 11 0 8 21 4
1 1 8 12 10 20
1 3 11 20 8
1 12 21 1 18 20
1 9 14 19 2 8 26
1 8 8 1
1 13 23 0 18 25
1 17 15 7 8 23 4
1 16 11 9 17 16 18
1 18 3 4 13 5 16 21 17
1 7 14 17 12 8 22
1 0 17 6 4 0
1 11 17 21 16 13 2
1 20 21 14 18 15 25
1 2 20 19 0 8 17 13
1 19 2 7 9 16 14 21 15
1 4 3 6 8
1 5 22 10 0 9 14
1 15 5 16 0
1 21 5
0 22 6 27
0 23 8
0 24 5 16
0 25 25 24 27
0 26 13
1 4 8 0 22 21
1 7 10 28 14
1 9 13 16 12 26 14
1 11 21 4 20 9 25
1 14 27 11 4 7 6
1 22 19
1 0 11 0 34
1 19 17 15 7 3 11
1 13 1 5 22 19 32
1 20 12 22 10 18
1 1 11 3 24
1 10 18 13 20
1 8 15 17 0
1 18 10 30
1 17 17 13 9
1 21 14 7 20 22
1 15 17 6 1 13 19 10
1 5 12 8 5 13 25
1 23 27 9 8
1 2 23 11 12
1 6 17 4 12
1 16 23 3 9 15
1 3 1 24 25 26 10
1 12 2 4 27 31
0 24 12 20
0 25 32
0 26 22 29 33
0 27 6
0 28 6
1 2 7 0 3 10 2
1 16 22 19
1 21 8 6 5
1 13 17 19
1 9 10 22 2 15
1 5 17 12
1 23 8 5 11
1 27 19 16
1 3 4 7 17
1 28 16 19 1 13
1 19 14 23
1 7 19 8 9 20
1 15 2 17 11 4
1 17 2 6 4 11 12 16
1 14 10 13 22 17
1 26 14 1 6 5
1 18 19
1 11 21 3 14 1 11 19
1 8 17 5 7 24
1 22 1 18
1 24 1 11 20 22
1 10 7 6 20 5 17 10 18
1 25 5 27
1 6 12 3 22
1 0 10 21 9 0
1 12 4 14 25 26
1 1 10 3 9 7
1 20 15 19 25
1 4 18 0 19 10 8 4
0 29 15
0 30 6
0 31 4
0 32 16
0 33 0
0 34 9 12
1 0
1 21
1 8
1 4
1 6
1 17
1 18
1 5
1 11
1 1
1 3
1 19
1 9
1 20
1 15
1 16
1 22
1 7
1 10
1 14
1 12
1 2
1 13
0 23
0 24
0 25
0 26
0 27

