20
20 48 42 20 48 40 21 12 42 20 20 40 8 44 26 34 16 16 45 12 
1 8 2 3 9 24
1 5 13 5 19 25 26 30
1 3 20
1 9 7 8 12
1 4 16
1 11 2 34
1 6 27 29 38
1 2 17 23 28 37 46
1 7 11 0 6 15 21 42 43
1 0 1 18
1 10 7 10 36
1 1 4 14 22 31
0 12 44 39
0 13 1 33 35 47
0 14 45 32 40 41
0 15 12
0 16 5
0 17 10
0 18 13
0 19 21
1 20 8
1 8 7 16
1 28 2
1 24 15
1 0 22 41
1 16 15 0 3
1 19 9 23
1 29 24
1 13 7 13 17
1 26 2
1 22 15 21
1 25 2
1 27 2
1 14 25 4
1 15 9
1 3 5 33 36
1 11 14
1 9 12
1 4 19
1 18 20 11
1 10 12
1 21 8
1 5 19
1 1 22
1 2 25 30
1 6 18
1 7 10 35
1 12 7
1 17 6
1 23 1 32
0 30 18
0 31 24 38
0 32 14
0 33 27
0 34 14 39
0 35 0 37
0 36 31
0 37 8
0 38 2
0 39 27
0 40 28
0 41 17
0 42 25
0 43 34 26
0 44 31
0 45 7
0 46 17 29
0 47 40
1 1 3
1 22 1
1 24 1
1 20 2 17
1 21 1
1 3 10
1 15 7
1 11 4
1 18 0
1 13 9
1 7 8
1 16 11
1 8 5
1 12 4
1 9 5
1 23 1
1 4 6
1 10 5 12
1 6 8
1 5 8
1 14 9
1 19 0
1 0 3
1 17 11
1 25 1
1 2 3 16
0 26 14
0 27 8
0 28 15
0 29 7
0 30 4
0 31 0
0 32 2
0 33 7 19
0 34 13
0 35 2
0 36 0
0 37 1
0 38 18
0 39 9
0 40 10
0 41 15
1 9 27 11 23 36
1 11 10
1 10 6
1 0 0 41
1 5 21 1 8 13 19
1 4 12 9 32 35 37
1 2 17 5 7 16 22 26
1 7 15 29 40
1 3 10 4 38 44 47
1 6 25 2 20 28 46
1 1 0
1 8 18 3 14 24 31 42
0 12 33
0 13 25
0 14 26 30
0 15 45 43
0 16 9 34
0 17 39
0 18 19
0 19 27
1 6 11
1 21 7
1 14 23 6
1 26 21
1 1 12
1 8 4
1 23 16
1 12 13
1 7 11
1 22 16
1 24 9 35
1 18 23
1 4 24
1 11 17
1 27 21
1 5 4 2
1 17 23 28
1 0 20
1 3 15 25 38
1 10 5
1 25 21
1 19 19
1 13 0 1
1 29 10 26
1 20 7
1 2 12 37
1 9 22 3
1 16 17 14 39
1 15 8
1 28 18
0 30 27
0 31 20
0 32 5
0 33 33
0 34 27 32
0 35 36
0 36 4
0 37 18
0 38 34 31
0 39 22
0 40 7
0 41 34
0 42 29
0 43 30
0 44 8
0 45 14
0 46 4
0 47 23
1 8 12
1 19 5
1 4 7
1 2 1
1 7 2
1 9 0
1 13 8
1 17 4
1 14 8
1 21 5
1 24 6
1 6 7
1 1 9
1 11 0 3
1 18 4
1 3 1
1 20 5
1 10 0
1 23 6
1 16 10
1 0 9
1 22 5
1 12 11
1 15 8
1 5 7 14
0 25 11
0 26 4
0 27 10
0 28 10 13
0 29 5
0 30 17
0 31 15
0 32 16 19
0 33 10 20
0 34 0
0 35 18
0 36 8
0 37 0
0 38 18
0 39 5
1 5 0
1 1 6
1 3 0
1 6 1
1 10 3 11
1 11 5
1 12 5
1 2 2
1 8 3
1 0 6
1 9 3
1 7 4 10
1 4 0
0 13 1
0 14 5
0 15 3
0 16 3
0 17 7 9
0 18 6
0 19 2
0 20 8
1 2 12 1 2 8 13 22
1 3 9 0 17 25
1 1 20 4 10 14 27 28 41
1 5 20 18 24 34
1 4 9 3
1 6 6 5 15 19 36
1 0 11 7 16 21 23 37 39 40
0 7 13 33
0 8 30
0 9 8 31 35 38
0 10 19
0 11 19 26 29 32
1 0 10
1 2 10 12
1 7 11
1 8 0
1 13 2
1 16 1 7
1 24 9
1 10 2
1 17 3
1 18 8
1 4 10
1 11 2
1 12 2
1 23 4
1 14 2
1 22 6
1 1 10
1 6 0 5
1 20 8
1 15 2
1 9 0
1 21 6
1 3 10
1 5 1
1 25 9
1 19 8
0 26 17
0 27 1
0 28 11
0 29 3
0 30 15
0 31 5
0 32 9 16
0 33 9
0 34 19
0 35 14
0 36 2
0 37 18
0 38 13
0 39 7
0 40 9
0 41 14
1 4 10 3
1 1 11
1 5 6 12
1 6 0 7
1 9 0
1 2 6 4
1 8 1 5 15
1 10 0 14
1 7 1
1 11 0
1 0 8 9
1 3 11 2
0 12 0
0 13 8
0 14 2 13
0 15 19 16
0 16 19
0 17 9
0 18 1 18
0 19 10 17
1 11 12 4
1 9 15
1 7 24 5 10
1 3 16 25
1 1 21 8 11 14 18 33
1 10 19 1 17
1 6 19 2 34
1 5 21 13
1 0 9 22 23 26 30
1 4 15 6 20 28
1 8 3 7 36 37
1 2 21 0 38
0 12 23 27
0 13 21
0 14 19 32
0 15 4
0 16 19 29 35 39
0 17 17 31
0 18 11
0 19 16
1 15 4
1 23 1
1 3 2 5
1 11 4
1 24 1
1 14 4
1 13 4
1 21 1
1 5 3
1 0 2
1 8 3
1 6 3
1 17 4
1 20 0
1 7 3
1 18 0
1 10 4
1 16 4
1 9 4
1 22 1
1 2 2
1 4 2
1 1 2
1 12 4
1 19 0
0 25 0
0 26 3
0 27 3
0 28 6
0 29 4
0 30 0
0 31 4
0 32 0
0 33 3
0 34 7
0 35 1
0 36 2
0 37 3
0 38 4
0 39 4
1 3 23 1 5 8 9 13 15 16 19 22 32 33 35
1 4 14 0 6 29 30
1 0 23 10 18 26 28 37
1 1 7 2 3 11 12 25 31 36 40 43
1 2 21 4 17 20 24 27 39 41
0 5 1
0 6 16 38 42
0 7 5 34
1 4 9
1 24 12
1 20 4
1 5 6
1 12 11
1 0 2
1 19 15
1 21 10
1 10 2 5 8
1 25 7
1 2 9
1 8 1
1 1 9
1 26 7 20
1 22 13
1 16 14
1 17 14 21
1 14 3
1 15 14 18
1 13 11
1 23 12
1 18 15
1 9 1
1 6 6
1 3 9
1 11 11
1 7 3 0
0 27 7
0 28 13
0 29 17
0 30 8 25
0 31 16
0 32 10
0 33 16
0 34 14
0 35 5
0 36 4 19
0 37 17
0 38 22
0 39 14
0 40 24
0 41 23
0 42 13
0 43 9
1 0 1
1 5 20 2
1 1 1
1 7 15 26
1 11 6
1 10 12 14
1 3 17 0
1 15 4 32
1 4 3
1 2 3 19
1 12 6 29
1 6 9
1 14 4 5 16
1 13 6 25 27
1 8 18 7 10
1 9 11 8 13
0 16 22 24
0 17 5
0 18 31
0 19 23
0 20 7 33
0 21 18
0 22 21
0 23 8 30
0 24 28
0 25 4
1 3 0
1 1 4
1 9 9
1 6 6 1
1 20 2
1 12 9
1 15 3
1 13 5
1 7 6
1 8 7
1 19 2 13
1 16 3
1 11 9
1 17 3
1 18 8 12
1 10 9
1 14 5
1 4 0
1 2 4
1 0 4
1 5 0
0 21 9
0 22 15
0 23 7
0 24 5
0 25 11
0 26 1
0 27 0
0 28 9
0 29 3
0 30 10
0 31 10
0 32 15
0 33 14
1 1 6 10
1 2 6
1 9 9
1 7 9 2
1 0 7
1 6 9 1
1 3 0
1 4 6 8 13
1 8 3
1 5 4 5
0 10 15
0 11 2
0 12 4
0 13 12 14
0 14 0
0 15 11
1 3 2 37 42
1 4 10 17 23 24 31
1 7 3 21 39
1 8 11 0 6 26
1 6 16 1 5 15 33
1 1 8 4 13 14 25 32
1 2 2 20 43
1 0 18
1 5 27 19 22
1 9 7 9 12
0 10 2
0 11 15 34 38
0 12 8 35
0 13 23 40
0 14 26 29 30
0 15 44 28 36 41
1 12 4
1 4 0
1 11 4 7
1 20 2
1 1 0
1 7 6
1 22 2
1 25 1
1 13 3
1 26 1
1 8 6
1 27 1
1 21 2
1 2 0
1 3 0
1 24 1
1 19 2
1 14 3
1 0 5
1 17 2
1 10 4
1 16 3
1 5 6
1 9 6
1 15 3
1 6 6
1 23 2
1 18 2
0 28 3
0 29 0
0 30 3
0 31 10
0 32 5
0 33 0
0 34 4
0 35 1
0 36 9
0 37 6
0 38 6
0 39 8
0 40 11
0 41 8
0 42 11
0 43 8
0 44 11
1 1
1 6
1 5
1 4
1 3
1 0
1 2
0 7
0 8
0 9
0 10
0 11

