6
31 47 34 31 10 36 
1 17 14 15 23 25 6
1 1 18 17 28 26 15 11 24 35 39
1 15 1 7 15 25 20 13 22 41 38 11
1 5 8 10 24 9 0 44 1
1 18 8 25 23 27 1 7 39 2
1 13 8 14 12 19 5 9 11 18 37 15 7
1 12 1 6 9 11 4 27 2 29 34 37 33
1 2 11 5 1
1 4 18 10 26 9 24 8
1 6 19 17 27 13 3 10 1 36 9 24 44
1 8 16 0 12 24 14 28
1 10 21 4 22 27 1 13 12 17
1 0 8 3 12 1 21 10 35 22
1 3 13 14 1 0 18 31 4
1 9 8 28 21 0 20 7 11 24 25 46
1 11 2 7 17 4 23 26 28 24 40 41 5 38 35
1 7 24 4 15 3 14 11 7 18 26 46 2
1 14 17 20 7 22 9 21 5 23 24 15
1 16 23 8 21 27 32 39 31
0 19 46
0 20 14 2
0 21 8 30
0 22 17 33 46
0 23 7 5
0 24 2 42
0 25 45 42
0 26 9 2
0 27 31 27 45
0 28 38 43 29 31 16 42
0 29 25 26
0 30 2 43 44 10
1 1 15 11 17 14 26
1 4 15 9 0 6 24 26
1 21 9 12 0 19 16
1 10 19 0 7 12 32 15 9 1
1 19 8 14 18 4 9 27
1 14 19 17 10 12 0 2 7 4 30
1 8 14 12 13 1 17 21
1 18 20 1 10 7 17 18 13
1 15 15 18 12 2 6 4 0 5
1 20 2 6 10 3 14 12
1 2 8 17 4
1 11 18 7 5 16 3
1 12 2 18 20 15 17
1 13 16 15 12 2
1 25 1 18 14 9 20 31 28
1 5 14 2 11 13 0 16 26
1 9 16 13 5 7 12 9 14 22 0 20
1 7 17 14 2
1 6 17 5 0 9 16 15 26
1 22 9 2 16 1 15 12 32 3
1 27 9 19 12 7
1 3 0 11 18 7
1 28 19 3 12 5
1 24 14 4 2
1 16 10 11 18 16 25 6
1 23 8 3 5
1 0 7 19
1 26 20 14 27
1 17 5 6 3
0 29 5 26
0 30 11
0 31 3 25 8 2 10 17
0 32 9 2 32
0 33 21
0 34 28 0
0 35 3 16 19
0 36 21
0 37 29 19 27 14 15
0 38 13
0 39 2 18
0 40 33 8
0 41 18 8 7 32
0 42 3
0 43 23 21 8
0 44 29 20
0 45 29 30
0 46 10 31
1 4 5 18 24
1 16 8 1 15 18 2
1 14 7 14 6 13 8 15
1 17 1 9 4 10 12 0 16 29
1 18 5 1 14 9 29 21
1 9 4 6 12 18 11 29
1 5 12 0 17 5 15 18
1 0 6 14 18
1 8 17 3 7 8 1 2 5
1 12 2 9 7 3 10 5 15 14 19
1 15 4 2 15 1 8 16 9 17 12
1 2 15 16 18 0 2 3
1 10 18 13 4
1 7 0 18 1 3
1 6 14 0 13 18 15 6 7
1 3 11 16 12 30 6 9
1 13 6 5 13 3 25 26
1 1 3 16 0 23
1 11 5 6 7 24
1 19 10 7 13 1 12 21 23 22
1 20 9 27 16 6
0 21 25 19 23
0 22 13 10 12
0 23 15
0 24 14
0 25 1 7 12
0 26 15 27 13 3
0 27 14 27
0 28 5 27
0 29 5 15 14
0 30 22 28
0 31 20 1 22
0 32 26 2
0 33 0 13 6 3
1 5 1 5 3 4 2 0 6
1 15 5 2 0 3 1 8
1 0 4 1 0 5 2 7 6
1 7 3 1 2 4 0 5 8
1 16 4 0 2
1 9 5 0 3 2 4 1
1 8 5 3 1 0 4 2
1 11 0 5 4 2 1 3 8
1 13 3 2 1 4 5 0 7 8
1 18 2 1 5 9
1 17 0 2 1 4 3 5
1 6 3 5 2 4 1 0 8
1 10 4 0 5 1 2 3 6
1 14 1 3 5 0 2 8
1 1 2 1 5 0 4 8
1 12 3 1 5 4 0 2 7
1 2 1 5 2 3 4 7 0 9
1 3 3 1 4 5 2 8 9
1 4 1 5 3 4 2 8 9
0 19 6 2
0 20 4 7 6
0 21 1 7
0 22 6 5
0 23 5 0 3
0 24 9 7
0 25 4 1 0
0 26 6 7 0 4 3
0 27 7 5 3
0 28 0 3 4
0 29 3 7
0 30 0 5 8
1 3 14 1 11 17 3 4 13 6 10 5 2 20 8 19 9 12 21 18 0 25 30 32 31 23 34
1 2 4 3 9 19 15 14 18 10 1 6 0 12 11 13 17 8 7 2 20 21 5 29
1 5 0 2 12 18 4 16 15 7 5 9 8 14 13 3 10 20 21 1 24 34
1 4 21 10 18 17 8 16 2 13 1 20 4 7 0 5 3 24 28 33 19
1 1 8 13 15 16 20 7 12 5 2 6 1 3 17 18 0 9 11 22 25 28 32
1 0 20 5 6 7 17 9 12 19 15 0 10 1 14 8 11 18 22 34 13 30 33 32 26 31 3
0 6 10 26 21 19 32 30 20
0 7 8 23 27 29 26 15 19 33 32 2 3
0 8 35 31 34 10 24 19 29 4 1
0 9 16 33 13 12 11 28 21
1 7
1 8
1 17
1 18
1 20
1 6
1 0
1 3
1 9
1 12
1 15
1 1
1 13
1 19
1 16
1 4
1 14
1 2
1 10
1 5
1 11
1 21
0 22
0 23
0 24
0 25
0 26
0 27
0 28
0 29
0 30
0 31
0 32
0 33
0 34
0 35

