2
28 26 
1 2 5 10 13 16 7
1 4 16 19 17 13 3
1 12 8 2
1 11 17 12 7 4 8
1 22 15
1 6 9 5 17 18 24 25
1 1 9 13
1 13 1 2 11 9 5 17
1 7 2 14 16 10 21
1 19 6 1 5 4 3
1 17 18 3
1 8 17 4 16
1 18 0 2 15
1 5 18 13
1 3 20 7 19 5 13 2 23
1 15 16 12 3 20 0
1 21 15 4 1 12 8
1 0 19
1 20 8 6 22
1 10 11 8 10
1 9 16 8 5 18 13 15 20 2
1 16 11 4 18 5 3
1 14 1 14 16 18
0 23 4 5
0 24 4 1 15
0 25 21
0 26 15 17
0 27 22
1 17
1 18
1 9
1 14
1 15
1 8
1 20
1 2
1 12
1 4
1 3
1 13
1 16
1 1
1 10
1 19
1 6
1 5
1 11
1 0
1 7
0 21
0 22
0 23
0 24
0 25

