6
20 27 12 18 26 35 
1 4 2
1 5 0 8 21 23
1 3 9 13
1 11 15
1 0 6
1 13 17 14
1 1 10
1 12 16
1 2 19
1 10 7 18
1 8 1 24
1 7 5 12 22 26
1 6 20 11
1 9 4 3
1 14 17
1 15 7
0 16 15
0 17 25
0 18 25
0 19 4
1 15 9
1 12 7
1 5 0 11
1 9 3
1 16 9
1 14 8 4
1 0 6
1 21 5
1 10 7
1 1 6
1 3 2 10
1 11 7
1 6 0
1 7 3
1 19 9
1 17 9
1 18 9
1 20 1
1 13 7
1 4 2
1 8 3
1 2 6
0 22 4
0 23 7
0 24 9
0 25 3
0 26 4
1 2 13
1 8 4 12
1 1 13
1 3 5
1 5 9 8
1 9 11 2 6
1 0 0
1 4 13 14
1 6 7 17
1 7 1 3 10
0 10 14 16
0 11 15
1 0 17 16 18
1 12 8 24
1 10 1
1 8 0
1 9 0
1 2 9 15
1 14 10 25
1 5 7 2 21
1 6 13 20
1 4 19 4 5
1 7 13
1 11 0 11
1 13 1 3
1 1 14
1 3 12 6 22
0 15 12
0 16 1
0 17 23
1 15 15 33
1 16 14 27
1 13 4 12 32
1 20 16 29
1 8 11 20
1 9 9 31
1 7 0 17
1 10 11 28
1 17 5
1 3 18
1 19 2 8
1 18 5
1 6 6 21
1 14 14 22
1 2 7 13
1 5 23
1 0 1 3 24
1 1 10
1 4 11 25
1 12 19
1 11 0 26
0 21 28
0 22 10 30
0 23 24
0 24 24 34
0 25 18
1 14
1 0
1 26
1 1
1 19
1 24
1 9
1 5
1 27
1 15
1 3
1 12
1 20
1 6
1 22
1 23
1 28
1 11
1 7
1 16
1 13
1 10
1 21
1 8
1 2
1 4
1 17
1 25
1 18
0 29
0 30
0 31
0 32
0 33
0 34

