13
15 36 32 15 36 31 16 9 32 15 15 31 6 
1 1 6 11 17 12 20 7 3 16 0 4 24 10 18
1 4 21 12 26 5 4 27 0 24 28 11 20 7 1
1 9 2 21 9 5 15 28 4 14
1 8 7 15 19 8 1 13 5 18 22 6 0 9
1 6 27 4 8 1 2 7 28 29 33 35 16 13
1 0 23 1 10 22
1 3 6 0 13 7 21 17 11 24 22
1 2 2 28 10 0 23 1 7 29 5 4 31
1 5 13 10 14 24 28 1 3 15 22 33
1 7 20 5 25 0 1 22 29 13 21 9
1 10 7 3 18 4 15 11 21 12
1 11 16 9 22 29 10 11 21 27 3 13
0 12 17 30 32 34 27
0 13 28
0 14 2
1 8 0 3 18 29 8
1 5 7 1 15 3
1 12 23 9 25
1 15 21 1 22 16 15 31 14
1 21 21 12
1 9 17 13 16 25 23 22
1 4 18 1 0 23 28
1 11 8 10 12 20 5 9
1 26 7 6 2 26 30
1 25 2 8 26 3
1 14 15 5
1 16 22 2 1 13
1 1 15 23 24
1 24 9 13 21 18 24 6 22
1 17 24 1 2 19
1 18 7 23 11 5
1 29 2 19
1 6 15 6 4 10
1 22 2 7 14 6 22
1 10 2 1
1 2 25 10 18
1 20 9 4 11 24 14 0
1 23 5 16 0
1 3 14 23 24 10 18 21
1 0 12 3 10 14 15
1 27 19 7
1 28 20 22 16
1 13 12 21 19 4 10 22 13
1 7 8 24 15
1 19 19 12
0 30 0 27
0 31 23
0 32 1
0 33 23
0 34 16 17
0 35 29
1 19 7 1 11 9 3
1 2 0 10 5 9 11
1 20 1 3 8 4 9 14 0
1 5 1 5 8 11 6 3 0 2 9
1 4 7 8 4 6
1 16 6 7 9 10
1 18 3 7 6 9
1 15 1 2 11 13 5
1 13 1 7 8 10 11
1 24 2 9 3
1 1 1 2 8 9 11
1 23 10 9 7 6 3 13
1 6 7 5 9 6 12 3
1 12 4 6 5
1 3 0 4 2 11
1 8 9 5 6 4
1 14 8 2 3 0
1 11 11 8 10 3 13
1 7 5 10 11 1
1 21 4 3 11 7 2
1 25 5 2 3
1 22 1 7 2 8 3
1 17 6 5 9 10 1 8
1 0 5 6 11 12
1 9 8 5 1
1 10 8 4 1 0
0 26 4
0 27 0
0 28 4 2
0 29 8
0 30 6 9
0 31 11
1 2 13 23 19 21 12 4 11 8 18 3 14 1
1 10 19 1 0 24 12
1 6 8 5 2 28 6 27 7 13 25 14 0 1
1 11 1 7 9 3 17
1 8 8 12 20 24 28 0 29 33
1 5 10 9 22 12 24 21 27 11
1 3 6 4 17 18 26 25 30 32 35
1 7 27 18 17 29
1 0 10 11 16 8 5 4 2 19 3 13
1 4 6 2 3 14 29 19 4 27 22 15
1 9 0 26 12 7 8 28
1 1 21 15 25 5 26 0 12 16 19 31
0 12 2 19
0 13 34 18
0 14 1 19 12
1 28 7 10 8
1 25 2 8 20
1 5 10 14 9
1 27 10 13 21 8 6
1 7 20 22 19
1 8 15 9 23 3 19
1 21 18 17 9 13
1 26 11 23 12
1 22 7 4 21 22 5
1 14 23 5 4 18 21
1 15 21 14 13 18
1 0 12 27 0
1 24 4 10 11 8
1 3 16 6 12 28
1 11 13 17 24 9 16 3 7
1 16 11 0 18 14
1 1 16 15 24
1 19 9 11 2 15
1 13 23 12 4
1 2 24 2
1 18 17 1 2 24
1 4 21 3 24 4 16
1 9 4 3 7 17 5 10 26
1 20 23 12 21 1
1 23 20 6 21 0 14 1 17 30
1 17 15 20
1 6 5 2 20
1 29 21 1 9 25
1 12 19 6 4
1 10 0 12 2
0 30 4
0 31 8
0 32 1
0 33 29 25
0 34 12
0 35 0 13
1 17 3 7 12 0
1 24 10 9 2 5 3
1 9 4 9 2 7 11
1 2 8 6 12 11 5
1 11 2 0 1 6 10
1 3 9 10 12 6
1 16 12 10 5
1 20 5 9 7
1 22 7 3 5 2 4 0 10 9
1 13 1 3 7 5 12 11
1 12 2 0 8 10 6
1 23 0 2
1 5 8 11 1 9 0
1 21 4 0 5 9 2 6
1 0 8 9
1 10 5 2 4 12
1 1 6 12 11 7 4 8
1 14 7 1 4 0 14
1 8 9 3 12 11 7 2
1 6 0 8 6 1 9
1 15 4 5 3 7 1 11 8 9 6
1 19 1 10
1 7 5 12 6 4 2 10
1 18 0 11 3 12
1 4 6 9
0 25 14 8 5
0 26 9
0 27 5
0 28 5 8
0 29 15 13
0 30 12 9
1 11 3 1 6 0 5 4
1 5 3 2 6 1 4 5 0 8
1 7 1 6 5 2 4
1 12 0 1 5 6 3 2
1 6 4 0 1 3 5 2 7
1 10 0 3 5 1 4
1 1 6 3 4 0 1 2 7
1 3 0 6 5 2 4 1
1 2 1 4 5 2 6 0
1 8 3 6 4 5 1 0
1 9 5 1 3 4 0 6 8
1 4 5 2 1 3 4 6 0
1 0 2 4 0 1 6
0 13 7 0 1
0 14 0 8 7
0 15 5
1 1 23 5 7 8 16 18 3 11 24 22 19 14 1 9 2 12 6 25 27
1 4 9 4 6 24 23 19 7 5 10 25 22 14 16 12 0 11 20 3 13 15
1 2 21 13 17 19 12 14 2 18 5 7 6 16 15 4 24 3 0 25 30
1 5 1 25 17 22 24 13 12 11 3 18 19 4 0 29 26 16 27
1 0 10 3 11 18 15 9 13 2 6 4 25 16 7 26 29
1 6 12 0 2 14 20 21 19 10 11 5 13 23 16 1 4 17 25 7 28
1 3 9 15 22 7 11 10 6 16 14 23 20 4 21 13 17 19 24 26 30 31
0 7 23 7 25 16 12 26
0 8 19 27 22 0 3
1 24 2 1 9 3
1 17 4 9 6 11
1 4 7 11 12
1 1 0 2
1 18 1 0 8 9 2 6 7
1 11 10 5 4 2 9
1 2 10 2 6 4 8
1 8 11 7 0
1 7 0 8 4 7 10 3 9
1 3 2 7 11 9
1 6 1 4 8 11 7 5
1 15 9 10 6 11 2
1 23 2 1 0 6
1 9 3 7 2 9 6 14
1 25 8 11 10 1 0 5
1 16 10 11 9 14
1 13 2 1 6 10 8
1 14 2 5 8 3 0
1 0 4 7 2
1 22 2 10 1 5
1 21 6 4 3 5
1 5 10 1 2 0 9
1 20 0 5 3 4
1 12 8 3 6 4 9
1 10 2 7 3 4 9 5 8
1 19 0 7 3 1 5 2
0 26 6 9
0 27 4 7 14
0 28 6
0 29 3
0 30 12
0 31 13 14
1 5 1 5 0 4 7 8 11 2
1 9 5 7 9 2 10 8 6 11 4 0
1 1 0 1 8 9 4 5 3 10 6 12
1 8 10 2 3 0 6 8 11 5 13
1 0 3 1 5 9 10 8
1 11 10 7 4 3 5
1 10 10 8 3 0 2 6 11 9
1 2 11 0 5 3 9 10 2 13
1 3 6 10 8 0 2 1 14
1 7 0 9 5 6 11 3 12
1 4 0 8 6 1 4 5 7
1 6 6 4 0 5 1 11 7 8 2
0 12 13 0 2
0 13 6 3 14 10
0 14 8 13
1 0 12 13 21 18 23 2 9 22 19 24 15 6 11
1 3 24 12 6 8 0 11 17 23 15 29
1 7 19 2 14 10 3 24 18 17 0 13
1 8 23 0 4 16 3 11 20 7 13 10
1 4 12 20 2 21 6 18 8 28 1 7
1 5 22 3 7 10 20 24 23 16 1 19 9 14 17 18
1 11 8 11 10 1 18 0 7 5 14
1 10 12 6 20 10 13 7 24 15
1 2 15 1 5 6 22 3 11
1 1 24 17 3 9 14 18 25
1 6 16 18 10 11 12 6 13 19 27
1 9 21 9 20 7 17 0 10
0 12 26 4
0 13 21 22
0 14 30 27 12
1 17 3 2 4 1 0
1 14 1 0 2 3 4
1 18 1 4 2 3
1 2 0 1 2
1 11 0 4 1 3 5
1 16 0 4 2 1 3
1 12 0 1 2 4
1 23 4 3 0
1 21 4 2 1
1 4 1 2 0 3
1 24 2 4
1 22 4 2 1 0
1 3 1 0 2 3
1 15 4 3 2 0 1
1 20 4 3 1 2
1 6 1 0 4
1 10 3 4 0 1 5
1 13 2 3 1 4 0
1 5 3 2 1 0 5
1 9 3 0 4 1
1 19 4 3 1 2
1 1 0 3 1 5 4
1 8 3 1 4 0 5
1 0 0 1 3
1 7 4 0 1 3 2
0 25 5 3
0 26 0 4
0 27 4 1
0 28 0
0 29 5 1
0 30 3 1
1 1
1 0
1 3
1 2
1 4
0 5

