20
31 47 34 31 10 36 34 15 34 36 31 36 8 37 44 23 24 24 40 15 
1 12 8 18 26 19
1 14 2 9 8 3 0 7 43
1 3 24 22 19 16 7 21 32 36
1 18 17 3 18 30 29 15
1 11 23 14 28 10 12 8 2 9
1 10 10 3 11 13 14 23 25
1 5 5 18 15 9 26 22 41 24
1 4 13 6 25 28 18 24 22 27 32 41
1 13 21 4 13 23 25 19 3 11 45
1 0 13 25 23 32 19 5
1 7 27 16 12 3
1 8 2 0 1 4 13 19 15 24
1 2 26 15 10 24 39 38
1 15 25 2 6 5 10 28 4 34 15 16
1 9 16 1 23 9 28 24 18 22 40
1 1 12 1 6 11 27 9
1 16 2 18 16 26 35 44 8 5 6
1 6 19 20 0 25 22 32 12
1 17 7 0 26 20 14 31 45
0 19 17 33 37
0 20 12
0 21 23 42
0 22 40 0 29
0 23 40 29 36 18
0 24 44 39
0 25 4 18 31
0 26 40 38 39
0 27 12 16
0 28 2 34 12
0 29 27 43 15
0 30 28 46 20
1 23 1
1 3 14 3 2 17 16
1 24 16 3 1 15 7 5 2 18
1 25 17 2 15 0
1 27 17 16 31 21 28
1 10 9 15 7 10 2 12 24 6
1 16 9 10 16 1 18 4 13 29
1 21 0 20 30
1 2 19 12 13 3 17 1
1 6 14 13 11 10 2
1 11 10 5
1 14 8 13 9 5
1 13 7 20
1 1 20 13 3 2
1 19 5 17 2 11 9
1 9 19 15 20
1 4 18 4 14 19 32 10
1 12 10 13 18 4 27 6 26
1 28 16
1 15 10 11 2 16 4 26
1 18 0 12 17 13 26 28 7
1 20 4 11 0 9
1 0 18 19 3
1 22 6 20 17 11 16 7 3
1 8 17 2 19 6 3 5
1 5 1 12 28 33 23
1 17 4 15 10 11 25
1 7 20 11 19 6 13
1 26 0 17 5
0 29 33 12 6
0 30 20 24 8
0 31 17 24
0 32 14 2
0 33 8
0 34 28
0 35 29
0 36 25 14
0 37 10 7
0 38 16
0 39 10
0 40 14
0 41 23
0 42 10
0 43 22 27
0 44 21 25 15 13
0 45 30 32 3 11
0 46 8 17
1 19 15 6 18 23 2 0 16 8
1 12 18 9 4 1 12 6 13 0 2
1 8 0 9 8 17 21
1 1 14 13 3 12 8
1 13 11 13 9 18 3
1 14 6 1 9 7 4 22
1 16 3 18 9
1 17 5 7 9 1 22
1 15 10 7 18 9
1 5 9 14 0
1 4 2 4 9 6 12 10 16 25 22
1 7 14 0 18 1 16 8 2 3 19 25
1 2 8 9 16 12 13 23
1 11 15 14 7 3 26
1 6 10 14 4 7 30
1 18 11 16 6 5 25 15 4
1 20 9 6 13 8
1 10 9 1 2
1 9 12 15 17 3 9 10 0 24 28 30 26
1 0 17 4 14
1 3 18 4 7 0 2 14
0 21 11 27
0 22 15
0 23 29 30 20
0 24 22 23 10 2
0 25 3 1
0 26 22
0 27 10 20
0 28 1 26
0 29 27 16
0 30 2
0 31 29
0 32 17 20 29
0 33 27
1 2 3 0 2
1 11 4 3 5 0
1 1 1 5 0 2 7
1 12 2 5 3 4 1 7
1 3 3 0 1 2 9
1 17 1 4 5 3 9 7
1 18 3 4 1 6
1 14 1 0 4 3 7
1 8 0 3 5 4 1 2 7
1 13 5 0 3 1 4 6
1 6 2 5 0 4 1
1 16 0 4 3 1 6
1 5 0 1 5 4
1 0 5 3 2 0 1 6 7 4
1 7 0 5 1 2 3 4
1 10 4 1 5 2
1 4 0 1 5 3 2 4
1 9 2 4 1 0 3 7
1 15 1 0 3 4 2 9
0 19 8
0 20 3 0 4 5
0 21 2
0 22 7 8 6
0 23 5 1
0 24 7
0 25 7
0 26 2 5 4
0 27 6 5 0
0 28 7 1 5
0 29 5 8 9 1
0 30 1 0
1 1 12 5 9 13 16 17 18 21 2 0 14 15 8 10 19 11 26 30 20
1 4 8 6 10 15 5 3 13 11 2 21 7 16 0 1 19 29 35 25 23 24
1 0 8 0 20 4 12 16 21 6 19 13 9 10 1 5 22 25 33 30 27
1 3 2 4 19 7 1 15 10 8 6 20 9 14 18 32 25 28
1 5 14 1 3 7 11 19 21 9 13 10 18 6 16 12 5 17 0 34 2 28
1 2 14 0 4 20 12 1 21 3 17 18 16 7 15 8 11 34 25 5
0 6 24 35 14 22 11 23 5
0 7 5 18 26 3 33 4 2 25 14 21
0 8 20 23 28 11 17 21 19
0 9 27 31 4 24 32 30 18 19
1 1 12 13 20 19 4 9 2 30
1 20 7 3 9
1 7 12 13 18 6 10 1 16 8 0 31
1 21 7 1 18 6 10
1 10 3 10 6 8 20 22
1 17 9 1 3 11 20 7 10 27
1 15 13 19 10 5
1 13 4 10 14 18 3 11 27 33 8 29
1 2 3 19 8 15 16 9 24 28
1 12 0 11 5 2 14 10 17 26
1 18 8 5 18
1 19 7 19 17 11 31 26 1
1 6 4 11 16 7
1 4 16 11 19 4 6 22
1 9 18 3 8 16 0 9 12 14
1 16 17 11 3 12 4 0
1 3 17 1 14 7 16 15 20
1 14 0 11 5 19 2 29
1 11 6 5 10 16 4 28 31
1 0 12 8
1 5 15 2 7 3 6 21
1 8 20 4 5 14 11 18
0 22 21 24 0 19
0 23 25
0 24 29 0 33
0 25 15 13
0 26 4 22 11 10 16
0 27 1 20 10
0 28 29 33 22 11
0 29 1 25 9
0 30 20 22
0 31 6 22 18
0 32 26 23 11
0 33 26 30 0 21 15
0 34 32 14
0 35 25
1 7 2 3 4 1 5
1 17 7 6 0 10
1 9 4 8 6 3 12
1 16 4 6 5 12
1 5 8 0 2 4 5 13
1 20 4 2 1 0
1 8 0 2 3 7 4
1 12 8 5 0 7 6 14 11 1 4
1 3 2 4 3 8 1 0
1 13 1 5 4 2 13
1 19 5 2 7 13
1 14 1 4
1 10 1 3 7 4 0 13
1 0 0 8 3
1 2 3 5 6 12
1 1 5 4 0 1 9 11
1 6 5 0 3 7 2 1 12 6 14
1 18 1 6 3 2 4 7
1 15 1 0 2 6 7 8 5 11
1 11 0 4 8 6 10
1 4 7 8 1 0 5 6
0 21 5 3
0 22 6
0 23 9 4 13
0 24 10 11 9 13
0 25 0 11
0 26 9 8
0 27 10 5
0 28 6 0
0 29 5 9
0 30 13 5 1
0 31 0 3 12 4 8
0 32 4 6
0 33 4 1
1 1 15 2 19 6 1 5 8 9 3 0 7 30
1 5 6 15 0 9 17 4 14 8 3 20 19 12 5 28 10
1 7 15 20 2 14 7 12 3 17 6 4 32
1 0 7 18 4 8 5 9 11 13 1 20 21 23 29 26 31
1 4 18 4 9 17 8 6 16 3 10 33 1 26
1 2 13 1 8 10 6 12 19 4 11 26 31 2 18
1 8 16 12 14 17 8 3 2 0 10 20 1 6 21 23 11
1 6 20 0 3 5 9 11 6 13 17 15 12 14 22 24 25 32 4
1 3 16 9 0 12 13 5 8 15 18 20 3 14 24 4 6 25 28 10
0 9 10 0 7 28 16
0 10 14 28 0
0 11 16 27 1 18 0 9
0 12 2 30 26 17
0 13 14 0 1 16 12
0 14 0 25 7 33
1 20 14 21
1 3 20 13 11 12 21
1 17 8 4 15 16 30 24
1 14 14 10 0 15 5 33 4 27 11
1 11 19 17 10 2 26
1 12 13 2 3 14 16 19 30 27
1 16 20 15 14 7 13 12 28
1 2 6 2 11 18
1 7 20 12 6 10
1 4 18 11 16 9 6 5 33
1 15 20 3 16 21 10
1 9 10 9 20 18 0 7 4
1 19 1 17 14 3
1 8 5 19 3 17 10
1 18 21 14 3
1 6 19 1 10 0 22
1 5 7 13 8 18 32
1 13 6 2 16 21
1 10 16 10 13 26 23
1 0 21 11 6 19 5
1 1 19 0 6 9 31 2 14
0 21 27 29 5
0 22 23 13 29 32
0 23 27 26
0 24 1
0 25 8 7
0 26 29 34
0 27 32 26 18
0 28 0 28 34
0 29 15 8
0 30 22 25 35 5 0 7
0 31 8
0 32 5 24 31 23
0 33 29 22 34
1 8 4 15 6 8 10 7
1 10 1 13 11 12 14 4 24 2 29 8 9
1 14 3 10 8 11 7 19 2 17
1 15 16 17 0 1 12 29 23
1 16 8 15 12 17 10 6 0
1 3 16 14 9
1 6 5 18 3
1 18 8 14 12 15 10
1 4 18 17 3 6 10 26 27
1 9 13 5 4 17 19
1 12 2 14 1 17 12 16 15 5
1 0 3 1 14 9 18 10 24 23 6
1 13 3 11 1 2 14 9 12
1 2 3 10 21 19 22
1 21 11 12 9
1 20 0 2 13 4 6 21 15 14
1 19 3 12 15 13 5 14 11 29
1 17 3 10 14 2 18 0
1 5 6 7 4 16
1 1 10 16 13 1 9 15 3
1 7 10 13 8 4 3 16 14 21
1 11 9 2 4 14 10 12 16
0 22 5 2
0 23 27 26 29
0 24 15
0 25 5 23 4
0 26 14 11 17 28
0 27 9 25 23
0 28 8
0 29 16 20
0 30 23 2
0 31 18 29 30
0 32 2 20
0 33 11 28 12 27
0 34 5 22 3
0 35 23 6
1 18 7 8 9
1 1 9 30
1 17 11 15 7 21 32 27 4
1 4 18 19 9 4 11 13
1 0 14 13 18 23 25
1 15 20 10 8 12 6 25 27
1 13 1 4 11 19 2 3
1 9 21 17 20 13 9 31 26 4
1 11 6 5 21 18 11 9 15
1 2 14 12 21 3 18 9 2 1
1 8 9 10 6 16 20 15 24 2 13 7
1 14 21 10 3 7 17 29
1 16 5 17 18 6 8 25 3 29 2 34
1 12 0 13 7 8 24
1 10 3 12 2 13 21 17
1 6 3 19 15 20 29
1 7 8 15 19 13 6 20 21 14
1 5 4 3 16 15 0 34 26
1 3 14 2 15 16 9 6 22
0 19 23 30
0 20 27 8 15
0 21 33
0 22 26 29 18
0 23 24
0 24 27 35 2 9
0 25 23 22
0 26 27 28
0 27 14
0 28 6
0 29 32 31
0 30 10 29
1 4 3 1 0 2 5
1 5 3 0 4 2
1 21 3 4 2 1 7
1 10 3 2 1 0 4 5
1 17 2 3 4 1 0
1 18 2 1 4 3 0
1 20 1 2 0 4
1 19 0 2 1 4
1 14 1 4 0 2 3
1 7 3 1 4 2 0 6
1 9 2 4 3 0 1 6 7
1 16 1 3 2 0 4 6
1 6 4 3 2 0 1 6
1 11 4 2 3 1 0 6
1 0 1 3 0 2 6 7
1 13 1 3 0 4 2
1 2 0 3 2 1 7 5 6
1 15 4 3 1 0 6 5
1 1 0 1 2 3 5
1 3 1 3 2 0
1 12 1 3 2 4 0
1 8 1 0 2 4 3 6
0 22 0 6 7 1
0 23 4 6
0 24 3 2 6 5
0 25 0 1 6
0 26 4 7
0 27 2 0 3 1
0 28 1 3 6
0 29 2 6 7 5
0 30 0 3
0 31 0
0 32 5 7
0 33 4 0 1 2
0 34 4 5 7
0 35 5 4 2 0
1 0 6 2 8 10 11 21 22 5 1 19 9 4 3 14 0 12 20 17 16 7 15 18 13 32 36 23 30 25
1 3 12 14 17 3 18 11 1 10 16 6 20 19 0 8 4 2 21 15 9 22 13 7 28 26 32 29 24
1 2 5 1 12 7 20 13 2 21 8 0 15 4 10 11 9 6 17 16 22 18 14 19 26 27 31
1 1 15 0 4 7 13 16 18 20 2 19 10 22 12 6 9 11 14 17 1 5 21 8 34 33 3 35 30
1 4 6 3 9 19 14 8 16 5 10 7 13 4 17 15 18 20 11 2 21 12 1 0 24 27 30 31 32 26 29 25 36 22
0 5 29 23 36 33 14 20 28 4 35 5 21 18 7 0 9
0 6 29 9 12 32 36 2 27 3 1 5 11 23
0 7 1 25 33 35 15 16 6 2 17 23 28
1 10 11 12 3 9 42
1 16 24 3 21 26 20
1 15 5 13 9 17 30 14
1 9 2 6 12 1 22 25
1 8 16 26 11 5 24 6 4
1 6 16 4 23 12 15 22
1 0 1 5 12 11 4
1 20 23 18 20 12
1 1 7 0 11 16 36
1 17 9 13 23 11 1 16 26 29
1 22 9
1 18 1 25 18 4 21 27 40 41
1 12 9 7 43 6
1 7 4 22 9 5
1 13 15 11
1 11 5 11 25
1 2 7 19 25 14 32 37 42 40
1 3 24 14 25 12 26 10
1 19 21 8 26 10 16 6 2
1 5 17 20 8 7 16 22
1 21 9 25
1 14 5 12 18 21 24 14
1 4 3 10 0 16 40
0 23 31 39
0 24 2 34
0 25 36 0
0 26 25 29
0 27 18 6 34
0 28 36 40 3 1
0 29 5 41 27
0 30 35 22 28
0 31 16
0 32 33 28 41
0 33 13
0 34 7
0 35 38 14 10
0 36 1 9 39 13
1 4 10 1 6 5 7
1 3 13 11 7 5
1 21 0 12 13 5 8 2
1 12 6 4 21
1 13 8 10 12 7 3 0
1 5 6 10 11 8
1 20 5 4 10 6 3 2
1 7 8 13 9 3
1 19 2 12 1 3 7 21 8
1 18 10 8 12 0 5 3 11 2
1 23 6 4 2 11 5
1 15 5 8 11 6 1
1 2 11 6 10 13
1 24 6 8 12 3 2
1 0 7 11 14
1 10 6 3 7
1 1 11 10 13 17
1 11 6 12 7 4 0 2 10 11 14 8
1 25 5 3 18
1 6 11 9 12 4
1 14 12 0 13 4
1 22 11 3 12 0
1 8 1 11 10 7 5 2 6 20
1 26 2 20 7 15
1 9 12 8 7 5
1 16 2 7 21
1 17 1 8 9 16
0 27 4 1 2
0 28 14 4
0 29 15 22
0 30 13
0 31 15 6
0 32 3
0 33 8 16 6
0 34 7 4
0 35 13 8
0 36 18
0 37 10 13
0 38 5 6
0 39 6 10 4 19
0 40 1 17 13 14 19
0 41 20 6
0 42 12 19 8 21
0 43 1
1 12 0 3 9 5 2 10 7 12 23 21
1 7 10 3 8 11 13 14 9 7 1
1 13 0 12 9 18 5
1 11 11 5 10 14 0 7
1 8 1 13 7 12 8 4 5 10 6 14 19 21
1 9 2 7 11 12 3 14 10 16 4
1 5 12 10 1 14 7 2 6 8 11 13 20
1 1 8 6 12 0 13 4 2 11 9
1 10 14 0 7 5 11 13 9 3 20 19
1 4 0 12 3 2 7 1 9 6 13 4 10 21
1 0 10 2 6 0 1 20 5
1 3 12 3 2 0 9 4
1 6 9 12 13 1 14 4 5 11 3
1 2 4 7 13 11 9 17 19 3 8
0 14 4 17 6
0 15 11 8 6 1
0 16 4 17 21 18 19
0 17 22 19 15 18
0 18 16 23 21 5 9 18 17 2
0 19 8 15 19 6 1
0 20 16 1 3 18 4
0 21 18 19
0 22 7
1 5 6 2 1 13 10 0
1 4 5 10 11 6 3 12 8 7
1 0 5 13 14 8 4 2 19
1 11 6 3 1 0 21 2 5 18
1 1 3 14 6 1 8 10 4 16 22 2
1 13 0 7 10 4 11 13
1 2 4 11 2 14 10 20
1 10 8 4 0 13 5 9 1 23
1 7 13 5 1 6 17 21
1 8 0 12 4 1 10 2 14 5 6
1 9 9 1 8 11 5 0 22 18 13 19
1 3 6 2 5 14 12 10 21
1 14 9 7 1 3 4 5 2 10 20
1 6 13 2 4 3 10 8 7 1 11
1 12 4 2 7 12 1 5 19
0 15 13 12 18 23
0 16 15 17
0 17 10 19 9 6 5
0 18 6 20 22
0 19 7 23 1
0 20 16 9
0 21 2 23
0 22 0 1 3
0 23 15 18 21 0
1 12 4 0 1 9 15 8 16 31 26 34
1 8 11 15 23 8 7 21 5 24 35 38
1 2 13 0 22 38
1 7 12 7 16 17 10 15 19 6 25 33 21 37 34
1 11 6 0 9 12 1 11 25
1 13 18 19 17 1 23 39
1 6 4 7 12
1 14 6 15 23 7 10
1 0 9 21 36 14
1 10 3 2 14 21 0 22 12 37 35 9
1 9 21 3 5 19 16 10 31 18
1 4 11 10 6 9 21 12 1 22 28 7
1 5 13 22 11 10 0 15 3 20 35
1 3 5 8 10 20 14 0 24 19 11 23
1 1 24 17 20 9 19 4 8 32 33 38 27 12 30
0 15 16 3 33
0 16 19
0 17 26 34
0 18 9 36 14 29
0 19 8 0
0 20 19 30
0 21 9 12 32
0 22 27 0 23
0 23 3 29
1 18 6 3 9
1 24 6 4 0 12 13
1 23 4 8 0 1 6 7
1 20 8 4 5 0 1
1 16 1 3 8 4 6 0
1 10 2 5 0
1 22 4 5 8 9 7 12
1 14 8 0 7 1 4 3 11
1 5 7 5 0
1 2 2 3 1 7
1 3 5 7 1
1 12 5 0 8 2 3 11
1 4 2 3 6 5 0
1 6 3 6 1 2
1 13 8 6 3 5 4 7
1 19 5 0 6 8 14
1 15 0 4 3 8 5 6 10 7
1 7 6 7 2 0 9 1
1 17 6
1 8 1 5 6 3 14 4 2
1 0 2 3 8
1 11 5 4 0 3 7 6
1 1 3 2
1 21 0 5 4 12 13
1 9 8 6 7 1 3 5 12
0 25 11 14 3
0 26 0
0 27 2 10
0 28 0
0 29 7 12
0 30 0
0 31 11 8
0 32 4
0 33 10 13 0
0 34 6 3 12 13
0 35 8
0 36 5
0 37 9
0 38 1 7
0 39 10 12 11
1 6
1 4
1 2
1 1
1 8
1 3
1 5
1 0
1 7
0 9
0 10
0 11
0 12
0 13
0 14

