20
26 36 16 24 34 47 40 34 16 23 24 45 47 34 42 29 36 39 47 37 
1 13 17 18 28
1 5 7 15
1 0 1
1 1 1
1 15 4 20
1 11 9 10 14 21 22 29
1 2 1 33
1 8 16 3
1 12 16 12
1 9 11 13
1 6 19 2 5 8
1 10 16
1 3 0
1 7 11 31
1 4 6 26
1 14 9
0 16 3 34
0 17 32
0 18 9 30
0 19 7 23 24 27
0 20 0
0 21 12 35
0 22 16
0 23 13
0 24 15
0 25 25
1 1 9
1 0 9
1 2 9
1 10 1
1 16 7
1 6 2
1 3 3
1 7 6
1 17 5
1 18 5
1 13 8
1 9 1
1 19 4
1 15 7
1 11 1
1 4 3
1 12 8 10
1 20 4
1 14 8
1 5 0 14
1 21 4
1 8 6
0 22 6
0 23 15
0 24 0
0 25 6
0 26 11
0 27 13
0 28 3
0 29 15
0 30 3
0 31 13
0 32 11
0 33 9
0 34 12
0 35 11
1 2 13
1 5 1 12 21
1 3 10
1 1 13 22
1 9 0 11
1 8 4 18 20
1 4 8 2 3
1 7 6 7 15 17
1 6 5 9 19
1 0 14
0 10 2
0 11 8
0 12 1
0 13 23
0 14 16
0 15 23
1 14 6 27
1 8 10 14 32
1 4 0 24
1 11 7 5
1 12 8
1 7 17
1 10 18
1 9 17 19 25
1 0 3 9 26
1 6 3 1
1 5 18 4 13 20
1 13 8
1 3 11 15
1 2 16 2 28
1 1 12
0 15 7
0 16 33
0 17 19 21 30
0 18 12 23
0 19 8
0 20 15
0 21 18
0 22 2 22 29
0 23 31
1 9 1 7
1 17 10 16 17 30
1 8 11 6
1 2 19
1 5 0 22 26
1 15 2
1 20 25 34
1 18 24 9 40
1 19 5 4
1 1 21
1 13 0
1 7 12
1 3 28 23 41
1 12 0 36
1 10 8 3 14
1 6 12 13 20 46
1 0 15
1 11 10 35
1 16 2 33 45
1 14 0
1 4 27 18
0 21 22
0 22 20
0 23 43
0 24 6 37
0 25 38 29
0 26 2 31
0 27 42
0 28 1
0 29 26 32
0 30 0
0 31 18
0 32 13
0 33 44 39
1 18 7 0
1 26 2
1 20 17 3
1 22 21
1 25 20
1 24 12
1 21 21
1 4 1
1 11 15
1 19 6
1 17 13 31 38
1 8 7
1 14 16
1 10 15
1 12 15
1 0 4 18
1 27 10
1 16 6 8 34
1 13 22 11
1 5 23 5
1 15 20 24
1 2 19
1 1 4
1 6 23
1 23 14
1 28 10
1 9 5 9
1 3 1 33
1 7 23
0 29 20
0 30 9
0 31 25
0 32 27
0 33 22
0 34 39
0 35 37 35
0 36 36
0 37 8
0 38 2
0 39 29
0 40 39
0 41 28
0 42 23
0 43 17
0 44 1
0 45 32
0 46 26 30
1 20 10
1 4 20 1
1 23 3
1 13 19 26
1 2 12
1 6 13
1 15 13 0
1 9 8
1 8 6
1 12 8 17 28
1 24 3 7 24
1 16 16 29
1 21 10
1 14 19
1 19 4
1 10 8
1 11 11 27
1 18 16 21
1 0 18
1 3 15 14
1 22 2
1 17 16
1 5 20 5
1 7 6
1 1 9 33
0 25 6
0 26 2
0 27 20
0 28 2
0 29 9
0 30 23
0 31 8 32
0 32 31
0 33 22
0 34 17 30
0 35 9
0 36 25
0 37 20
0 38 0
0 39 17
1 18 3
1 1 9
1 17 7
1 19 3
1 15 7
1 5 5
1 8 0
1 20 2
1 10 1
1 3 8
1 16 7
1 11 1
1 4 5
1 7 5
1 2 8
1 6 5
1 13 6
1 14 7 14
1 0 9
1 12 4
1 9 1
0 21 15
0 22 15 13
0 23 8
0 24 8
0 25 11
0 26 11
0 27 15
0 28 10
0 29 12
0 30 3
0 31 9
0 32 1
0 33 0
1 3 13 8 4
1 4 13 0
1 9 11
1 8 11
1 5 1 2 17 18
1 2 7 5
1 6 10
1 7 11 21
1 1 9
1 0 4 3 6 12 22
0 10 14 15
0 11 13
0 12 9
0 13 16
0 14 12 19
0 15 2 20
1 2 3 15
1 7 7 12
1 9 11 1 10
1 0 13
1 6 9 0
1 10 6 16 23
1 8 9 4 14
1 4 8
1 3 3 19
1 5 2
1 11 6
1 12 9 5
1 1 3
1 13 11
0 14 9
0 15 7
0 16 3 21
0 17 8 20
0 18 17 18
0 19 22
0 20 17
0 21 13
0 22 5
1 1 19
1 9 10 5
1 7 4 3 24
1 3 9
1 0 17
1 8 25
1 10 21 2 27
1 11 0 22
1 6 0 6 15 28
1 14 12 7 11 35 40
1 5 1 18
1 13 8 16 31
1 4 20 13 34
1 2 14 23
1 12 26 33
0 15 32 29 38
0 16 5
0 17 4
0 18 15 42
0 19 27 39
0 20 11
0 21 41 30
0 22 0 36 37
0 23 44 43
1 22 7
1 8 23 14
1 23 15
1 12 26 6
1 10 25 29
1 3 4 37
1 5 10 45
1 26 8
1 20 22
1 9 25 44
1 27 24
1 25 13
1 19 22
1 18 1
1 7 5 12
1 6 10
1 24 15
1 0 16
1 13 0 43
1 1 5 17 40
1 2 26 46
1 17 8 27 34
1 14 9
1 4 21 18 20
1 16 2
1 15 24 3
1 21 7
1 11 16 11 19 28
0 28 22 31
0 29 16
0 30 14
0 31 32
0 32 17
0 33 6
0 34 18
0 35 30
0 36 0 39
0 37 42
0 38 11 35
0 39 14
0 40 36
0 41 33
0 42 26
0 43 12 38
0 44 41
1 15 8
1 20 18
1 19 18
1 9 15
1 4 10
1 5 15 5
1 25 3 25
1 22 13 27
1 27 17 31
1 17 1
1 7 9
1 26 17
1 16 1 29
1 24 3
1 10 15
1 23 19 14
1 2 11
1 0 12
1 6 7 32
1 18 19 4
1 11 0 6 16
1 1 11
1 21 17 20
1 14 8
1 28 2
1 13 0
1 3 10
1 12 0 23
1 8 15
0 29 13
0 30 22
0 31 6
0 32 1
0 33 8 30
0 34 26
0 35 24
0 36 26 28
0 37 14
0 38 10
0 39 2
0 40 12
0 41 6
0 42 7
0 43 3
0 44 16
0 45 33
0 46 21
1 9 15 39
1 11 25
1 19 11
1 17 10 2
1 5 21
1 1 18
1 2 7 0 17 27
1 6 22
1 10 24 8
1 7 22 30 35
1 4 18 15
1 3 7 41
1 0 19
1 16 3
1 12 6 5 33
1 8 12 38
1 14 1
1 18 16 13
1 15 1 4 9 20
1 20 10 31
1 13 10 14 23
0 21 0
0 22 37
0 23 26 29
0 24 4
0 25 10
0 26 7
0 27 24 34 40
0 28 18
0 29 16
0 30 28
0 31 36 32
0 32 7
0 33 23
1 3 14 21
1 16 13
1 15 8
1 19 16
1 22 1 2
1 21 10 25
1 7 17
1 6 17
1 25 0 19
1 18 1 5
1 24 1
1 20 16
1 10 6
1 17 13
1 5 14
1 12 7
1 23 3
1 4 14
1 1 12
1 0 11 18
1 11 6
1 8 7 15
1 9 8 4
1 13 0 9
1 2 12
1 14 8
0 26 26
0 27 1
0 28 27
0 29 23 20
0 30 24
0 31 8
0 32 6
0 33 2
0 34 16
0 35 17
0 36 2
0 37 14
0 38 11 28
0 39 3
0 40 22
0 41 3
1 17 14
1 16 10 8 9
1 12 4
1 15 13
1 6 7 3 20 23
1 7 6 2
1 8 7 22
1 9 14 1
1 10 5 0 19
1 2 6
1 14 17
1 0 12
1 1 6 32
1 11 4 11 28
1 3 5
1 4 21
1 13 15 18
1 5 4 16 29
0 18 31
0 19 26
0 20 33 27 35
0 21 3
0 22 10
0 23 20
0 24 25 34
0 25 13
0 26 26 30
0 27 20
0 28 6 24
1 10 8
1 1 14
1 14 11
1 8 8 12 26
1 12 11 36
1 4 21 1 31 34
1 3 14
1 9 8
1 19 23 0 18
1 21 15
1 13 11
1 11 3 4 13 27 29
1 0 14 24
1 17 17
1 18 17
1 5 21
1 2 20 19
1 16 2 7 9
1 20 3 6
1 15 22 10
1 7 5 16
1 6 5
0 22 37
0 23 28 35
0 24 28
0 25 14
0 26 15
0 27 13 25
0 28 38
0 29 33
0 30 18
0 31 20 32
0 32 3 30
0 33 38
0 34 12
0 35 21
1 21 8 0
1 3 10 28
1 20 13 16
1 14 21 4 20 46
1 15 27
1 5 19 44
1 22 11
1 6 17 15 33 41
1 10 1 5 22
1 18 12
1 16 11 3
1 13 18
1 9 15
1 8 10 29 32
1 1 17
1 23 14 7
1 7 17 6 38
1 17 12
1 19 27 9
1 2 23 42
1 0 17
1 4 23
1 12 1 24 25 26
1 11 2 39
0 24 27
0 25 5
0 26 40
0 27 25 45
0 28 17
0 29 43 30
0 30 35 34
0 31 36
0 32 37 31
0 33 5
0 34 8
0 35 3
0 36 25
0 37 7
0 38 20
1 27 7 0
1 7 22 32
1 10 8
1 13 17
1 16 10
1 12 17
1 8 8
1 26 19
1 20 4
1 28 16
1 5 14
1 24 19
1 21 2
1 22 2 35
1 23 10 13
1 6 14
1 25 19 26
1 2 21
1 14 17 33
1 4 1
1 9 1 11 20
1 19 7 6
1 0 5
1 3 12
1 15 10
1 18 4
1 11 10 3 9
1 17 15
1 1 18
0 29 7
0 30 13
0 31 14 30
0 32 7
0 33 27 28 31
0 34 8
0 35 14
0 36 21
0 37 15
0 38 27 29
0 39 24
0 40 12
0 41 0 34
0 42 19
0 43 21 25
0 44 9
0 45 8 23
0 46 15 36
1 21
1 4
1 17
1 7
1 16
1 0
1 14
1 18
1 9
1 8
1 13
1 11
1 3
1 22
1 5
1 15
1 20
1 10
1 1
1 19
1 12
1 2
1 6
0 23
0 24
0 25
0 26
0 27
0 28
0 29
0 30
0 31
0 32
0 33
0 34
0 35
0 36

