6
48 32 47 10 36 32 
1 2 8 11
1 20 18 16
1 19 13 9 16 8
1 1 1 30
1 22 6 19 17
1 5 14
1 29 9
1 7 14 8 13 29 16
1 15 9 19 14 31
1 25 0 18 6
1 4 1 11 15 25
1 26 3 2
1 12 6 1 2 4 7
1 14 4 27 2
1 9 7 18
1 6 15 8 1
1 21 15 10 13 6
1 16 17 7 6
1 18 5 12 11 18
1 28 10 9 13
1 13 13 11 6
1 17 18 19
1 10 18 19 1 8 13 16
1 24 17 12 15 2 6 23
1 23 17
1 0 7 18 29
1 8 17 11 3
1 27 9 2 0 21 29
1 3 15 7
1 11 17 13 11
0 30 5 30 24 12
0 31 2
0 32 18
0 33 16 29
0 34 26 20 24
0 35 4
0 36 6 7
0 37 0 7
0 38 22
0 39 25
0 40 1
0 41 7
0 42 4 9
0 43 12
0 44 9
0 45 5 28
0 46 22
0 47 15 17
1 11 23 4 12 10 27
1 2 15 2 28 27 11
1 15 7 22 4 25 17 26 43
1 14 19 24 23 46
1 9 14 10
1 7 11 0 30 33 40 12
1 16 22 18 26 2 0 1 13
1 0 11 1 8 45
1 4 20 2 28
1 19 22 0 25 10 9 38
1 18 3 15 0 21
1 1 28 18 41
1 17 26 27 14 42
1 10 23 5 3 12
1 3 4 16 11 15 32
1 5 19 20 6 35 44 1 33
1 8 17 6 25 37
1 12 4 20 24
1 13 11 9 21 19 25
1 6 12 13 28 17 5
0 20 12
0 21 25 41
0 22 5 28
0 23 16 29
0 24 26
0 25 41 39 46
0 26 2
0 27 11
0 28 21
0 29 17 31 20
0 30 20
0 31 34 36 39 12 8
1 22 1 2 3 4
1 1 0 2 4
1 9 0 2 1 8
1 23 5 1
1 13 4 0 3
1 0 2
1 4 0 2 4 8
1 5 0 4 2 7
1 11 1 5 2
1 27 1 3
1 15 5
1 2 0
1 17 1 4 5 2
1 12 0 4
1 14 1 5 2 0
1 20 5 1 9
1 6 0 5 2
1 10 0 2 1
1 7 0 5
1 8 4 2
1 19 4 2 3
1 21 3 5 0 4 1 6
1 28 3 1
1 18 5 4 8
1 26 1 6
1 25 4 3 1
1 24 3 5 1
1 16 3 4 5 0 2
1 3 0 2 4
0 29 2
0 30 6
0 31 2
0 32 1 2
0 33 4
0 34 9
0 35 8 3
0 36 3 4
0 37 4
0 38 1 6 0 5
0 39 4
0 40 4 7
0 41 5 4 0
0 42 2
0 43 2
0 44 1
0 45 4 1 2
0 46 9 1 0
1 1 4 0 5 8 17 1 2 3 18 11 24 23 10
1 4 14 2 21 7 16 1 18 19 23 25 8 22
1 0 3 13 18 9 6 7 29
1 5 3 6 10 0 12 14 15 8 20 13 18 23 27 28 7 30
1 3 15 9 16 19 20 13 17 3 0 4 31 11 35
1 2 11 1 7 12 3 4 17 6 14 8 0 25
0 6 32 33 14 22
0 7 28 26 27 34 1 18
0 8 35 22
0 9 30 9 1 7
1 14 2 13 1 8 11
1 9 14 19 8 10
1 5 3 15 23
1 1 17 16 3
1 2 11 17 5 10
1 10 7 11 27
1 13 6 3
1 6 1 11 17 14 2 10
1 11 4 19 31
1 0 0 10 26 28
1 21 12 16
1 7 18 3 16
1 8 2 16
1 15 5 18 2
1 16 8 11 7 13 3 18
1 19 9
1 17 3 13
1 3 15
1 4 0
1 20 12 23
1 18 7 19 14
1 12 7 5 15 8 0
0 22 11 28
0 23 8 2
0 24 30
0 25 25
0 26 3 16
0 27 3 29
0 28 20 12
0 29 1 3 5
0 30 22 25
0 31 21
0 32 4 13
0 33 16 28
0 34 12
0 35 20 24 25
1 5
1 6
1 13
1 7
1 8
1 12
1 14
1 16
1 15
1 18
1 0
1 2
1 19
1 17
1 9
1 4
1 3
1 1
1 10
1 11
0 20
0 21
0 22
0 23
0 24
0 25
0 26
0 27
0 28
0 29
0 30
0 31

