6
15 36 32 15 36 31 
1 2 12 5 9 26 33
1 5 10 3 28 35
1 1 25
1 8 13
1 0 23 17 19 34
1 6 8 11 15
1 3 22 0 14
1 11 6 30
1 7 21 1 4 24 29
1 9 2 18
1 4 7 16
1 10 27 20
0 12 18
0 13 12 31
0 14 11 32
1 3 23
1 7 2
1 20 18
1 13 5 20
1 27 0 6
1 12 5 13
1 28 16
1 23 0 11
1 18 7 1
1 2 23
1 10 21
1 15 21 10
1 14 17
1 19 18
1 9 8 19 31
1 17 7
1 6 2
1 0 15
1 24 22
1 1 15
1 26 9
1 21 24
1 16 7
1 4 2 29
1 11 15 12
1 5 2 27
1 8 2 14
1 29 25
1 25 9 30
1 22 5 3 4
0 30 18
0 31 21
0 32 15
0 33 26
0 34 28
0 35 20
1 21 3
1 15 0
1 3 10
1 22 3
1 20 11
1 7 8
1 24 9
1 11 1
1 6 8 13
1 19 11
1 17 7
1 14 0
1 12 1
1 8 1
1 5 7 5
1 0 6 12
1 23 3
1 9 1
1 13 1
1 2 2
1 10 1
1 4 10
1 18 7 14
1 1 4
1 16 0
1 25 9
0 26 9
0 27 1
0 28 5
0 29 2
0 30 8
0 31 1
1 7 24 0
1 6 21 33
1 3 17 2 14 30
1 10 7 15
1 2 21 9 20 28
1 1 5 6 16 29
1 0 5 12 26 27
1 8 13 31 35
1 5 19 18 25 32
1 11 8 3 10 11 22
1 4 1
1 9 8 4 23
0 12 26
0 13 34
0 14 34
1 22 1
1 14 22 27 28
1 11 10
1 21 11
1 23 5 3
1 3 21 6
1 4 7
1 27 2 25
1 13 10
1 8 10 19
1 28 20
1 29 15
1 7 18 0
1 20 11
1 5 7
1 17 23
1 1 21
1 10 12
1 12 4 8
1 24 16
1 0 13
1 19 11
1 25 16
1 26 9
1 16 23
1 18 24
1 9 17
1 2 21 30
1 6 4 14
1 15 23
0 30 2
0 31 3
0 32 29
0 33 23
0 34 5 26
0 35 18
1 6
1 17
1 22
1 18
1 9
1 19
1 2
1 4
1 13
1 21
1 11
1 16
1 10
1 0
1 3
1 24
1 20
1 8
1 7
1 5
1 23
1 1
1 12
1 14
1 15
0 25
0 26
0 27
0 28
0 29
0 30

