13
18 17 14 20 18 22 11 22 10 24 20 23 9 
1 6 6 10 11 4 5 15
1 2 0 11 6 4 13
1 3 8 3 1
1 13 11 7 5 8
1 7 4 6 14
1 1 1 9 5
1 5 10 5 7 8 13 3 1
1 4 1 2 7 8 3 4 9 5
1 9 7 1
1 8 4 3 2 6 7 5 0
1 12 7 12 9 2 15
1 0 2 1
1 14 6 8
1 10 6 8 0 5 4 7 15 14
1 11 11 13 2 8 3 6 14 16
0 15 4 14
0 16 11 16
0 17 10
1 2 4 8 7 9 3 1
1 3 6 0 3 7 5 9 13
1 7 2 9 6
1 4 1 0 6 5 2 10 7
1 0 9 0 7 1
1 8 0 2 5 7 6
1 13 10 4 6
1 12 4 5 2 3
1 11 4 3 6 0 10
1 6 3 4 1 7 13 12
1 1 5 0 8
1 10 3 6 1 2 4
1 9 0 6 10 2 3 5
1 5 4 7 10 1 5 12
0 14 10 9
0 15 6 11
0 16 1 12
1 4 15 13 10 14 5 1
1 1 2 5 12 7 3
1 9 11 6 7 2 5 18
1 5 14 1 9 7 18
1 10 11 1 13 2
1 3 1 12 11 14 4 5 3
1 8 2 1 7 11 4 15 8
1 6 2 10 3 12 11 14 17
1 2 1 4 8 12 13
1 0 3 0 10 7 15 12 5
1 7 7 8 9 6 14 1 11 15 4 0
0 11 19 3
0 12 5 3
0 13 13 16 11
1 4 7 1 12 13
1 7 10 12 9 2 4
1 12 14 2 9 5 3
1 3 8 11 0
1 9 9 0 4 11
1 0 8 13 9
1 15 7
1 10 9 4 14
1 5 5 0 4
1 1 14 13 0
1 6 1 4 9 6 0 14 15
1 14 2 3
1 2 6 0 3
1 8 10 4 9 7 14 2 12
1 13 2 11
1 11 11 16
0 16 9
0 17 17
0 18 6
0 19 8
1 2 17 9 0 16 10
1 5 7 12 2 6 15 4 13
1 11 5 10 18
1 12 11 0 8 13
1 8 5 3 14 6 7
1 9 5 1 17
1 7 8 17 10 1
1 13 2 13 8 5
1 1 16 0 14 2
1 14 8 5
1 0 4 9 7
1 10 17 15 2 12 8
1 4 6 1 14 13
1 3 14 10 4 7 8 19 20 21
1 6 15 17 4
0 15 16 19 12
0 16 4 14
0 17 16
1 2 6 2 0
1 3 2 0 8 7 4 6
1 5 0 3 4 1 2 5
1 12 2 6 1 3 5
1 8 3 5 4 10
1 16 6 8 1 5 10
1 10 2 8 1 5 3 4
1 6 0 5 8
1 17 5 6
1 0 2 3 0 8
1 4 7 4 0 2 6 8
1 13 1 3 6
1 11 1 8 0 6 10
1 15 5 3 1
1 1 0 3 7
1 7 0 7 5
1 14 6 5 1 7 3
1 9 3 7 6 4
0 18 1 0
0 19 5
0 20 8
0 21 9
1 0 13 7 9 11 17 8 6 1 18 19 20
1 8 15 10 9 11
1 1 13 5 6 0
1 2 3 14 9
1 3 5 4 6 14 8 17 3 9 0 16
1 7 15 14 5 3 0 10 21
1 6 15 0 12 2 10 3 9 17
1 5 1 8 15 2
1 4 8 2 16 5 15 6 14
0 9 0 5 10
0 10 3 7
1 4 7 0 5 4 2 1
1 9 4 0 1 6 3
1 16 1 5
1 13 7 5
1 14 3 5 0 1 7 8
1 15 1 0 6
1 0 4 1 2 9
1 3 2 3 4 5 1
1 1 3 2 4 1 7
1 2 3 0 7 1 2 4 8
1 12 7 6 0 1
1 17 1 0 5
1 8 1 6 7
1 6 2 5 8
1 5 5 2 4 1 6
1 10 1 6 2 5
1 11 5 6 3 7 1 8
1 7 4 7 0 1 2
0 18 9
0 19 3 5
0 20 7
0 21 3 7
1 6 3 13 4 15 1 9 14 5 19 23
1 5 4 16 13 18 8 10 17 11 21
1 0 17 9 8 11 1 22 23
1 3 12 14 18 13 3 10 4 11 7 9 16
1 1 6 10 11 15 8 13 7 18 5 20
1 7 6 0 19 18 16 13 5 11 8 12
1 4 5 8 14 3 13 10 11 21
1 2 2 1 7 16 5 13 8 15 6 10 9 23 11
0 8 9
0 9 11 12
1 5 11 6
1 1 6
1 12 15 11 7 6
1 19 13 0
1 13 9 2 17
1 11 5 8 6
1 15 15 7 10 9
1 2 10 4
1 4 6 10 4 11
1 8 3 14 5
1 0 4
1 9 12 1 0 14
1 3 14
1 16 14 13 10 8
1 10 3 0 1 5 6 9
1 6 7 9 12
1 18 13 1 2 15 19
1 14 11 12 5 0
1 7 6 9 8 2 16 0
1 17 5 14 7
0 20 10 16
0 21 3 17
0 22 5 18
0 23 4
1 10 0 17 16 15 18 7 12
1 11 2 15 7 5 17
1 12 6 17 4 16 20 21 13
1 2 13 3 7 2
1 0 12 8 0
1 14 1 11
1 3 7 16 12 9 6
1 13 18 15 16 13
1 6 16 0 8 15 19 18
1 4 5 17 12 2 9
1 9 5 8 13 14
1 8 10 9 16 12
1 1 3 12 8 2 13
1 15 14 4 11 15 10
1 5 14 13 12 8 4 11 0
1 7 18 9
0 16 1
0 17 10 22 18
0 18 13
0 19 14
1 0 3
1 16 6 0
1 7 3 0
1 5 1 2 5
1 14 6 2
1 12 3 5 4
1 10 3 0
1 6 1 2 5 7
1 2 6 3 1
1 3 5 2 3
1 18 0 5 3
1 13 1 4 5
1 1 2 1 8
1 4 0 2
1 15 4 0
1 17 5 6
1 9 1 6
1 8 4
1 11 1 6
0 19 3
0 20 6
0 21 1
0 22 5
1 5
1 2
1 0
1 1
1 3
1 6
1 4
0 7
0 8

