20
18 36 39 21 39 28 37 44 34 29 16 26 15 15 12 32 18 21 32 47 
1 3 12 17 21 5 20
1 4 20 7 8 13 16 4 31 35
1 9 5 10 8 2
1 2 1 18 2 11 0 20 13 35 34
1 8 10 12 2 16 25
1 5 19 0 8 5 9 15
1 1 10 11 7 6
1 0 0 6 11 13 17 20
1 6 2 4 17 7 20 24
1 7 15 3 6 9 14 11 17 4 26
1 10 5 3 16 10 23 28 33 12 14
0 11 17 26 29
0 12 9 32 26
0 13 9 27 7
0 14 30
0 15 22 12 28
0 16 17 34 26 5 10
0 17 21 16
1 3 19 14 16 30 4 6
1 11 18 22 19 25
1 13 22 11 13 6 2
1 21 19 17 10
1 8 21 0 23 1
1 10 4 3 34
1 6 9 8 0 20
1 2 15
1 17 21 9 12 7
1 0 8 15
1 19 17 7 23 6 5 28
1 7 9 5 3 8
1 4 23
1 1 8 37
1 20 2 12 20 1 15
1 18 14 20 0 1 37
1 15 14 18 1
1 14 22 7
1 16 6 16 20 12 30
1 9 1 10 23 7 6 16
1 12 22 1 29
1 5 2 9
0 22 9
0 23 19
0 24 36 30 21
0 25 5 38 30
0 26 2
0 27 7 33
0 28 23 24
0 29 29
0 30 3 13
0 31 10 32
0 32 27 24
0 33 26 35 5
0 34 25
0 35 31
1 14 11 7
1 20 7
1 6 12
1 13 7 0
1 9 4 6 10 11
1 17 8
1 11 1 4 3 6 5
1 21 6 2
1 3 12 1
1 10 10 12
1 5 12 11 3
1 23 6 4
1 22 6
1 15 10 11 6 2 12 8
1 4 4 8 1 5 0 15
1 7 3 1 11
1 0 4 12
1 16 8
1 12 5 1 2
1 19 2 0 6 10
1 18 6 12
1 1 0 20
1 2 5 9 1
1 8 7 1 3 5 9
0 24 10
0 25 19 14
0 26 12
0 27 6 4
0 28 1 12
0 29 17
0 30 13
0 31 19
0 32 19 18
0 33 15 14
0 34 5 7 6
0 35 4
0 36 8 19
0 37 12 19 16
0 38 16 19 14
1 3 7 10 2 37
1 2 14 3 6 11 20 27
1 11 0 22 21 12
1 9 1 16 23 15 9 24 33
1 1 19 4 2
1 6 9 12 20
1 12 2 17 1 30 32
1 10 18 2 27 36
1 8 1 8 21
1 0 20
1 7 11 8 18 22 33
1 4 13 5 9 35 38
1 5 15 21 7 23 8 28
0 13 12 29
0 14 21
0 15 6 25 26
0 16 31
0 17 8
0 18 8
0 19 7
0 20 2 34
1 22 14 6 0 3
1 16 15 2 14
1 21 0 16 4
1 2 16 5 8 13 25
1 5 15 9 0 13 17
1 7 7 15 13 26
1 9 7
1 0 5
1 13 16 9 12
1 17 3 10 21
1 8 10 15
1 20 14 10 20
1 19 10 4 19
1 10 5 4 8 16 21
1 6 0 13
1 15 15 7
1 4 15 9
1 18 12 21
1 12 10 12 16 8 6
1 1 13
1 3 0 9
1 14 3 9
1 11 1 11 9 15
1 23 3 11 27
0 24 11
0 25 25
0 26 27 17 5
0 27 12 18
0 28 15
0 29 18 24
0 30 24
0 31 21 14
0 32 23 22 5
0 33 22 19 3
0 34 0 10 19
0 35 13
0 36 11
0 37 5
0 38 16 3
1 8 22 10 11 25
1 6 21 17 32
1 3 8 19
1 14 1 3 9 14 17 31
1 15 22 13
1 1 0 18 36
1 11 15 4 11 20 8
1 7 5 16 9 15 27
1 0 2 16 14
1 2 1 5 22
1 5 13 16 12 21 15 29 31 24
1 13 18 31
1 10 21 7 1 15 20 22 6 9
1 4 6 12 5 4 35
1 16 17 3 15 9 21
1 9 19 16 10 2
1 12 22 20 17 3 8 9
0 17 8 23
0 18 28 14 17
0 19 17 24 30
0 20 10 30
0 21 26 34
0 22 5
0 23 33
0 24 4 35
0 25 17
0 26 3 17
0 27 15
1 0 17 4
1 15 19 11 5
1 12 22 11 23 33
1 9 15 6 11
1 11 17 14 13 12 38
1 2 0 8
1 16 2 21 0
1 5 10 0
1 4 6 24 11 41
1 19 9 2 22 35
1 17 18 3 8 21 32
1 7 5 17 32
1 6 16 26 7 17
1 22 22 40 15
1 10 4 23 3 22
1 20 20 24
1 1 17 25 0
1 18 1 12 24
1 14 15
1 13 13 6 9 34
1 21 22 3 9 27 28
1 3 17 24 2 9 25
1 8 7
0 23 18
0 24 39
0 25 12
0 26 30 42
0 27 25
0 28 23
0 29 30 36
0 30 37 29 33
0 31 40
0 32 24 0
0 33 33
0 34 17 31
0 35 43 24
0 36 13
1 6 11
1 26 3
1 21 10 24 20
1 23 18
1 3 16 6
1 19 8 4 2
1 7 19 13
1 10 19 2 10 17
1 8 6 1 23
1 12 14 0
1 11 10 12 16
1 13 12
1 24 15
1 25 3 23
1 5 5 4 9
1 15 3 17
1 14 1 3 19 25
1 1 12 7
1 16 5 20 10 8
1 17 6 14 3 5
1 18 4 15 1
1 22 15 13 29
1 20 8 1 3
1 9 19 3 0
1 2 5
1 0 9 27 5
1 4 12 13 7 28
0 27 20 28
0 28 4
0 29 2
0 30 5 29
0 31 31
0 32 32
0 33 26 22 18
0 34 33 23 14
0 35 27
0 36 15
0 37 30
0 38 7 21
0 39 24 31
0 40 10
0 41 14
0 42 7
0 43 1 15
1 1 4 16
1 7 15 11 14
1 11 8 1
1 20 5 17 0
1 14 3 10 16 2 22
1 6 12 0 2 26
1 10 0 12 1 17
1 0 6 9
1 16 14 8 7
1 2 17 13 12
1 15 7 17
1 8 15 1 10 22
1 9 14 3
1 12 12 9 17 7 10
1 17 8 16
1 19 10 8
1 3 2 7 1 16 6
1 4 7 10 15
1 18 14 0 5
1 5 2 9 4 18
1 13 12 0 10
0 21 23
0 22 1
0 23 7 21 22
0 24 4 14
0 25 19
0 26 23
0 27 28 24 11
0 28 27 25 7
0 29 27
0 30 5 21
0 31 11
0 32 2
0 33 14 18 20
1 14 7 6
1 2 7 14
1 7 9 5 6 1
1 9 6 7
1 1 8 1
1 17 6 2
1 5 1 5 2
1 6 1 8 6
1 16 2 3 12
1 13 6 7 5 0 15
1 11 3 12
1 4 0 7 8 4 1
1 3 3 1 7 0 5 6
1 0 7 1 6
1 8 6 1
1 12 4 3 6 0 1 12
1 10 3
1 15 9 2 4 12
0 18 11 1 10
0 19 9
0 20 6
0 21 1
0 22 6
0 23 13 11
0 24 0 15
0 25 15 10 0
0 26 15 2
0 27 13
0 28 14 1
1 7 0 13 9 1
1 0 8 5
1 8 7 15 13 6 1 20
1 5 4 9 14 1 6 7
1 4 10 1 4 24 14
1 3 0 3 11 13 14 8 1 20
1 9 7 0 19 4
1 1 8 7 4 14 12 6
1 2 7 15 8 9 18
1 6 2 6 12 15 0
0 10 0 21 22
0 11 2 23 19
0 12 8 16 6 2
0 13 7 25
0 14 5 17
0 15 11 8
1 13 6 2 8 0 13
1 8 7
1 11 0 8
1 2 6 0 8 5
1 9 1 7 14
1 7 1 7 3
1 1 8 3 6 5
1 12 1 12
1 0 6 5 0
1 3 0 11
1 6 8 5 4 6
1 5 5 8
1 4 4 6
1 10 0 1 4 14
1 15 1 4 13
1 14 1 4
0 16 12 1
0 17 3
0 18 14 9
0 19 5
0 20 1
0 21 0 10
0 22 12
0 23 14 9
0 24 2 11
0 25 11 7
1 3 4 2 1 0 12
1 5 0 7 4 5 13 2 10
1 8 6 1 4 2 7
1 2 6 7 8 3 4 2 11 10
1 6 5 7 1 0 2 6 4 12
1 0 0 3 1 2 5 6 8
1 1 8 2 5 7 3 12
1 4 8 7 6 2 4 0 1 10 14
1 7 1 4 5 3 7 14 12
0 9 11 9 8
0 10 1 5 0
0 11 10 9
0 12 10 5 12
0 13 0 1
0 14 2
1 0 4 0 3 2 5 10
1 8 4 1 6 2 0 3 10
1 3 3 4 5 0 8 6
1 1 1 2 0 5 3 8 7
1 6 3 5 6 1 4
1 5 4 6 1 0 5 2
1 4 5 0 2 1 4 6 3
1 7 5 4 1 0 2 10
1 2 3 4 0 6 5 11 2
0 9 10 9
0 10 7
0 11 2 9 8 5
0 12 8 6 9
0 13 1 4
0 14 11 6 1 0 4 3
1 5 18 0 2 3 6 7 9 12 14
1 6 17 19 15 11 1 18 26 16
1 0 13 5 11 16 0 3 15 10 9
1 2 8 6 10 12 19 3 7 14 9 15 13 2
1 4 9 4 19 18 12 5 29 30 1 23
1 1 15 0 18 1
1 3 15 1 7 14 0 18 10 3 9 5 22 23
0 7 30 27 22 29
0 8 8
0 9 0 21 24 25 28 8
0 10 31 20 6
0 11 10 0
1 13 0 5 8 4
1 9 4 14
1 11 8 4 7
1 18 7 4
1 15 7 0 4 9 6
1 0 6
1 2 5 6 14 12
1 3 8 6
1 14 8 13 7
1 8 5 10 3 7
1 6 3 9 8 10 2
1 12 4 5 0 17
1 5 5 7 6 16
1 7 4 2 5
1 19 1
1 4 2 4 6
1 1 6
1 10 5 7 4
1 16 1 9
1 17 1 4
0 20 11 15
0 21 15
0 22 5 2
0 23 9 13
0 24 14
0 25 17
0 26 7
0 27 17
0 28 17
0 29 6
0 30 12 13
0 31 6 3
1 9 2 5 4 18
1 10 12 4 6 1 0
1 4 5 9 6 10 13 20
1 1 11 10 3
1 5 11 10 9 6 3 14 15
1 3 0
1 0 5 3 10
1 8 8 6 15 0 1
1 6 1 7 5 6
1 2 11 0 3 5 1 8 16
1 7 1 2 11 3 16 7
0 11 1
0 12 17 2
0 13 13 20 6
0 14 19
0 15 15
0 16 2
0 17 18 19
1 5 0 7 9 3 28
1 7 3 5 17 19 0 7
1 12 15 16 19
1 2 11 18 17 10
1 9 6 4 0 19 17 26 2
1 0 10 8 11 24
1 10 0 1 19 15 2 25 13
1 6 3 14 1 18 7 30 8
1 3 11 13 15 6 27
1 11 6 16 18 0 2 12 19 4 23
1 1 0 13 15 8 10 16
1 4 12 14 10 8 7 19
1 8 12 2 16 4 11 7 22 5
0 13 12 31 23
0 14 12 17
0 15 4 3 16
0 16 2 20 21
0 17 4 28 19 22
0 18 16
0 19 29 11 10
0 20 12 21 29 16
1 15 12 19 23
1 17 16 24 19 44
1 11 5 7 38
1 2 5 15
1 12 8 26 23
1 6 23 6
1 14 25 0 11 18 29
1 10 20 9
1 3 13 3 10 20 2 26
1 4 13 14
1 1 8 28 6
1 5 16 2 31
1 16 20 27 1 14 30 41
1 0 21 11 22 45 44
1 7 8 12 7 14
1 9 6 17 26 13 5 27 2 36
1 18 18 9 14 40
1 8 1 0 15
1 13 24 25 12
1 19 4 37
0 20 33 46 35
0 21 21
0 22 0 42
0 23 10
0 24 40 4
0 25 11 43
0 26 32 35 31
0 27 26
0 28 3 34 39 4
0 29 13 21
0 30 37
0 31 7 6
1 15
1 23
1 7
1 5
1 27
1 17
1 4
1 14
1 8
1 18
1 6
1 9
1 11
1 10
1 20
1 2
1 16
1 13
1 28
1 26
1 12
1 0
1 1
1 21
1 22
1 24
1 19
1 25
1 3
0 29
0 30
0 31
0 32
0 33
0 34
0 35
0 36
0 37
0 38
0 39
0 40
0 41
0 42
0 43
0 44
0 45
0 46

