13
20 48 42 20 48 40 21 12 42 20 20 40 8 
1 1 6 11 17 12 20 7 3 16 0 4 24 42 15
1 4 21 12 26 5 4 27 0 24 28 11 20 7 47 19 33 46
1 9 2 21 9 5 15 28 4 14 7
1 8 7 15 19 8 1 13 5 18 22 6 0 9
1 6 27 4 8 1 2 7 28 29 34 37
1 0 23 1 10 35 37
1 3 6 0 13 7 21 17 11 24 44 16 14
1 2 2 28 10 0 23 1 7 29 5 4 32
1 5 13 10 14 24 28 1 3 15 22 6
1 7 20 5 25 0 1 22 29 13 21 32 46 11 24 3
1 10 7 3 18 4 15 11 21 31 38 41 10
1 11 16 9 22 29 10 11 21 27 3 24 23
0 12 5 32 7 9 43
0 13 4 39 47
0 14 14 36 11
0 15 0 22 25
0 16 7 39 42 43 45 24 20 27 44
0 17 33 12 14
0 18 7 30 40 34 44 26
0 19 16 35 31 18
1 8 0 3 18 1
1 5 7 1 15 3
1 12 23 9 25 22 18 33
1 15 21 1 22 16 15 35 10 13 6
1 21 21 12
1 9 17 13 16 25 23 22
1 4 18 1 0 23 31 8
1 11 8 10 12 20 32 22 37
1 26 7 6 2 40
1 25 2 8 37 6
1 14 15 5
1 16 22 2 1 13 38 28
1 1 15 23 24 19
1 24 9 13 21 18 24 6 40
1 17 24 1 2 19
1 18 7 23 11 5 41 37
1 29 2 19
1 6 15 6 4 10 41 40
1 22 2 7 14 6 22
1 10 2 1 29
1 2 25 10 18
1 20 9 4 11 24 14 0
1 23 5 16
1 3 14 23 24 10 18 21
1 0 12 3 10 14 15
1 27 19 7 32
1 28 20 22 16 36
1 13 12 21 19 4 10 22
1 7 8 24 15 37
1 19 19 12 34
0 30 13 30 4
0 31 39 32
0 32 34
0 33 27 36 10 41
0 34 28
0 35 21 30 8 15
0 36 19
0 37 10
0 38 0 28 12
0 39 7
0 40 11 38 25
0 41 12 36
0 42 14
0 43 26 14
0 44 0 36
0 45 6 40
0 46 20 35
0 47 33 14
1 19 7 1 11 9 3 4
1 2 0 10 5 9 11 13 12 1 18
1 20 1 3 8 4 9 15
1 5 1 5 8 11 6 3 0 2
1 4 7 8 4 6 15 14
1 16 6 7 9 10 1
1 18 3 7 6 9
1 15 1 2 11 5
1 13 1 7 8 10 11 0
1 24 2 9 3 18 13
1 1 1 2 8 9 11 4
1 23 10 9 7 6 3
1 6 7 5 9 6 12 10 14
1 12 4 6 5 11 1 19
1 3 0 4 2 11 1 6
1 8 9 5 6 4 11
1 14 8 2 3 18 0
1 11 11 8 10 3 6
1 7 5 10 11 6
1 21 4 3 11 7 2
1 25 5 2 3 11 18 7
1 22 1 7 2 8 3 14
1 17 6 5 9 10 1 4 8
1 0 5 6 11 1
1 9 8 5 1
1 10 8 4 1 0
0 26 10
0 27 17 13 1 8
0 28 17
0 29 1
0 30 19
0 31 0 9 8
0 32 9
0 33 10 19
0 34 15 9
0 35 13
0 36 8 14
0 37 15 16
0 38 6 5
0 39 2 18
0 40 18 12 1
0 41 3 5 14
1 2 13 23 19 21 12 4 11 8 18 3 14 35 28 16
1 10 19 1 0 24 12 2 44 9
1 6 8 5 2 28 6 27 7 13 25 14 0
1 11 1 7 9 3 17 46
1 8 8 12 20 24 28 0 29 32
1 5 10 9 22 12 24 21 27 11 5 16 18
1 3 6 4 17 18 26 25 41 44
1 7 27 18 17 29 35 39 32
1 0 10 11 16 8 5 4 2 19 3 31 34
1 4 6 2 3 14 29 19 4 27 43 11
1 9 0 26 12 7 8 28
1 1 21 15 25 5 26 0 12 16 19 30 27 39
0 12 29 22 41
0 13 24 30 13 26
0 14 33 38 42
0 15 39 32 40 2 19 36
0 16 10 20 46 16
0 17 3 37
0 18 29 36 45 35 20 5
0 19 15 47
1 28 7 10 8
1 25 2 8 20 0
1 5 10 14 9 7
1 27 10 13 21 8 6
1 7 20 22 19
1 8 15 9 23 3 19 32
1 21 18 17 9 13 27 33
1 26 11 23 12 19 36 2
1 22 7 4 21 22 12
1 14 23 5 4 18 21
1 15 21 14 13 18
1 0 12
1 24 4 10 11 30
1 3 16 6 12 39 33
1 11 13 17 24 9 16 12
1 16 11 0 18 14
1 1 16 15 29 8
1 19 9 11 2 15
1 13 23 12 33
1 2 24 2 15
1 18 17 1 2 24
1 4 21 3 24 4 16 29
1 9 4 3 7 17 5 10
1 20 23 12 21 27
1 23 20 6 21 0 14 1 17 28
1 17 15 20
1 6 5 2 20
1 29 21 1 9 19
1 12 19 6 4 26 38
1 10 0 12 2 15 25
0 30 39
0 31 18 28 26 0 5
0 32 3 13 38
0 33 6
0 34 24 7
0 35 18 24
0 36 37
0 37 1
0 38 39 0
0 39 4 35 22
0 40 34 4 36
0 41 31
0 42 25 36 2
0 43 24 4 39
0 44 17
0 45 5
0 46 3 38 39 29
0 47 31 15
1 17 3 7 12 0
1 24 10 9 2 5 3
1 9 4 9 2 7 11 16 1 6 18
1 2 8 6 12 11 5 10
1 11 2 0 1 6
1 3 9 10 12 6 5
1 16 12 10 5 0
1 20 5 9 7 12
1 22 7 3 5 2 4 0 10
1 13 1 3 7 5 12 6
1 12 2 0 8 10 6 11 14
1 23 0 2 20 14
1 5 8 11 1 9
1 21 4 0 5 9 2 6
1 0 8 18 2
1 10 5 2 4 12 16
1 1 6 12 11 7 4 8 13
1 14 7 1 4 0
1 8 9 3 12 11 7 16 10
1 6 0 8 6 1 15 20
1 15 4 5 3 7 1 11 8 9 13 15
1 19 1 10 3
1 7 5 12 6 4 2 20
1 18 0 11 3 12
1 4 6 9 14 2
0 25 12
0 26 6 10
0 27 8 1 15 10
0 28 9 3
0 29 3 0 2 11
0 30 8 7
0 31 17 7 4 0
0 32 14
0 33 1 16
0 34 3 17 5
0 35 10 18 20 11
0 36 3 4
0 37 19 15
0 38 5 18
0 39 10 13
1 11 3 1 6 0 7 11 9 2
1 5 3 2 6 1 4 5 0 7 9
1 7 1 6 5 2 4
1 12 0 1 5 6 3
1 6 4 0 1 3 5 2 8 9 6
1 10 0 3 5 1 4 8 6
1 1 6 3 4 0 1 2 9
1 3 0 6 5 2 4 1 3
1 2 1 4 5 2 6 0
1 8 3 6 4 5 1 0 11
1 9 5 1 3 4 0 6 9 8
1 4 5 2 1 3 4 6 0
1 0 2 4 0 1 6 5 7
0 13 6 10 7 4 11
0 14 2 9 3 0
0 15 5
0 16 6 0 3
0 17 2 5 1 11
0 18 4 8
0 19 11 8 7
0 20 6 7 2 4
1 1 23 5 7 8 16 18 3 11 24 22 19 14 1 9 2 12 6 25 26 13 21 10
1 4 9 4 6 24 23 19 7 5 10 25 22 14 16 12 0 11 20 3 13 15 32 18 1 28 29
1 2 21 13 17 19 12 14 2 18 5 7 6 16 15 4 24 3 0 25 28 31 41 40
1 5 1 25 17 22 24 13 12 11 3 18 19 4 0 20 29 38
1 0 10 3 11 18 15 9 13 2 6 4 25 16 7 33 38 24 31
1 6 12 0 2 14 20 21 19 10 11 5 13 23 16 1 4 17 25 7 37 35
1 3 9 15 22 7 11 10 6 16 14 23 20 4 21 13 17 19 24 37 30 0
0 7 36 39 23 10 4 29 35 6 30 16 20
0 8 27 30 38 40 24 22 5 35 17
0 9 17 26 29 35 1 36 14 32
0 10 22 37 13 5 31 8 21 7 29
0 11 0 34 41 39 37 32 29 3
1 24 2 1 9 3
1 17 4 9 6 11
1 4 7 11 14 2
1 1 0 2 5
1 18 1 0 8 9 2 6 16 10
1 11 10 5 4 2 9
1 2 10 2 6 4 8
1 8 11 7 0 16
1 7 0 8 4 7 10 3 9 13
1 3 2 7 11 9
1 6 1 4 8 11 7 10
1 15 9 10 6 11 2 16
1 23 2 1 0 6 4
1 9 3 7 2 9
1 25 8 11 10 1 0 5 17
1 16 10 11 9 12 15 7 4
1 13 2 1 6 10 8 0 19
1 14 2 5 8 3 0
1 0 4 7 2 19 10
1 22 2 10 1 5
1 21 6 4 3 5 9
1 5 10 8
1 20 0 5 3 4 19 8
1 12 8 3 6 4 17 10
1 10 2 7 3 4 9 5 8
1 19 0 7 3 1 5 2 4
0 26 2
0 27 11 14 15
0 28 0 13
0 29 5 14
0 30 13 12
0 31 18 0
0 32 18 4
0 33 17 3 15 0
0 34 15
0 35 4 10 5
0 36 11 5 4
0 37 9 14
0 38 18 7
0 39 1 16 0 15
0 40 2 17
0 41 12 0 3 8
1 5 1 5 0 4 7 8 11 2 6 13
1 9 5 7 9 2 10 8 6 11 4 16
1 1 0 1 8 9 4 5 3 10 6 13 12
1 8 10 2 3 0 6 8 11 5 17 18
1 0 3 1 5 9 10 8
1 11 10 7 4 3 5 8
1 10 10 8 3 0 2 6 11 15 17 18
1 2 11 0 5 3 9 10 1 12
1 3 6 10 8 0 2 1 14 3 9 11
1 7 0 9 5 6 11 3 17
1 4 0 8 6 1 4 5 7 18 11
1 6 6 4 0 5 1 11 7 8 2
0 12 3 7 13 14 4 0
0 13 16 11 3
0 14 5 10 14
0 15 4 13
0 16 12 18 14 11
0 17 5 14 18 8 2 16
0 18 19 7 17 4
0 19 0 13 2
1 0 12 13 21 18 23 2 9 22 19 24 33 6
1 3 24 12 6 8 0 11 17 23 15 31 4
1 7 19 2 14 10 3 24 18 17 0 7 6
1 8 23 0 4 16 3 11 20 7 13 29 34 6 38
1 4 12 20 2 21 6 18 8 28 37 23
1 5 22 3 7 10 20 24 23 16 1 19 9 14 17 18
1 11 8 11 10 1 18 0 7 5 14 32 3 16
1 10 12 6 20 10 13 7 24 32 1
1 2 15 1 5 6 22 3 39
1 1 24 17 3 9 14 18 32 36 7 35 38 21
1 6 16 18 10 11 12 6 13 19 30 35 23
1 9 21 9 20 7 17 0 10 16
0 12 12
0 13 4 26 14 6 5 25 3
0 14 2 25 27 35 20 10
0 15 3 18 13
0 16 31 16
0 17 7 2 38
0 18 21 10
0 19 38 37 7 19 10 8 18
1 17 3 2 4 1 0 5 7
1 14 1 0 2 3 4 7
1 18 1 4 2 3 5
1 2 0 1 2 3 4
1 11 0 4 1 3
1 16 0 4 2 1 3 6
1 12 0 1 2 4 3
1 23 4 3 0 1
1 21 4 2 1 6 5
1 4 1 2 0 3 5
1 24 2 4
1 22 4 2 1 3 5
1 3 1 0 2 3
1 15 4 3 2 0 1
1 20 4 3 1 2
1 6 1 0 4 2 5
1 10 3 4 0 1 7 6
1 13 2 3 1 4 0
1 5 3 2 1 0 7 5
1 9 3 0 4 1
1 19 4 3 1 2 0
1 1 0 3 1 6 4
1 8 3 1 4 0 2
1 0 0 1 3 4
1 7 4 0 1 3 2
0 25 7 0
0 26 7 2 4
0 27 3 6 2
0 28 0
0 29 1
0 30 1
0 31 4 2
0 32 4 3 6
0 33 5 7 2 6
0 34 2 1
0 35 6 1
0 36 1
0 37 7 4
0 38 3 2
0 39 0 5
1 1
1 0
1 3
1 2
1 4
0 5
0 6
0 7

