6
31 47 34 31 10 36 
1 17 14 15 23
1 10 18 17 28 26 15
1 3 1 7 15 25 20 13 44 12
1 8 8 37 22 33
1 1 8 25 23 27 31 39 18
1 5 8 14 12 19
1 12 1 6 9 11 4
1 7 11 5 2
1 4 18 10 26 9 31 45
1 6 19 17 27 42
1 9 16 0 12 24 14
1 2 21 4 22 27 1 13
1 11 8 3 12 1 21 30 39
1 0 13 14 1
1 13 8 28 21 0 33
1 15 2 7 17 4 23 34 40 42
1 16 24 4 15 38
1 18 17 20 7 22 9 21 35 10 38
1 14 23 8 32
0 19 18 41 14
0 20 9
0 21 17 14
0 22 27
0 23 36 38 11
0 24 29 24
0 25 10
0 26 32 45
0 27 13 43
0 28 46 31
0 29 17 13
0 30 27
1 27 15 11 17 14 4 13
1 11 15 9 0
1 20 9 12 30
1 14 19 0 7
1 16 8 14 18
1 23 19 17 10 12
1 22 14 12 13 1
1 7 20 1 10
1 13 15 18
1 25 2 6 26
1 12 8 17
1 3 18 7 5 16 27
1 17 2 18
1 1 16 17
1 10 1 10
1 26 14 2 11 13
1 4 16 13 5 7
1 28 17 14 9
1 6 17 5 0
1 9 9 2 16
1 24 9 19 12 22
1 19 0 11 31
1 18 19 3 5
1 21 14 4 2 29 15
1 15 10 30
1 2 8 3
1 5 7
1 0 20 9
1 8 5 6 28 13
0 29 1 21 32
0 30 10 24
0 31 20 29
0 32 2
0 33 26
0 34 9
0 35 20 27
0 36 20
0 37 30
0 38 9 4
0 39 16 33
0 40 25
0 41 22
0 42 20 23
0 43 11
0 44 31
0 45 26
0 46 9
1 5 5 18
1 9 8 1
1 14 7 14 6 13 10
1 3 1 9 4 21
1 8 5 22
1 0 4
1 17 12 0
1 6 6 14 30 11
1 4 17 3 7 28 12
1 11 2 9 7 3 10
1 10 4 2 15 1 8 16 9
1 18 15 16 23
1 16 18 13 10
1 13 0 18
1 20 14 0 13
1 12 11 16 25 10 2
1 2 6 5
1 15 3 16
1 7 5
1 19 10 7 13
1 1 9 26
0 21 14
0 22 27 26
0 23 14
0 24 20
0 25 15
0 26 5 13
0 27 10
0 28 3
0 29 30
0 30 11
0 31 24 29
0 32 16 22
0 33 19 29
1 16 1 5
1 13 5 2 0 4
1 14 4 1 0 6
1 7 3 1 2 0 9
1 0 4
1 8 5 0 3
1 1 5 3 6 0
1 11 0 5 4 2
1 4 3 2 1 4
1 3 2
1 12 0 2 1 4
1 5 3 5 2 4 1 9
1 9 4 0
1 18 1
1 15 2 1 8
1 10 3 1 5 4 0 7
1 17 1 9
1 2 3 1 4 9
1 6 1 5 3 4
0 19 9
0 20 1 4
0 21 6
0 22 3
0 23 4 3
0 24 8 7
0 25 0 2
0 26 7
0 27 4 5
0 28 6 5
0 29 4 0
0 30 3
1 4 14 1 11 17 3 4 13 6 10 5 2 31 24 18
1 5 4 3 9 19 15 14 18 10 1 6 0 12 11 33 2 17
1 2 0 2 12 18 4 16 15 7 5 9 8 14 13 24 26 30 29
1 0 21 10 18 17 8 16 2 13 22 29 35
1 1 8 13 15 16 20 7 12 5 28 34 17 30 23
1 3 20 5 6 7 17 9 12 19 15 0 27 31 2
0 6 17 33 20 34
0 7 3 25 10 4
0 8 6 32 5 30 20 11
0 9 16 23
1 10
1 19
1 3
1 20
1 15
1 9
1 18
1 5
1 1
1 11
1 14
1 21
1 12
1 6
1 16
1 13
1 2
1 7
1 4
1 17
1 8
1 0
0 22
0 23
0 24
0 25
0 26
0 27
0 28
0 29
0 30
0 31
0 32
0 33
0 34
0 35

