6
14 27 29 16 29 21 
1 0 20
1 3 16 10 23 24
1 4 18 1 2 15
1 10 9 5
1 9 13 8
1 2 11
1 5 4 0 3 7 26
1 6 6 12
1 8 14
1 1 21 19
1 7 4 17
0 11 10
0 12 7
0 13 22 25
1 13 10
1 14 19
1 8 16
1 12 2 12
1 10 16 0
1 20 7
1 15 11 17 27
1 3 8
1 19 7 26
1 21 6
1 4 18 3
1 6 4 1
1 9 21 13 20
1 18 19
1 17 19
1 7 18
1 11 22 23 25
1 16 19
1 1 21 28
1 5 4
1 0 9
1 2 15 5 14
0 22 1
0 23 24
0 24 22
0 25 11
0 26 17
1 15 8
1 8 7
1 12 11
1 4 6
1 7 7
1 0 3
1 23 12 0
1 20 10 9
1 6 6
1 1 1
1 17 4
1 14 10
1 16 4 15
1 13 5
1 3 6 14
1 11 11
1 10 7
1 22 12
1 9 7 13
1 18 4
1 19 8 2
1 2 1
1 5 6
1 21 12
0 24 11
0 25 6
0 26 0
0 27 4
0 28 0
1 12 20 3 8
1 1 17 22
1 10 7 21 28
1 0 15
1 8 4 11 18 23
1 5 10 2
1 2 17 14
1 3 5 0 6 26
1 7 17 19
1 11 13 1
1 6 12
1 4 12 9
1 9 10 16
0 13 12 27
0 14 23 25
0 15 24
1 5 11
1 19 14
1 6 11
1 22 5
1 11 13 18
1 8 2
1 2 3
1 18 14
1 21 14
1 7 6 1 8
1 12 9
1 10 9 12
1 9 2
1 20 14
1 3 15 20
1 0 0 4
1 17 16
1 4 15
1 14 7
1 15 7
1 23 5
1 16 16
1 1 3 17
1 13 10
0 24 16
0 25 19
0 26 14
0 27 19
0 28 13
1 0
1 5
1 9
1 2
1 1
1 16
1 6
1 13
1 7
1 11
1 12
1 4
1 8
1 10
1 15
1 3
1 14
0 17
0 18
0 19
0 20

