6
23 35 26 23 8 27 
1 17 14 15 23
1 10 18 17 28 26 15
1 3 1 7 15 25 20 13 29
1 8 8
1 1 8 25 23 27 13
1 5 8 14 12 19
1 12 1 6 9 11 4 34
1 7 11 5 13 20
1 4 18 10 26 9 31 15
1 6 19 17 27
1 9 16 0 12 24 14
1 2 21 4 22 27 1 13 0
1 11 8 3 12 1 21
1 0 13 14 1 30
1 13 8 28 21 0
1 15 2 7 17 4 23 13
1 16 24 4 15
1 18 17 20 7 22 9 21
1 14 23 8
0 19 32
0 20 6
0 21 33
0 22 25 33
1 27 15 11 17 14
1 11 15 9 0
1 20 9 12
1 14 19 0 7
1 16 8 14 18
1 23 19 17 10 12
1 22 14 12 13 1
1 7 20 1 10
1 13 15 18
1 25 2 6
1 12 8 17
1 3 18 7 5 16
1 17 2 18
1 1 16 14
1 10 1
1 26 14 2 11 13 23
1 4 16 13 5 7
1 28 17 14
1 6 17 5 0 16
1 9 9 2 16
1 24 9 19 12 24
1 19 0 11
1 18 19 3
1 21 14 4 2
1 15 10
1 2 8 3
1 5 7
1 0 20
1 8 5 6
0 29 8
0 30 15 23
0 31 4 21
0 32 11 22
0 33 6
0 34 17 25
1 5 5 18
1 9 8 1
1 14 7 14 6 13
1 3 1 9 4 21 22
1 8 5
1 0 4
1 17 12 0
1 6 6 14
1 4 17 3 7
1 11 2 9 7 3 10
1 10 4 2 15 1 8 16 9 19
1 18 15 16
1 16 18 13
1 13 0 18 12
1 20 14 0 13
1 12 11 16
1 2 6 5
1 15 3 16
1 7 5
1 19 10 7 13
1 1 9
0 21 10
0 22 16
0 23 20
0 24 15
0 25 20 13
1 16 1 5
1 13 5 2 0
1 14 4 1 0
1 7 3 1 2
1 0 4
1 8 5 0 3
1 1 5 3 6
1 11 0 5 4 2 7
1 4 3 2 1 4
1 3 2
1 12 0 2 1 4
1 5 3 5 2 4 1
1 9 4 0 6
1 18 1
1 15 2 1
1 10 3 1 5 4 0
1 17 1
1 2 3 1 4
1 6 1 5 3 4
0 19 0
0 20 2 7
0 21 3 0
0 22 1
1 4 14 1 11 17 3 4 13 6 10 5 2 25 8
1 5 4 3 9 19 15 14 18 10 1 6 0 12 11 23
1 2 0 2 12 18 4 16 15 7 5 9 8 14 13
1 0 21 10 18 17 8 16 2 13 15 19
1 1 8 13 15 16 20 7 12 5
1 3 20 5 6 7 17 9 12 19 15 0
0 6 11 22 14
0 7 24 26 7 12
1 10
1 19
1 3
1 20
1 15
1 9
1 18
1 5
1 1
1 11
1 14
1 21
1 12
1 6
1 16
1 13
1 2
1 7
1 4
1 17
1 8
1 0
0 22
0 23
0 24
0 25
0 26

