2
31 47 
1 9 23 28 18 26 22 10
1 2 0 4 6 25 46 24 37
1 1 20 23 25 0 30 45 15 9
1 4 15 23 14 2 27
1 13 14 24 19 7 5 0
1 6 18 26 17 24 6 31 39 42 45
1 3 1 3 21 11 25 37
1 18 8 12 26 13
1 12 8 17 23 22 24 28 16 37 9
1 16 8 22 2 3 12 13 19
1 0 1 15 33 46
1 5 11 9 10 25 26 18 15 20 19 1 45 5 2
1 7 18 27 16 2 17 38 44
1 8 19 6 2 10 18
1 10 16 26 7 21 10 19
1 11 21 2 7 4 13 10 35
1 15 8 5 11 24 12 26
1 17 13 12 2 28 5 22 34 38
1 14 8 2 9 16 27 17 6
0 19 24
0 20 41
0 21 14 33
0 22 26 33 38
0 23 2 31
0 24 40
0 25 18
0 26 32 43 26 19
0 27 36 44 4
0 28 22 4 42
0 29 35 29 16
0 30 8
1 0
1 1
1 20
1 16
1 8
1 26
1 5
1 21
1 27
1 17
1 14
1 10
1 28
1 25
1 13
1 4
1 19
1 12
1 9
1 18
1 3
1 11
1 24
1 7
1 22
1 2
1 15
1 6
1 23
0 29
0 30
0 31
0 32
0 33
0 34
0 35
0 36
0 37
0 38
0 39
0 40
0 41
0 42
0 43
0 44
0 45
0 46

