20
32 6 20 35 6 20 35 14 20 8 32 20 10 23 15 36 24 24 27 14 
1 0 1
1 4 4 1
1 1 1
1 2 2 1
1 7 1 3
1 11 4
1 8 1 3
1 10 2 0 4 1
1 9 3 1
1 20 3
1 5 2
1 17 2 0
1 12 4
1 21 3
1 22 3
1 23 3
1 3 1 2
1 13 4
1 18 0 2
1 24 3
1 14 4 0
1 6 2
1 25 0 3
1 16 2 3
1 19 0 4 3
1 15 0 1 2
0 26 4
0 27 5
0 28 3
0 29 4
0 30 1
0 31 2
1 4 1 2 4 8 5 0 3 19
1 0 10 3 9 11 14 6 12 7 0
1 1 4 2 5 12 15 14 0 1
1 3 0 8 13 9 1 12 4 17 18 5
1 2 7 6 15 5 2 4 3 16
0 5 6 10
1 7 11 13 1 14
1 13 21 17 24 22 28 1
1 15 25 5 33 9
1 12 7 5
1 10 5 3 23 24
1 5 7 1 6 23
1 6 21 20 11 25
1 8 15 18 24 10 9
1 11 15 19 18 14 30
1 9 0 4 3 29
1 2 16 2 26
1 1 12 28 26 20 1
1 0 16 27
1 14 9 8 22 15 3 28
1 4 27 28 2 21
1 3 14 10 18 24 0
0 16 34 8
0 17 12 31
0 18 12
0 19 32
1 5 3 4
1 16 4
1 22 1 4
1 17 4
1 26 1 4
1 15 2 0
1 13 4
1 20 0 4
1 9 3 0
1 21 4 0
1 10 3 4 0
1 12 3 1
1 0 3
1 14 3 1
1 19 4 2 1
1 27 0
1 3 3 2
1 8 0 3
1 2 3
1 18 4
1 1 3
1 23 0
1 28 1 4 5
1 7 0 3
1 25 0
1 24 0 2
1 11 1 3
1 4 2
1 6 4 3
0 29 2
0 30 5
0 31 1
0 32 5
0 33 3
0 34 1 5
1 3 3 8 0 12 10 7 2 1 5 17 18
1 4 6 2 5 7 10 9 14 3 15
1 1 9 13 14 10 0 7 8 4 11
1 0 4 1 11 15 0 6
1 2 15 0 12 9 7 6 1 2 13 16 4
0 5 3 19 15
1 0 13
1 3 6 23 32
1 7 28 18 19 21 23 13
1 15 1 30
1 4 13 10 12 14 3 29
1 6 9 4 11
1 5 26
1 12 15 17 10 0
1 9 11 20 9
1 13 9 5
1 8 6 2 16 27 22 4
1 10 28 8 33
1 14 0 18 22 1
1 2 7 24 21 5
1 1 11 3
1 11 25 22 26
0 16 9
0 17 31
0 18 19
0 19 34
1 20 3 1 9 4
1 28 3
1 13 9 6 4
1 1 6
1 8 7
1 16 1 4
1 5 1 6 8
1 10 2 8
1 17 9
1 21 0
1 26 3
1 6 7 12
1 22 4 9
1 3 10
1 0 6
1 15 5
1 27 3
1 12 3 10 7
1 25 3 4 5
1 9 6 2 7 1
1 24 4
1 7 7
1 23 4
1 14 8 0 7 4
1 2 10
1 19 5 4
1 11 6 3 1
1 4 10
1 18 9
0 29 3
0 30 7 11
0 31 8
0 32 12
0 33 10
0 34 13
1 8 4 8 11 15
1 4 3 10
1 5 1 19
1 10 11 13
1 9 13 12 9
1 6 5 7
1 0 0 7 5
1 3 14 2 15
1 2 2 9 3 15 0 6 14
1 7 12 15 7 4 2 11 6 16
1 1 0 6 2 8 17
0 11 0
0 12 0
0 13 18
1 1 5 2
1 6 3 2 4
1 2 5 7
1 3 3 4 2
1 15 3
1 13 3 1
1 7 2 1 0
1 0 2 4
1 4 5 0 4
1 8 0 5
1 9 3 4 5 0
1 12 5 3
1 11 0 1
1 14 3 1
1 5 5 4 0
1 10 1 5 2
0 16 6
0 17 2
0 18 4
0 19 7 0
1 3 22 0 5 10 15 23 20 24 17
1 4 21 1 2 8 17 24 9 16 10 15 27
1 0 9 19 25 26 28
1 5 21 3 12 6 0 18 15 29 31
1 1 7 4 13 18 6 1 14 22 17
1 2 6 11 14 16 20 1 9 5 19 23 30
0 6 5 24
0 7 24
1 7 9 3
1 9 14 13
1 4 15 12
1 21 12
1 15 5 4 11
1 6 14
1 16 8 9
1 1 4
1 12 6 10 1
1 5 14 2 3 12
1 18 11 6
1 25 5 16
1 17 12 13
1 19 1 12 5 8 17
1 2 1 0 9
1 20 12
1 22 5 11 12
1 13 9 1 7 19
1 14 6 13
1 3 1
1 8 4 12
1 11 7 2
1 0 4
1 23 7 10 11 0
1 24 5
1 10 9 10
0 26 18
0 27 13
0 28 18
0 29 7
0 30 9
0 31 10
1 2 0 2
1 4 2 3 0 5
1 0 1 5
1 7 5 3 1
1 3 1 5 6
1 13 7 6
1 9 6 5 2
1 15 7
1 14 7 4
1 5 7 0 5 1 2
1 10 3 0 4 8
1 12 6
1 11 4 5
1 8 3 2 6 1
1 6 0 4 6 1
1 1 1 2
0 16 2 1
0 17 9
0 18 5
0 19 1
1 1 13 8 10 2 16 0
1 0 2 12 11 14 0 7
1 3 4 10 11
1 4 0 6 2 14
1 6 5 15 17 13 0 20 22 8
1 2 11 6 17 15 1 10 0 7 16 14
1 5 18 1 7 14 16 8 6
1 7 3 9 10 6 7 19
0 8 13 21
0 9 1 19
1 9 5 4
1 14 2 1
1 5 10 8 7
1 11 3 7
1 16 1 11
1 15 5 11 1 7 14
1 13 2 10
1 7 7 9
1 10 10
1 18 11 5 0
1 4 3 9 6 7
1 3 7 6
1 1 0 8
1 12 0 11
1 6 8 2 9 12
1 17 2 11
1 2 3 6
1 0 4 8 9
1 8 0 1
0 19 9
0 20 4 13
0 21 1
0 22 8
1 3 5 0 4 12 28 31
1 8 29 18 26 27 24 28
1 9 1 3 16 19 20 14 11
1 5 6 9 28 24
1 1 25 27 23
1 11 10 16 29 34 35
1 0 5 22 27 17 23
1 7 21 2 13 17 15 8
1 2 24 6
1 4 23 15 20 4 8
1 6 17 14 9 4 28
1 10 8 7 11 5 14 32
0 12 17
0 13 33
0 14 30 33
1 0 12
1 23 3 7
1 28 7 16
1 3 9 17
1 16 5 10
1 18 1 0 20
1 9 18 14 8
1 15 15 9 10
1 29 19
1 11 3 12 23
1 14 5 13 1
1 17 15 2 11
1 8 9 19
1 1 12 1
1 20 9 11
1 4 1 2
1 26 6 3
1 2 1 14
1 7 5
1 24 19 13
1 12 18 9
1 25 3
1 10 19 2 12
1 5 12 8 5 14
1 13 7 1
1 19 13 21
1 22 4 13 6 19
1 6 8 17
1 21 0 9 3
1 27 6
0 30 0
0 31 13
0 32 11
0 33 3 15
0 34 22
0 35 17
1 18 13
1 3 0 8
1 4 7 14
1 14 11 16 10
1 8 10
1 5 2 8 5 4 9 17
1 15 2
1 13 2 3 13 20
1 9 16 3
1 6 14 19 5 16
1 12 16 22
1 16 11 5 2
1 1 8
1 11 13 1 5 8 10
1 2 8 4
1 7 10 5 3
1 19 18 6
1 0 12
1 10 17 9 5
1 17 15 13
0 20 9
0 21 18
0 22 23 22
0 23 16 21
1 5 7 1 14 0
1 19 15 11 25
1 13 11 16 7
1 7 17 21 22
1 3 4 9
1 10 17 16 7
1 17 20 12
1 2 9 7
1 1 6
1 8 0
1 9 10 1
1 18 20
1 0 9
1 16 15
1 4 10 8
1 14 3 2 8 26
1 12 0 20 21 8 18 24
1 11 18 8
1 15 10 5 13 19
1 6 14 4 12 23
0 20 11
0 21 5
0 22 17
0 23 13
1 8 6 5 2
1 11 7 8
1 18 2 7 5
1 17 10
1 6 1 5
1 13 1 10
1 1 8
1 4 4 5 3
1 7 1 5
1 0 0 8 4 11
1 5 8 3
1 21 9
1 14 7 5
1 19 1 7
1 2 8 13 4
1 15 9 6
1 9 0 10 2
1 12 7 6 1
1 10 10 5
1 20 2 9 5
1 16 1 2 13
1 3 8
0 22 8
0 23 5
0 24 7
0 25 12
0 26 5
1 1
1 5
1 8
1 6
1 0
1 4
1 3
1 9
1 2
1 10
1 7
0 11
0 12
0 13

