20
28 26 10 27 28 28 9 28 6 29 27 31 8 21 14 14 33 35 32 31 
1 12 8 16
1 9 11 15
1 6 16 2 13 20 22 23
1 0 11 4 7 14 17 16
1 3 1 9
1 5 10 1
1 22 3
1 11 13
1 17 13 12
1 4 20 14 7 22
1 15 13 0 5 19 6
1 16 2 18
1 2 13 15
1 18 10 6 18 25
1 1 9 14 13 24
1 7 5 17 19
1 20 5 12 2 3
1 8 1 7 3
1 13 18 12 15
1 21 8 6 23
1 14 10 7 20 2
1 19 11 12 13
1 10 5 15 20 16
0 23 10
0 24 9
0 25 1
0 26 21 15
0 27 16
1 12 3 6 1
1 6 6
1 9 4 6 0 8
1 18 2 0
1 5 7 4 1
1 19 1 5
1 15 5 4 3
1 4 7 2 4 5
1 20 5
1 7 0 2 7 4
1 11 1 2 3 4 6
1 16 1 3 5 6
1 14 0 6
1 10 1 5 3 7 4
1 2 3 7 4 6
1 3 3 7 8
1 0 4 7
1 8 3 4 1
1 13 2 3
1 1 6 4 7
1 17 1
0 21 7
0 22 5
0 23 7
0 24 1
0 25 9
1 6 17 0 19 6 23
1 5 14 9 7 19
1 4 11 3 8 21 15 9 13
1 3 5 18 15 6 3 2 7 23
1 1 4 2 7 20 16 6 19 10 17 5 18
1 7 17 2 20 0 14 26
1 2 1 12 13 16 17 9 5 11 8 22
1 0 5 6 10 15 8 11 7 9 12 0 17 19 25 22
0 8 8
0 9 18 24 26
1 15 21 19
1 5 8 15
1 12 4 3 9
1 17 19 13 1 7 14
1 0 0
1 8 22 20 19 4
1 21 2 13
1 4 8 6 12 3 17
1 9 6 9 8 3 19 13
1 14 10 18 5 22
1 3 8 16 12 4 25
1 7 20 1 0 23
1 2 11 16
1 20 5
1 19 4 5 14 22
1 11 8 13
1 16 5 14 16 0
1 13 7 16 17 4
1 10 0 6
1 1 19 10 8 26
1 18 1 15 13 16 6 24
1 6 22 12 10 3 14
0 22 19 5
0 23 27
0 24 15
0 25 19
0 26 3 16
1 3 0 11
1 17 21 20 14 23 27
1 22 17 21
1 9 5 8 1 0 13
1 14 0 10 16 13
1 18 21 0
1 16 21 1 11
1 11 5 24
1 0 19 8 15
1 7 22 8
1 6 13 14 4 15 19
1 1 15 20 26
1 2 3 11 12 8
1 19 1
1 20 18 4 14 21 25
1 15 2 9 20 21 4
1 12 16 8
1 8 5 0
1 10 21 20 3
1 5 10
1 4 6 7
1 21 16 4
1 13 2 0 18 12 14
0 23 7
0 24 1
0 25 9
0 26 22
0 27 6
1 8 4 1 5
1 16 5 3 6 1 2
1 20 5 1
1 3 4 3
1 15 0 6
1 13 4 5
1 12 1
1 2 3 6
1 6 6 2
1 1 3 4
1 7 6 3 0
1 4 3 1
1 9 1 6 4
1 19 0
1 10 4 1
1 0 3
1 21 0 5
1 18 1 5 0
1 17 3 5 0 2
1 5 3 0 4
1 11 1 6
1 22 2 5 4
1 14 6 3 5 4 1 0 2
0 23 7
0 24 5
0 25 8 7
0 26 0
0 27 4 0
1 4 5 2 6 10 18 1 20 0 16 9
1 3 9 16 5 6 19 18 21 3 1 2 4 27
1 6 15 17 20 6 0 8 21 10 24
1 0 0 19 9 21 11 4 3 13 23 5
1 1 8 1 3 11 12 14 13 15 4 16 9 0 26
1 5 8 4 13 21 22 14 15 18 17 25
1 2 7 6 9 3 19 18 20
0 7 7 12
0 8 7 4 1
1 8 4 2
1 15 4 0
1 10 3 0 4 1
1 14 1 2
1 0 4
1 11 4 0 1 3
1 17 4 0 2
1 4 2 4
1 18 0 1 4
1 9 4 3 2
1 22 2 0
1 3 2 4
1 7 1 3
1 5 1 4 2 3
1 12 3 0 4 1 5
1 19 2 1 0 3 4
1 6 3 1
1 13 0 1 4 3
1 21 3 0
1 1 1 4 3
1 2 1 3
1 16 3 0 4 1
1 20 2 0 1 3
0 23 1
0 24 2 3
0 25 1 4
0 26 2
0 27 2
1 4 7 1 5 6 10 20 14 8 2 19 18 21 23 26 27 22
1 1 19 4 9 22 23 21 0 7 12 20 3 5 2 18
1 3 11 2 14 20 21 0 1 3 10 16 6 8 13 5
1 2 18 8 12 13 17 16 10 20 3 2 15 22 0 11 25 21
1 0 16 0 3 15 20 2 21 1 24 27 7
0 5 20 28
1 10 11 18 14
1 22 7 18
1 0 6 16 21 17
1 2 3 0 7 16
1 15 19 9 14 10
1 5 6 13
1 19 21 8
1 16 5 12
1 21 1 19
1 14 5 8 15
1 17 15 5 11 18
1 18 10 15
1 6 5 20 6
1 8 12 16
1 3 2 16 17 20
1 7 4 15 23
1 4 6 13
1 12 20 3
1 9 9 17 13 0
1 1 6 14
1 11 1 0 7 25
1 13 13 0
1 23 20 12 22
1 20 10 1 22
0 24 5
0 25 5
0 26 5 24 12
0 27 4
0 28 11 26
1 9 0 5 14 8 28 30
1 17 3 11 0 8
1 5 3 18 15
1 4 4 15
1 3 23 18 14 8
1 6 16 6 19 25 12
1 2 22 24
1 10 16 10 11 21 18
1 14 8 26
1 18 17 5 6 9
1 11 13 17
1 8 18 19 3 15
1 19 21 17 11 13 27
1 15 20 2 24
1 7 16 19
1 16 21 9 17
1 0 10 14 18
1 1 13 7 12
1 21 3
1 12 17 15 9
1 20 19 11
1 13 1 24 3 22 2
0 22 29 0
0 23 4
0 24 3
0 25 13
0 26 21
1 6 4 0
1 20 2 5 4 7
1 12 5 1
1 21 2
1 11 2 4
1 24 3 5
1 9 4 3 2
1 5 0 4
1 14 0 3
1 15 1 5 3
1 7 4 3
1 23 2
1 1 4
1 10 1 3 5 4
1 4 3 1
1 8 3 0 4
1 3 4 5
1 16 0 5 2 1
1 0 1 4
1 18 4 5 2 0
1 22 2
1 17 3
1 2 0 1
1 19 4 5 2
1 13 1 5
0 25 2
0 26 2
0 27 3
0 28 6
0 29 4
0 30 6
1 2 6 8 13 0 9 15 16 14 5 17 20
1 0 9 7 13 5 17 4
1 4 5 0 1 16 14 9 4 11 8 2 10
1 3 13 2 10 14 7 0 6 4 8 12 19 1
1 1 7 11 15 13 2 0 6 1 5 12
1 5 9 3 4 12 5 11 8
0 6 18 2 6
0 7 2
1 0 10 2 8 11 7
1 6 5 8 10 9
1 8 4 9 7
1 12 4 3 6 9 5 1
1 15 6 5
1 2 8 7
1 4 2 10 0
1 1 10 4 2
1 16 6 3 5
1 5 1 5
1 14 9 7 12
1 10 7 5
1 11 0 5 2 9
1 3 1 2 7 13
1 7 6 2 5 1
1 9 2 7 5 3 11
1 13 5 6 7 0
0 17 2
0 18 0 10
0 19 2
0 20 10
1 6 5 8 9 0 6 10
1 3 9 10 6
1 2 1 8 4 6
1 8 3 4 1 6
1 1 0 8
1 7 7 6 12
1 9 3 2 7 1 6 4
1 5 9 7 0
1 0 9 6 0 13
1 10 7 6 1 10 2 0
1 4 2 10 8 1 9 4 6
0 11 6 11
0 12 4
0 13 1
1 4 7 4 21 22 9 15 29 20
1 8 20 15 8 2 17 10 9 28
1 5 7 25 26 13 9 4 12 31
1 9 9 2 5 12 1
1 0 6 24 17 23 27 28
1 10 1 10 12 13 16 15
1 3 17 14 25 11 12 32
1 7 11 19 10
1 2 5 26 22 7 2
1 1 11 0 8 1 14 5 6 3
1 6 23 2 3 18 21 11
0 11 26
0 12 6
0 13 30 20
1 1 16 10
1 25 0
1 22 9 8 26
1 15 18 9 20 12
1 10 14 2 30
1 2 27 23
1 6 23 18
1 4 23 7 20
1 16 9 8
1 18 11 3 0 5
1 23 21
1 11 14
1 24 28 4 3
1 12 10 5 20 24 25 26 11
1 3 16 24
1 21 22 1 31
1 26 15 33
1 8 6 3
1 20 9 12
1 13 1
1 9 2 6 21
1 14 12 6 5
1 5 13 17 8
1 0 23
1 17 16 25 8
1 7 19
1 19 21 3 12 14
0 27 17
0 28 10
0 29 23
0 30 18 29 34
0 31 4
0 32 15 32 8
1 23 2 13 19
1 14 7 5 1
1 9 22 12 4
1 17 14 17 15 8 6
1 22 16 23 1 9 6 14 19
1 21 16 11
1 3 19 18
1 15 17 12
1 12 15 2
1 18 17 26
1 2 19 28
1 4 25 18 5 27
1 19 9 14
1 11 3 12
1 13 7 17 11
1 25 6 10 12 5
1 7 21 17 8
1 0 4 25 30
1 16 3 12
1 10 1 19 22 31
1 5 0 11
1 20 20 4
1 24 16
1 1 8 18
1 6 4
1 27 2
1 28 24
1 8 4 11 8
1 26 9 6
0 29 5 29
0 30 6
0 31 16
0 32 10
0 33 1
0 34 16
1 1 23 18 17
1 16 2 3 22 24 4
1 19 19 5 10 11 20
1 12 24 7
1 8 20 13 9
1 13 24 30
1 24 11 19
1 4 20 15 5
1 3 4 23
1 11 18 15
1 22 8 3 6
1 15 6
1 9 23 8 6
1 25 10
1 18 0 16 7 17
1 2 17 29
1 17 14 6 9
1 14 9 24 13
1 6 18 1 6 23
1 5 9
1 21 0 24 13
1 7 5 8
1 10 5 11 25
1 23 16 13
1 20 7 12 15 24
1 0 21 20
0 26 27 12
0 27 5
0 28 7
0 29 15
0 30 4
0 31 26 28
1 18
1 13
1 8
1 20
1 6
1 2
1 12
1 10
1 14
1 7
1 23
1 17
1 22
1 16
1 19
1 15
1 21
1 4
1 5
1 24
1 3
1 0
1 9
1 1
1 11
0 25
0 26
0 27
0 28
0 29
0 30

