6
23 35 26 23 8 27 
1 17 14 15 23 25 6 11 8
1 1 18 17 28 26 15 11 24 34
1 15 1 7 15 25 20 13 22
1 5 8 10 24
1 18 8 25 23 27 1 7 29 30
1 13 8 14 12 19 5 9 11 18 33 25
1 12 1 6 9 11 4 27 2
1 2 11 5 1 2
1 4 18 10 26 9 24 8
1 6 19 17 27 13 3 10 1 31 32 28 20
1 8 16 0 12 24 14 28
1 10 21 4 22 27 1 13 12 32 24
1 0 8 3 12 1 21 10 31
1 3 13 14 1 0 18 28 21
1 9 8 28 21 0 20 7 11 24 25
1 11 2 7 17 4 23 26 28 24
1 7 24 4 15 3 14 11 7 18 26 34 1
1 14 17 20 7 22 9 21 5 28
1 16 23 8 21 27
0 19 34
0 20 18
0 21 15
0 22 34
1 1 15 11 17 14 2
1 4 15 9 0 6
1 21 9 12 0 19
1 10 19 0 7 12 20 1
1 19 8 14 18 4 9
1 14 19 17 10 12 0 2 7 4 23
1 8 14 12 13 1 17 19
1 18 20 1 10 7 17 18 21
1 15 15 18 12 2 6 4
1 20 2 6 10 3 14 12
1 2 8 17
1 11 18 7 5 16
1 12 2 18 20 15 17 24
1 13 16 15 12 2
1 25 1 18 14 9 20 11
1 5 14 2 11 13 0
1 9 16 13 5 7 12 9 14
1 7 17 14 2
1 6 17 5 0 9 16 15
1 22 9 2 16 1 15 12 5
1 27 9 19 12
1 3 0 11 18 24
1 28 19 3 12 5
1 24 14 4 2 9
1 16 10 11 18 16
1 23 8 3 5 24
1 0 7
1 26 20 14
1 17 5 6 3 8
0 29 20 12
0 30 24 10
0 31 23 2
0 32 5 22
0 33 15 25
0 34 1 18
1 4 5 18 17
1 16 8 1 15 18
1 14 7 14 6 13 8 15
1 17 1 9 4 10 12 0 16
1 18 5 1 9 22
1 9 4 6 12 18 11
1 5 12 0 17 5 15 18
1 0 6 14 18
1 8 17 3 7 8 1 2 5 4
1 12 2 9 7 3 10 5 15 14
1 15 4 2 15 1 8 16 9 17 12 6
1 2 15 16 18 0 2 3
1 10 18 13
1 7 0 18 1 3
1 6 14 0 13 18 15 6
1 3 11 16 12 3
1 13 6 5 13 3
1 1 3 16 0 21
1 11 5 6 7
1 19 10 7 13 1 12
1 20 9
0 21 14 19
0 22 16 21
0 23 18 20 14
0 24 17
0 25 12 22 19 21
1 5 1 5 3 4 2 7
1 15 5 2 0 3 1
1 0 4 1 0 5 7 6
1 7 3 1 2 4 0 5
1 16 4 0 2 7
1 9 5 0 3 2 4 1
1 8 5 3 1 0 4 2 7
1 11 0 5 4 2 1 3
1 13 3 2 1 4 5 0
1 18 2 1 7
1 17 0 2 1 4 3 6 7
1 6 3 5 2 4 1 0
1 10 4 0 5 1 2 3
1 14 1 3 5 0 2
1 1 2 1 5 0 4
1 12 3 1 5 4 0 2
1 2 1 5 2 3 4 7 6
1 3 3 1 4 5 2
1 4 1 5 3 4 2
0 19 5 4
0 20 2 4 7
0 21 7 4 0
0 22 5
1 3 14 1 11 17 3 4 13 6 10 5 2 20 8 19 9 12 21 18 0 23
1 2 4 3 9 19 15 14 18 10 1 6 0 12 11 13 17 8 7 2 20 24 25 26
1 5 0 2 12 18 4 16 15 7 5 9 8 14 13 3 10 20 21 1 11 23
1 4 21 10 18 17 8 16 2 13 1 20 4 7 0 5 3 26
1 1 8 13 15 16 20 7 12 5 2 6 1 3 17 18 0 9 11 19 10
1 0 20 5 6 7 17 9 12 19 15 0 10 1 14 8 11 18 23
0 6 2 11 15 8 3 19
0 7 22 25 24 13
1 7
1 8
1 17
1 18
1 20
1 6
1 0
1 3
1 9
1 12
1 15
1 1
1 13
1 19
1 16
1 4
1 14
1 2
1 10
1 5
1 11
1 21
0 22
0 23
0 24
0 25
0 26

