13
10 15 16 11 16 29 33 20 16 12 8 27 9 
1 3 10 4 5 1
1 2 3 6
1 6 5 7 11 3
1 5 2 11 10 1 8 4 12 5
1 4 5 9 7 6
1 7 1 4 7
1 1 8 6 3 9 5 11
1 0 1 0 8 6 11 7
0 8 14
0 9 13
1 0 3
1 11 1 2 4 5
1 8 6 10
1 6 7 2 9 8 11 1 12
1 9 1
1 7 3 5
1 3 12
1 10 10 5
1 5 8 3 7 4
1 4 0 6 11 12 4
1 1 3 9 11 14
1 2 12
0 12 13 2
0 13 13
0 14 11 15
1 7 5 2 1
1 8 4 7 5 0 3
1 10 6
1 0 2 4
1 6 6 3 9
1 12 7
1 9 1
1 5 7 2 1 4
1 11 7 6
1 1 2 3 6
1 4 0 8
1 3 1 0 3 2
1 2 8 3
0 13 0
0 14 1
0 15 10
1 4 6 4 11 0 8 1
1 5 10 7
1 2 3 9 0 6 8 13
1 1 12 8 7 15 2
1 0 7 9 8
1 6 10 11 1 3
1 7 7 8 4 12 1 10
1 8 1 14
1 3 3 0 2 5 7 12 8
0 9 12
0 10 14
1 6 0 3 7 8 19 24
1 9 8 23
1 5 17 19 20 21 28
1 2 12 9 18
1 7 10 23 22
1 8 16 1 26
1 10 13 23 4
1 1 7 18 2 22
1 0 0 5 6 11
1 4 15 19 21 6
1 11 0 9
1 3 16 2 9 22 5 7
1 12 4 14
0 13 18
0 14 27
0 15 9 25
1 19 1
1 22 14
1 6 26 18
1 7 23 2 5 13
1 13 3 32
1 9 15 10
1 2 6 13
1 10 19 3 22
1 15 0 13 20
1 16 24 0
1 17 17 4 22
1 0 9
1 8 25 18 2 28
1 20 4
1 23 16
1 14 0 11
1 5 25 3 26 15 13 24
1 18 1
1 4 11 24
1 3 19 12 10
1 1 9 21
1 21 22
1 11 4 8 9 11
1 12 3 7 25
0 24 2 30
0 25 1
0 26 22 29 31
0 27 17
0 28 27
1 24 3
1 19 1 7 4 2
1 18 11 17
1 14 6 1 0
1 20 11
1 16 2 0
1 1 12 0
1 23 10
1 26 15
1 0 12
1 17 2 9 10
1 6 13
1 4 8 12
1 12 5
1 22 5 2
1 8 8
1 25 15 10
1 15 12 14
1 13 5
1 3 4
1 10 8
1 7 8
1 21 5 3
1 2 4
1 11 8
1 5 6
1 9 14 0 12
0 27 18
0 28 1
0 29 19
0 30 19
0 31 15
0 32 16
1 3 2 1 6
1 14 0
1 13 0
1 11 2 10 12 11 6 7 14
1 1 5 10
1 7 12 10 2
1 4 2 4 9
1 8 11
1 6 2 3
1 2 9 5
1 10 6 7 8 15
1 9 5 0
1 0 8
1 5 9 4
1 15 12
1 12 12 0 11 13
0 16 12
0 17 3
0 18 8
0 19 10
1 9 1 6
1 1 2 4
1 5 7 4
1 7 4 3 1 9 6
1 8 8 0 4
1 4 9 0 4
1 10 7 5 6 1 4
1 12 8
1 0 2 11
1 3 6 4
1 2 6 2
1 6 4 7 2 5 11
1 11 7
0 13 3
0 14 10
0 15 7
1 0 2 0
1 6 3 1 5 0
1 2 2 3 4 6
1 1 0 5 4
1 3 0 4 3 5
1 7 2 5 4 1 7
1 4 2 4 5 7
1 5 3 0 5
1 9 5 1
1 8 1
0 10 4
0 11 3
1 0 19 9 11 12 13 20 16 21
1 4 5 2 8 18 13 7 26
1 2 4 3 7 10 17 8 16 19 13 23
1 3 6 1 15 11 4 17 8 13
1 1 0 14 16 21 11 1 18 8
1 5 6 4 17 7 0
0 6 3 22 26
0 7 24 25
1 4 5
1 7 6 0
1 9 2
1 11 4 5
1 18 6
1 10 3 1
1 19 3
1 15 2 4 6
1 14 4 7
1 0 1
1 21 3
1 16 6 5
1 1 1
1 20 3
1 2 0 1 4
1 5 0 2
1 8 5 4
1 6 5 0 6
1 17 4 3
1 3 4 0 1
1 12 5 2 3
1 13 4
0 22 8
0 23 2
0 24 8
0 25 8
0 26 2
1 1
1 0
1 3
1 6
1 4
1 2
1 5
0 7
0 8

