2
23 35 
1 9 23 28 18 26 22
1 2 0 4 6 25
1 1 20 23 25 0
1 4 15 23 14 2 27
1 13 14 24 19 7 5 32
1 6 18 26 17 24 6 34 27 33
1 3 1 3 21 11 25 30 31 22
1 18 8 12
1 12 8 17 23 22 24 28 16 6
1 16 8 22 2 3 12 13 19
1 0 1 15 34
1 5 11 9 10 25 26 18 15 20 19
1 7 18 27 16 2 17
1 8 19 6 2 10 33
1 10 16 26 7 21 10 19 8
1 11 21 2 7 4 13 10
1 15 8 5 11 24 12 26
1 17 13 12 2 28 5 22 18
1 14 8 2 9 16 29 23
0 19 12
0 20 4 10
0 21 18
0 22 28
1 0
1 1
1 20
1 16
1 8
1 26
1 5
1 21
1 27
1 17
1 14
1 10
1 28
1 25
1 13
1 4
1 19
1 12
1 9
1 18
1 3
1 11
1 24
1 7
1 22
1 2
1 15
1 6
1 23
0 29
0 30
0 31
0 32
0 33
0 34

