6
18 36 39 21 39 28 
1 0 20
1 3 16 10 22 25
1 4 18 1 2 15 23
1 10 9 5
1 9 13 8
1 2 11
1 5 4 0 3 7 34
1 6 6 12 26 28
1 8 14
1 1 21 19
1 7 4 17 32
0 11 1
0 12 16 27
0 13 13 33
0 14 35
0 15 24
0 16 12 29 30
0 17 4 31
1 13 10
1 14 19
1 8 16 32
1 12 2 12
1 10 16 0 24 33
1 20 7
1 15 11 17 34
1 3 8
1 19 7 30
1 21 6 36
1 4 18 3
1 6 4 1
1 9 21 13 20
1 18 19
1 17 19
1 7 18
1 11 22 23 27
1 16 19 26 38
1 1 21
1 5 4
1 0 9
1 2 15 5 14
0 22 31 25
0 23 23
0 24 11
0 25 18 29
0 26 23
0 27 21
0 28 35
0 29 19
0 30 28
0 31 10
0 32 37
0 33 20
0 34 0
0 35 0
1 15 8
1 8 7
1 12 11
1 4 6
1 7 7
1 0 3
1 23 12 0
1 20 10 9
1 6 6
1 1 1 18
1 17 4
1 14 10
1 16 4
1 13 5
1 3 6
1 11 11
1 10 7
1 22 12
1 9 7
1 18 4 17
1 19 8 2
1 2 1
1 5 6 16
1 21 12
0 24 8
0 25 15
0 26 11 19
0 27 1
0 28 0
0 29 9
0 30 9
0 31 11
0 32 7
0 33 7
0 34 7
0 35 20
0 36 11
0 37 13
0 38 0 14
1 12 20 3 8
1 1 17 22
1 10 7 21 38
1 0 15
1 8 4 11 18 23
1 5 10 2
1 2 17 14 27
1 3 5 0 6 28 34
1 7 17 19 32
1 11 13 1 24 29 35
1 6 12
1 4 12 9
1 9 10 16 25
0 13 26
0 14 31
0 15 7 36 37
0 16 26
0 17 33 30
0 18 10
0 19 21
0 20 22
1 5 11
1 19 14
1 6 11
1 22 5
1 11 13
1 8 2
1 2 3
1 18 14
1 21 14 23
1 7 6 1 8
1 12 9
1 10 9 12
1 9 2
1 20 14 20
1 3 15
1 0 0 4
1 17 16
1 4 15 25
1 14 7
1 15 7
1 23 5
1 16 16
1 1 3
1 13 10
0 24 24
0 25 5
0 26 1
0 27 10
0 28 26
0 29 17
0 30 22
0 31 12
0 32 5
0 33 6 27
0 34 18
0 35 8
0 36 1 21
0 37 19
0 38 12
1 0
1 5
1 9
1 2
1 1
1 16
1 6
1 13
1 7
1 11
1 12
1 4
1 8
1 10
1 15
1 3
1 14
0 17
0 18
0 19
0 20
0 21
0 22
0 23
0 24
0 25
0 26
0 27

