6
20 27 12 18 26 35 
1 2 2 14 13 11 17 5 4 0
1 7 0 8 21 7 17 16 10 11 15 12 14
1 11 9 13 10 6 18 14 2 21 25 4 26
1 13 15 19 6 20 9 7 24 26
1 4 6 15 20 4 11 13 1 5 7 9
1 0 17 14 0 5 16 10 15
1 10 10 11 7 19 21
1 9 16 6 21 0 10 13
1 5 19 6 21 14 11 0
1 12 7 18 6 5 13 3 8 11 20
1 3 1 6 11 17 16 5 12 22 10
1 6 5 12 0 2 6 13
1 8 20 11 5 21 8 18 14 1 0
1 15 4 3 1 9 20 8 18 22
1 1 17 7 20
1 14 7 20 16 3 21 23 26
0 16 6
0 17 25 15
0 18 3 10
0 19 16
1 3 9 6 8
1 0 7 1
1 4 0 7 8 5 2 1
1 21 3 9 2 8 0 6
1 11 9 8 2 5 0
1 9 8 4 9 2 7 5
1 8 6 3 8 9 1 7 2 5
1 6 5 3 9 7 8 6
1 14 7 9
1 20 6 0 9 4
1 7 2 8 9 7 1 4 10
1 5 7 6 8 4 9 0 1
1 17 0 8 3 5 9 2
1 13 3 5 0 1
1 2 9 8 5 1 7 0
1 15 9 6 8 2 0 4 1
1 12 9 2 8 7 1
1 1 1 8 6 7 5 3
1 19 7 9 4 2 10 3
1 16 2 1 6 7 3
1 10 3 8 6 7 10
1 18 6 2 1 4 3
0 22 2
0 23 5 3
0 24 10 11 0 5
0 25 1 5
0 26 10
1 7 13 5 9 11 8 2 10 0 14 7
1 1 4 12 3 11 2 10 0 9
1 9 13 5 2 10 7 1 6 8 4 9 12 14 17 0 3
1 8 5 13 1 14 6 7 2 3 10 8 12 16 4
1 4 9 8 2 12 5 7 1 4 16
1 2 11 2 6 7 3 12 13 9 0 14 10 1
1 5 0 3 7 1 9 10 8 16
1 3 13 14 10 4 8 6 12 0 7
1 0 7 8 12 3 0 4 17
1 6 1 3 10 9 6 4 0 15 11
0 10 17 2
0 11 10 15
1 6 17 16 18 4 2 6 15 10 8 7 13
1 10 8 7
1 9 1 3 13 7 4 18 10 21 25 5
1 0 0 10 6 2 13
1 1 0 13
1 13 9 15 3 5 14 11
1 12 10 17 18 7 20 1 25
1 5 7 2 15 3 17 18 22
1 7 13 20 4 10 3 25 12
1 8 19 4 5 6 3 7
1 14 13 7 5 1
1 2 0 11 3 6 16 8 14 15 2 18
1 4 1 3 20 15 12 6 17 10 0 16 18
1 11 14 13 4 16 23 6
1 3 12 6 3 7 11
0 15 9 6
0 16 19
0 17 24 15
1 5 15 2 19 10 22
1 18 14 27 11 20 1 6 23
1 0 4 12 3 0 25 10
1 1 16 3 27 24 21
1 16 11 20 26 13 14 10 6 34
1 15 9 15 23
1 2 0 17 27 23 16 11
1 19 11 28 7 4
1 4 5 4 6 27 15
1 20 18 13 2 28 7 16 31
1 9 2 8 28 0 12 9 25 14
1 11 5 16 27 8 14 26 18
1 3 6 21 26
1 6 14 22 4 24 5
1 17 7 13 4 8 27
1 12 23 5 28 1
1 8 1 3 24 28 4
1 7 10 9 27 12
1 10 11 25 9 16 29
1 13 19 15 8 13 22 14 26 33
1 14 0 26 1 7 8 28 32
0 21 3 6 32
0 22 14 30
0 23 22
0 24 19 9
0 25 13 27
1 6
1 19
1 18
1 2
1 9
1 7
1 14
1 27
1 17
1 21
1 5
1 25
1 3
1 26
1 23
1 15
1 13
1 0
1 24
1 8
1 28
1 1
1 12
1 20
1 10
1 4
1 16
1 11
1 22
0 29
0 30
0 31
0 32
0 33
0 34

