6
13 20 21 15 21 39 
1 7 0 8
1 3 1 3 7
1 4 10 4 0 2
1 5 1
1 0 5 9 7 0 4
1 1 11 9 17
1 6 8 6 11 12
1 2 10 2 5
0 8 12 15 11 16
0 9 19
0 10 14
0 11 2 13 16 18
0 12 12
1 11 1 17
1 8 6 0 5 1 13 19 12
1 6 3 4
1 4 4 10 3 6
1 1 6 11
1 5 12 0 9 1
1 10 5
1 2 3 2 8 10 11
1 7 1 3
1 0 6 2 14
1 3 7 3 6
1 9 1 9 4
0 12 2 20
0 13 11 13
0 14 6 15 5
0 15 2
0 16 16
0 17 9 18
0 18 19 2
0 19 4
1 9 6 2 4 12
1 12 5 4
1 0 1 4
1 3 8 6 0
1 11 2 4 10 12
1 10 2 5 13
1 2 5 3 7
1 7 5 3
1 8 4 2 6
1 6 6
1 4 2 0
1 5 6 1
1 1 7 0 8 3
0 13 14 9
0 14 14
0 15 0
0 16 7 9 4
0 17 11
0 18 11
0 19 0
0 20 9
1 2 4 0 5 18
1 0 10
1 6 12 8 0 11
1 3 8 1 4
1 8 2 7
1 7 8 12 2
1 5 6 0
1 1 10 9 1
1 4 3 11 16
0 9 15 13 16
0 10 17 20
0 11 14 6
0 12 14
0 13 5 19
0 14 19
1 7 19 1 38
1 5 9 6 18 21 22 12
1 9 9 2 10
1 3 3 18
1 4 14 4
1 1 0 15
1 6 8 22
1 11 17 25
1 8 12 11 1
1 2 10 5 0 29
1 0 16 20 23 3 35 37
1 10 13
1 12 7
0 13 36 32 34
0 14 0
0 15 4
0 16 26 28
0 17 23 27
0 18 4 24
0 19 33 30
0 20 2 31
1 4
1 17
1 23
1 6
1 10
1 3
1 7
1 22
1 16
1 18
1 15
1 20
1 14
1 19
1 11
1 5
1 0
1 21
1 9
1 13
1 1
1 8
1 12
1 2
0 24
0 25
0 26
0 27
0 28
0 29
0 30
0 31
0 32
0 33
0 34
0 35
0 36
0 37
0 38

