20
48 32 47 10 36 32 24 40 42 13 47 31 10 21 36 44 10 13 37 44 
1 18 7 9 30
1 0 15 23 26
1 2 15 16
1 8 17 0 16 13 21 9 28
1 26 5 11
1 19 10 13 5
1 14 13 5 9 4
1 9 18 12 11 3 14 0 7 13 27
1 28 18 3
1 3 17 15 9 25 31 14 20 12
1 25 17 18 1 22
1 29 7 10 4 31
1 6 17 19 12 7 15
1 23 9 14 4 7 10 1 11 19 6
1 1 15 19 1 12
1 11 17 2 11
1 7 5 2 3 13 15 7 14
1 13 8 11 2 15 10
1 21 11 3 4 5 8 12 25 14
1 16 13 4 2 7 11 19 21 25
1 4 2 9 3
1 22 2 5
1 24 16 3 5 7
1 12 17 1 4 2 3 15 13
1 27 7 6 5 4 27 26
1 17 15 0 13 5 16 18 10
1 20 8 0 27
1 15 15 9 5 18 20
1 5 11 17 1 15 23 5
1 10 18 14 11 9 3 12
0 30 29
0 31 3
0 32 21
0 33 23 6 26 28
0 34 20 29 22
0 35 22 15
0 36 20 18
0 37 26 29
0 38 24 18
0 39 6
0 40 14 7
0 41 9
0 42 6 28
0 43 22 20 14
0 44 5
0 45 12 6 2
0 46 30
0 47 28
1 7 4 27 12 2 16 6 25 46 40
1 9 19 7 24 15 28 2 41
1 8 17 9 20 22 13 36 45
1 12 4 14 23 26 28 8 21 2 39
1 18 11 26 10 13 40
1 14 12 7 17 27
1 10 3 22 20 1 10 14 24 13 11 42
1 16 5 6 21 28 0 10 25 43 2
1 15 10 5 19 25 8 9 31
1 4 2 6 11 18 15
1 17 8 6 24 16 12
1 5 10 20 11 13 18 15 7 36 42
1 2 23 18 12 3 4 5 21 28 8
1 1 19 14 5 2 45 40
1 6 15 13 37 24
1 0 25 11 20 5
1 11 18 1 5 27 19 21 30 6 32
1 13 28 1 16 8 7 9 19 46 14
1 19 28 24 10 27 7 23
1 3 3 0 20 7 15 29 4
0 20 33 36 37 15
0 21 20 30 44 14 18 17
0 22 34 43
0 23 8 40 0
0 24 42 32 13
0 25 13 38
0 26 9
0 27 18
0 28 26
0 29 18 39 40 6 22 23
0 30 5 43 0
0 31 24 35 32 8
1 17 0 5 2 1 4 9 7
1 20 0 4 5 1 3 8 2
1 5 4 3 1 0 5 7
1 7 4 2 5 3
1 2 3 0 2 4
1 4 3 0 4 1 2
1 28 5 1 0
1 12 1 5 0 3 2 4
1 18 4 5 3 2 1
1 26 3 0 5 4 7 2
1 27 3 0 5
1 8 0 2 4 6 9
1 11 5 2 4 1 8
1 13 3 4 2 0 5 1 9
1 15 3 4 5 0 2 8 7 6
1 9 1 3 2 0 5
1 1 2 1 4
1 19 3 5 4 6
1 0 2 1 4 3
1 16 4 5 2 8 0
1 6 1 4 0 2 9 8
1 22 4 5 1 3 0 8 7
1 3 0 2 1 3
1 21 0 4 2 5 9
1 25 3 5 4 0 1 2 6
1 10 1 3 0 4
1 24 4 3 5 8
1 23 4 0 2 5
1 14 2 3 4 5 0
0 29 1 4
0 30 9
0 31 6
0 32 5 1 0
0 33 6 4 1
0 34 5 8 3 7
0 35 6 8
0 36 1 7 4
0 37 5 0
0 38 6
0 39 5
0 40 7 8
0 41 4 9 8 3
0 42 3
0 43 3 9 1 5
0 44 7 4
0 45 0 9
0 46 7 6
1 4 10 21 20 11 13 1 14 16 18 15 9 19 7 6 3 4 8 12 0 17 2 31 34 5 26
1 2 2 0 8 9 14 19 5 7 10 15 13 6 21 11 16 12 3 17 20 18 4 32 29
1 0 20 6 15 21 2 0 10 11 9 13 7 12 17 14 8 19 16 4 5 22 29 28 25 32
1 1 11 5 13 17 9 8 15 20 14 3 21 7 4 10 0 2 12 18 27 35 26 19 22 30 1
1 3 18 4 7 12 5 19 13 10 21 17 14 9 20 11 6 15 3 24 22 31 25 8 35 34 16
1 5 3 1 16 13 9 5 21 7 8 19 20 15 0 2 14 18 4 10 17 26 28 24 22 25 6
0 6 12 23 22 5 1 31 6 16 14 10 4 35
0 7 16 19 34 31 32 33 35
0 8 11 5 20 34 19 25 23 13
0 9 30 25 33 24 31 13 17 4 27 10
1 10 3 11 17 10 4 1
1 18 15 4 13 1 18 16 11 22 7
1 15 0 10 7 12 18 3 5
1 17 12 8 4 15 6 31 11 23
1 8 7 12 13 3 29
1 6 7 17
1 20 16 4 9 30
1 9 15 3 9 4 2 12
1 1 13 14 17 1
1 13 4 1 2 13 0 19 18 9 7 16
1 7 17 1 6 9 5 11 22
1 4 9 5 1 0 12 31
1 2 12 16
1 0 2
1 14 15 3 19 10
1 3 5 0 13 26
1 11 12 19 6 15 5 8 1
1 16 10 19 15 2 9 6 31 12
1 21 16 3 8 19 15
1 12 0 10 18 2 1
1 5 12 15 2 17 1 6 9 4
1 19 18 4 15 8 7 2 14 0
0 22 12
0 23 23 22 28
0 24 25 29 13 4
0 25 4 30 13
0 26 7 12 31 8
0 27 14 20
0 28 11
0 29 24 27 21
0 30 13 18 22
0 31 1 17
0 32 28 27
0 33 18 26 19 2
0 34 5 7
0 35 21 23 19
1 11 1 11 10 9 21
1 6 1 6 7 5 0 14 10
1 1 8 3 12 7 15 6
1 10 10 5 12 4 11 6
1 12 14 2 13 12 16 22 7
1 2 2 7 13 0 9 8 10 6
1 18 6 4 3 13 23
1 16 1 5 11 6 2 14
1 17 14 2 3 6 11 22
1 14 13 4 6 7 1 12 11 0
1 8 11 4 0 1 7 15
1 15 13 14 11 8 7 6 2
1 5 3 10 6 20 7
1 4 11 4 10 8 12 9 1
1 3 3 12 2 9 8 10 0
1 7 11 14 12 0 13 9
1 9 13 0 4 14 10 5
1 0 9 7 16 12
1 19 6 11 1 13 8 20 0
1 13 1 5 13 0 2
0 20 2
0 21 21 18 13
0 22 5 18
0 23 14 17
0 24 18 15
0 25 17 6 21
0 26 8 1 5
0 27 23 18 22
0 28 8 20
0 29 8 19 21 5
0 30 7 0 10
0 31 12
1 0 10 22 16 12 26
1 11 7 9 4 13 6
1 5 20 3 5 19 12 7 4 18 14 16 26
1 7 15 8 3 23 2 28 17
1 9 22 8 12 20 24 1 6
1 8 12 21 24 4 6 19 13 8 18 26 7 5 9
1 10 14 12 11 6 1 22 18 37
1 1 12 16 17 23 4 14 35 8 0
1 6 4 6 21 9 16 7
1 4 20 1 13 23 21 17 14
1 3 2 20 1 14 7 6 31 18 23 9
1 14 19 9 16 11 33 36 3 7 10
1 2 15 0 18 5 21 33 36 17
1 13 9 18 23 13 8 6 10 11 31
1 12 11 0 20 4 16 12
0 15 27 20 6 37
0 16 29
0 17 32 39 33
0 18 10 37 23
0 19 25 38
0 20 0 1
0 21 20 30 19 33 13
0 22 34
0 23 19 33 30 21
1 19 7 3 0 22 23 15
1 22 16 4 21 8 6 25 5
1 4 11 10 5 24 19 29
1 17 14 9 21 25 16 22 7
1 21 12 19 8
1 9 11 1 8 15 31
1 10 23 6 24 16 14 21 5 2 31 38 32
1 12 20 3 11 19 10 17 40 28
1 11 21 16 14 2 5 19 41 26 31
1 16 1 22 14 41 28 7 0 2
1 15 13 15 14 9 17 23 4 33 38
1 24 8 4 35 0
1 0 2 9 0 23 15 13 5 37
1 5 19 25 6 24 2 18 30 26 13
1 8 14 10 13 12
1 3 10 20 35 39
1 2 19 15 18 2 10 20 7
1 1 17 13 0 10 26
1 14 21 5 13 14 15 4 41 27 11
1 20 12 7 17 23 1 25 36
1 7 18 19 7 2 38 17
1 6 21 9 7 13 8
1 13 0 25 12 24 22 6 5
1 23 14 25 10 4 26
1 18 11 25 3 4 24 9 22 2
0 25 28 0
0 26 11 31 20 41
0 27 5
0 28 10 1
0 29 16 27 19
0 30 7 21 38
0 31 37 36 26
0 32 12 2 15
0 33 32 29
0 34 38
0 35 39
0 36 40 34 22 0 23
0 37 22 34 10
0 38 11 23
0 39 5
1 6 1 7 3 2 6 9 11
1 9 4 3 1 2
1 3 2 7
1 20 5 6 1 8 10
1 25 0 1 6 3
1 17 7 2 0 5
1 7 1 2 7 5 3 12 4
1 22 1 0 5 3 6 11
1 24 1 6
1 5 6 3 7 1
1 0 7
1 8 1 3 6 7 4
1 13 6 5 4 1
1 11 7 0
1 21 4 5 0 6 2 7
1 4 4 3 2 1 7 5
1 19 5 1 6 2 4
1 16 3 6 0 4 7 1 2
1 2 5 3 1 6
1 12 7 0 5 1
1 18 1 5 4 0
1 1 1 5 4 7
1 15 1 3 5 2
1 14 2 3 8
1 10 1 5 2 4 10 12 8 6 0
1 23 0 3 1 6
0 26 0 5
0 27 1 9 0
0 28 7 1 5
0 29 10
0 30 0 2 1
0 31 8 0
0 32 7 8
0 33 4 7 6
0 34 5 3
0 35 9
0 36 11 3 6
0 37 10 12 5
0 38 4 8 11
0 39 8 1
0 40 4 3 12
0 41 1 5
1 7 21 1 4 20 27 11 17 2 18 39 38
1 4 28 5 7 13 26 17 0 21 20 14 10 22 18 27 45 29 36
1 5 11 0 18 26 17 27 22 6 13 14 9 16 35 12
1 2 6 3 15 19 12 20 26 28 13 41 22 45 42
1 1 17 9 12 25 5 22 6 26 34 43 44
1 3 11 14 16 9 28 0 3 1 6 8 21 22 17 26 38 40 32
1 6 2 24 8 11 9 28 21 3 17 20 1 41 46 43 19
1 0 23 8 10 22 7 6 26 24 1 18 33 37 9
0 8 42 29 13 45 31
0 9 44 32 14 35 18 12
0 10 14 36 13 2 5 30
0 11 16 22 9
0 12 31 30 5 24 44 3 22 0
1 25 2 8 7
1 15 9 15 13 26 25 11
1 23 12 1 17 20 29
1 27 5 9 4 12 2
1 12 5 11 14 20
1 24 17 27
1 4 3 6
1 13 0 14 9 5 11
1 20 7 16 15
1 17 7 8 3
1 3 8 11
1 21 17 3 5 2
1 6 1 6 19
1 26 12 14 5 9
1 22 5 9 14 16 4 25
1 18 15 5 1 2 14
1 2 6 0 5 13
1 16 7 14 5 8
1 28 14 12
1 19 4 10 3 12 5 7 20
1 7 6 5 4 18 0
1 8 5 13 1
1 5 16 11 13 8 5 7
1 10 1 18 7 15 13
1 1 6 18 17 10 0 12
1 9 3 17 5 0 10 8
1 0 11 18 24
1 11 10 16 3 22 9
1 14 13 12 20
0 29 5 10
0 30 17 23
0 31 9
0 32 17 30
0 33 25 0 28
0 34 16 21
0 35 23 25
0 36 3
0 37 6 29
0 38 28 24
0 39 10
0 40 25 19
0 41 6 9 0 18
0 42 11 4
0 43 8 22 29
0 44 28 19 2 27 13
0 45 25 24
0 46 27 21
1 6 1 5 0 3 4 8
1 10 2 3 1 0 5 7 9
1 17 2 4 5 3 1 7
1 9 3 0 5 7
1 18 4 3 5
1 5 5 4 1 0 2 3 6 8 7
1 2 0 5 4 1 6
1 13 2 5 3 1 4 0 8
1 7 4 3 5 1 0
1 16 3 4 2 1 5 8 9
1 1 4 0 1 7 6
1 3 0 1 2 5
1 14 3 2 4 1 5 0 8
1 4 5 0 1 2
1 15 1 2 0 3 4 5
1 8 0 5 2 4 9
1 11 4 1 5 0 3 2
1 12 0 3 5 4 8
1 0 0 1 4 5 3 7
0 19 3
0 20 7 1
0 21 2 6 9 7
0 22 8 7 5
0 23 9
0 24 9
0 25 8 2
0 26 3 1 7
0 27 3 8
0 28 8 9 0 1
0 29 8 7 4 5
0 30 8 5
1 0 0 9 5 3 10 4 6 12 1 8 7 2 11 19
1 1 5 6 7 8 4 11 0 3 2 9 1 10 12 13 15 17 14
1 4 0 1 5 4 11 9 3 6 2 10 12 7 8 16 17 19 18 20
1 5 12 4 11 10 6 0 9 8 3 5 2 7 1 18 13 16
1 3 12 9 10 1 8 7 4 5 11 6 0 2 3 14 17
1 2 5 2 3 0 1 6 8 9 12 10 11 7 4 17
0 6 10 7 5 13 6 2 16
0 7 7 6 14 1 13 10 5
0 8 2 6 5 7 4 13 19 12 3 1
0 9 20 15 1 5 10 14
1 4 14 2 12 4 0 13 21 10 30
1 7 19 10 7 20 3 21 16 9
1 6 12 16 17 20 10 15 7 26
1 11 3 4 5 6 21 9 1 2 18 16 29 30 28
1 8 1 19 16 18 5 3 21 17 4 8 6 34 27
1 0 19 7 12 11 8 3 5 14 17 13 18 22 28
1 1 11 15 4 12 9 5 10 3 26 8 32 30
1 9 18 8 20 2 11 15 1 4 6 3 25 12
1 12 17 20 18 15 23 13 32
1 5 2 12 15 19 20 8 16 24 29 34
1 3 3 11 17 5 31 20 28
1 10 17 0 9 20 10 1 18 27 32 21 31 16
1 2 13 5 21 18 7 19 28 32
0 13 30 14 34
0 14 21 13 27 5 31 32
0 15 14 13
0 16 11 25 13 27 28
0 17 3 10 34
0 18 17 33 27 4 35
0 19 20 2
0 20 13 35 31
1 11 23 16 18 1 24
1 15 23 24 6 11 21 20 4 18 26
1 20 21 18 24 16 39 41 14 26 9 35
1 9 7 11 13 12 4 1 38 14 10
1 8 26 12 19 20 1 4
1 2 25 0 11 5 21
1 19 18 19 26 24 12 6
1 6 12 15 14 3 16 2
1 0 14 6 15 2 7 41 38
1 14 3 8 22 23 19 0 14 2 24 11
1 3 7 10 13 19 14 17 22 20
1 7 16 23 13 7 9 5 0
1 5 15 5 22 14
1 1 15 20 24 8 2 6 25 31 11
1 10 2 32 35 34 41
1 12 2 1 23 0 27
1 13 11 0 10 26 18 21 35
1 17 17 21 19 4 7 10 35
1 16 17 13 7 26 21 19
1 4 4 1 6 30 34
1 18 9 1 22 6
1 21 21 6
0 22 17 33 22
0 23 10 27 40 24
0 24 28
0 25 24 13 28
0 26 24
0 27 31 34 43 36 21
0 28 37
0 29 42
0 30 21
0 31 19 29 15
0 32 36 1
0 33 6 39
0 34 1 33
0 35 30 2 20 18 10
1 2 0 1 3 4 8
1 7 4 1 5 3
1 13 4 3 1 5 2 0
1 20 1 2 5 3 6
1 16 5 0 3 9 2
1 12 1 0 3 4 5 2
1 8 5 0 4 8
1 6 0 3 6 4
1 9 1 5 0 4 2 3
1 19 2 4 3 5 1
1 0 0 1
1 23 3 2 0 5 9
1 14 0 2 3 5 1
1 10 2 0 1 4 5 7 8
1 5 4 0 5 1 3 8 7 6
1 4 4 1 0 2
1 15 0 3 5 4
1 18 2 4 5 1 3
1 11 4 0 5 1 2 3
1 17 0 4 2 8 6
1 1 0 1 4
1 26 2 3 5
1 24 5 3
1 21 3 0 2 5
1 25 2 3 4 5 6
1 3 0 2 1 4 9
1 22 5 2 3 0 4 7
0 27 6 3 1
0 28 7 5
0 29 4 8
0 30 8 2 9
0 31 1
0 32 8 2
0 33 1 0 6 9
0 34 1 6 0
0 35 4 5
0 36 4 3 8
0 37 7
0 38 1 6
0 39 7 5 4 3
0 40 5 3
0 41 0
0 42 0 9 3
0 43 9
1 1 5 3 2 7 1 4 6 0 12 9
1 0 4 0 1 5 2 6 7 3 12 9
1 5 6 7 5 0 4 2 1 3 10
1 3 1 2 3 5 6 0 4 7 8
1 2 2 1 0 4 3 5 7 6
1 4 0 7 6 5 2 4 1 3 11 9
0 6 4 0 1 12
0 7 11 8 3 7 10
0 8 2 10 12 5 8
0 9 0 9 1 12 4 5
1 0 0 4 6 11 21 7 17 5 16 18 14 8 25 33 22
1 6 19 10 8 13 1 15 16 22 0 20 17 32 7 14 30
1 2 18 1 3 9 17 14 5 4 21 12 11 6 2 20 0 19 16 32 8 26
1 4 20 18 19 22 3 16 5 10 13 2 26 1
1 1 19 2 5 7 22 17 10 18 14 20 0 23 11 25
1 5 16 15 12 4 19 8 22 0 1 7 18 6 10 3 25 28 5 2 29
1 3 14 12 17 13 22 16 9 11 18 1 5 36 8 27 21
1 7 8 13 22 6 9 17 21 1 2 12 24 34 14
0 8 4 26 35 22 14 1
0 9 27 31 34 9 8 2 11
0 10 29 30 16 31 22 8 18
0 11 33 23 19 4 5 17
0 12 28 24 21 23
1 12 17 20 14 0 7 13 29 15 1 10
1 17 4 19 21 3 23 6 42 28 39 7 2
1 8 16 13 17 11 8 7 1 22 33 12
1 7 16 25 15 31
1 1 16 12 10
1 3 6 25 7 16 26 28 33 27
1 21 25 11 8 19
1 5 1 25 27 39
1 9 8 20 2 12 13
1 18 0 4
1 22 3 0 9 24 43 30
1 0 2 7 20
1 16 17 21 22 3 15 32 37 11
1 20 11 2 12 10 0 34 19
1 2 26 12 23 4 7 20 36 31
1 19 11 26 0 14 8 25 13 17
1 11 23 2 9 3 22 12 4 25
1 4 6 1
1 6 5 13 15 9 4 12 22 32
1 15 11 18 26 9 24 6
1 10 14 9 10 16 12 1 2 19 41
1 13 6 21 18 8 22 9 5 23
1 14 16 22 24 19 14 23 18 6 25 36
0 23 19 24
0 24 11 19
0 25 11 22 10
0 26 6 36 37 2
0 27 30 6 11
0 28 39 32 12
0 29 6 42
0 30 5 30
0 31 41 22 16
0 32 20 38
0 33 35 43
0 34 3 9
0 35 2 7 30
0 36 14 40 33
1 26
1 3
1 13
1 24
1 8
1 1
1 9
1 0
1 19
1 7
1 22
1 25
1 6
1 16
1 18
1 15
1 5
1 10
1 17
1 21
1 2
1 20
1 11
1 14
1 23
1 12
1 4
0 27
0 28
0 29
0 30
0 31
0 32
0 33
0 34
0 35
0 36
0 37
0 38
0 39
0 40
0 41
0 42
0 43

