13
20 27 12 18 26 35 31 26 12 17 18 34 35 
1 11 16 20 6 8 21 26
1 8 19 0 10 7 8 11
1 0 7 8
1 1 1 9 6
1 5 5 2 6 11 10 17 16 3
1 9 20 18 5 7 15 6 25
1 2 4 0 2 8
1 14 17 13 21 0 15 23 25
1 4 7 3 21 11 15
1 10 1 16
1 7 1 12 14 15 2 5 7 17 9 22 26
1 3 4 8 10 21 13 3 19
1 13 9 10 19 21 13
1 6 1 14 8 2
1 12 16 2 9 20
1 15 16 20
0 16 0
0 17 24
0 18 20
0 19 4
1 19 5 0
1 5 7 5 4
1 4 6 4 8
1 0 2 7 10
1 3 7 9 2 3 0
1 21 0
1 2 3 8 7 6
1 6 9 2 7 0
1 8 9 8
1 16 9
1 9 1 7 3
1 10 7 0
1 1 2 6
1 7 3 8 2
1 17 6 0 1 9
1 11 5 7 1 3
1 18 5
1 14 8 9 1 6
1 15 1 4 9 3
1 13 4 0 8 9 6
1 12 7 1 8 0
1 20 1 5
0 22 2
0 23 5
0 24 4
0 25 3
0 26 2 11
1 9 11 5 13 12
1 8 13 4 1 9
1 0 12 6 7 4 10 0 1 8 15 13
1 5 3 4 13 1 8 9 5
1 4 3 7 11 14 8 16 17
1 7 13 5 9 14 1 3
1 2 13 8 9 4 10 2 16
1 1 1 14 10 5 2 4
1 3 10 0 2 4 1 3 5 12 11
1 6 13 5 6 7 12
0 10 4
0 11 3
1 11 0 4 10 17 16
1 8 1 18 2 13 10 22
1 3 14 2 7 3 1 8
1 1 12 16 9
1 12 20 3 24
1 10 5 20 12 10 16 3 4
1 0 6 15 4 3 11 19 14
1 6 10 9 1 20 19 12 18 14 23 25 7
1 5 0 19 14 8 20 15 10 25
1 4 7 11 20 8 3
1 2 8 15 4 2 18 13
1 14 17 5 4
1 7 18 11 4
1 13 17 13 10 20 18
1 9 3 16 22
0 15 7
0 16 21
0 17 15
1 17 14 20 13 7 29
1 8 7 3 25
1 3 23 18 2 5
1 14 1 0 3
1 7 10 22 16 25
1 20 11 18 23
1 10 19 13 24
1 2 0 22 16
1 13 2 17 14 33
1 5 25 2 26
1 6 24 6 2 21
1 1 5 17 27
1 11 21 15 22
1 16 0 14 32
1 12 12 16 27 22 6
1 0 28 26 16 2 27
1 9 0 19 27
1 18 8 18 21 15
1 19 12 9 4
1 4 15 22 28 21 7 6 16
1 15 10 4 23 6
0 21 12 0 30
0 22 3 34
0 23 30 31
0 24 10
0 25 15
1 7 5 24 19 9
1 21 6 8 12
1 8 12 17 18
1 18 17 1
1 28 15
1 3 7 9
1 20 2 1 10 3 29 30
1 5 17
1 23 21 5
1 16 20 3
1 15 12 18 1 25
1 27 21 0 1
1 22 1 13 4 5 11
1 17 15 21 7 20
1 26 6 1 27 5
1 11 13 3 9 10
1 6 7 22 27
1 10 16 19
1 25 15 16 6 3
1 19 15 22
1 24 4 3
1 14 10 15 19 6
1 13 6 19
1 2 22 9 16 23
1 0 23 9 0
1 12 20 11 17
1 4 19 4
1 9 4
1 1 23 14 19
0 29 6
0 30 28
0 31 6
0 32 16
0 33 26
0 34 16
1 21 1 9
1 20 1 2 18 12
1 16 20 8
1 24 15
1 9 4 0 3 15
1 13 12 19 13
1 18 4 14 17 10 12
1 11 10 13
1 12 20 5 11 18
1 0 3 22
1 2 19
1 22 12 1
1 17 13 8
1 15 13
1 4 8 7 21
1 23 6
1 10 8 5
1 8 3 5 8 1
1 1 16 0
1 7 10 14 11
1 3 19 0 8 3 5
1 19 4 18 16 2 9 23
1 6 8
1 5 11 7 10
1 14 16 9 7 6 24 25
0 25 9
0 26 10
0 27 5
0 28 21
0 29 0
0 30 1 0
1 0 5 2 11
1 14 8 5
1 18 6
1 1 2 9 4
1 13 5 7 8 1
1 10 1 7 4
1 19 3 1 10
1 2 9 4 2
1 7 7 0 6 1 2 4 5
1 16 3 7
1 8 7 1 5
1 9 5 6 0 4 10
1 17 0 8
1 11 2 8 4 3 5 7
1 5 1 5 4
1 20 8 0 3 9
1 6 7 8 9 2 4 0
1 12 1 4 8 2 3
1 4 5 0 4 7 11
1 3 5
1 15 8 7 0
0 21 2
0 22 10
0 23 10 8
0 24 6
0 25 7
1 5 2 11 8 0 13 12 10 6 3
1 6 8 5 6 11 1 0 12
1 0 8 7 12
1 8 0 4 7 2 6 3 13 11 10 9 14
1 3 13 9 10 8 1 2 3 5 15
1 2 13 12 5 2 11 4 7 8 0
1 7 11 1 8 13 5 3 0 4
1 4 11 3 9 8 0 12
1 9 1 2 6 11 14 16 10 9
1 1 7 3 10 0 5 9 12 11
0 10 6 7
0 11 3 7
1 10 10 4 0 8 7 3
1 12 0 10 13
1 9 6 14 1 3 7
1 8 3 9 12
1 11 7 12 11 3
1 0 11 9
1 13 13 1 16
1 1 9 1 4 16 8
1 2 6 12 5 8
1 6 9 1 8 0 14
1 3 8 0 6 7 9
1 7 3 11 12 9 13 2 5 6
1 4 2 5 1 6 12 4 15 17
1 5 6 12 9 3 10 5
0 14 2
0 15 3
0 16 8
1 8 9 2 7 26 19
1 12 0 15 10 27 3 17 12 19
1 5 13 5 14 8 25 0 28 23
1 11 19 3 0 30
1 3 10 20 22 23 6 7 33 0
1 6 4 8 19 10
1 1 9 11 6 15 25
1 14 17 27
1 4 25 7 16 23 8
1 0 21 18 20 11 33
1 10 0 26 20 19
1 2 0 6 24 5 13
1 9 12 22 4 16
1 13 1 9 16 27 19 26
1 7 8 0 2 13 23 21 31
0 15 23
0 16 32 19
0 17 29
1 18 21 23
1 23 18 19 10 3
1 9 4 27
1 20 9 1 14
1 6 14 5 16
1 7 7 27
1 4 23 24 26 10
1 5 15 6 27 31
1 12 26 11
1 21 25 8
1 16 4 13
1 1 10 5 16
1 27 8 30 2
1 19 22 10 2
1 13 25 9 28 4
1 14 24 7 21
1 22 13 9 11 20
1 25 22 18
1 2 1 10 12 20
1 15 5 10 21
1 11 10 26 5 19 0 30
1 10 15 2 3 13 28
1 8 16 27 10 25
1 17 0 3 34
1 0 5 20 28 15
1 3 26 12 17 0 3
1 26 8 19 29
1 24 9 33
0 28 16
0 29 9
0 30 15 28
0 31 13
0 32 32
0 33 9
1 14
1 18
1 20
1 17
1 12
1 6
1 15
1 11
1 27
1 24
1 13
1 22
1 1
1 19
1 21
1 4
1 2
1 7
1 28
1 26
1 0
1 25
1 23
1 10
1 8
1 16
1 5
1 9
1 3
0 29
0 30
0 31
0 32
0 33
0 34

