6
42 8 26 47 8 26 
1 0 1 3
1 8 0 1
1 19 0 3
1 22 0 2
1 14 4
1 23 2 4
1 15 4
1 5 3
1 6 3
1 9 4 3
1 11 1 2
1 1 1
1 16 4
1 4 3 1
1 2 1
1 17 4
1 12 1 2
1 20 2 4
1 13 1 2
1 18 4 0
1 3 1
1 21 2 4
1 7 3
1 10 3 0
1 24 2
1 25 2
0 26 4
0 27 3
0 28 1
0 29 3
0 30 5
0 31 5
0 32 0
0 33 6
0 34 2 7 1
0 35 4
0 36 0 7
0 37 5
0 38 1
0 39 7
0 40 7
0 41 7
1 3 10 11 1 13 20
1 0 11 2 12 10 17
1 4 8 1 7 9 14 2 5 16 25
1 1 11 3 4 5 13 15 21 22 19
1 2 0 6 15 13 10 4
0 5 1 19 23
0 6 14 23
0 7 6 18 24 0
1 7 14 3 35
1 14 7 17 41
1 10 9
1 3 13 25 39 43
1 12 8 42
1 1 23 0 1 22 27 45
1 6 13 10 30
1 9 6
1 5 20 5 26
1 11 9 15 18 29 31
1 2 12 24 28
1 4 16 10
1 0 19
1 13 4 17 44
1 15 11 46
1 8 21 2
0 16 22
0 17 10 34
0 18 37
0 19 32 36
0 20 38
0 21 25
0 22 5
0 23 10
0 24 20 33
0 25 40
1 1 4
1 2 4
1 20 2 7
1 19 1 4
1 23 2 1
1 5 4
1 16 3
1 26 1
1 24 1
1 21 2
1 12 3
1 28 1
1 0 4
1 11 3
1 4 4
1 27 1
1 7 4 3 7
1 25 1
1 22 2
1 6 4 3
1 15 0 4
1 10 3
1 18 4 1
1 13 3
1 9 3
1 8 3
1 14 3
1 3 4
1 17 0
0 29 3
0 30 1
0 31 6
0 32 7
0 33 4
0 34 5
0 35 6
0 36 0
0 37 4
0 38 6
0 39 6
0 40 3
0 41 5
0 42 4
0 43 1
0 44 1 2
0 45 4
0 46 5
1 2 4 0 6 8 14 7 3 18
1 4 9 2 7 11 12 4 8 17 19 16
1 3 5 14 1 24 10
1 1 13 1 9 15 7 21
1 0 15 3 10 0 20 25
0 5 2 22 20
0 6 23
0 7 12 16
1 3
1 5
1 13
1 4
1 10
1 12
1 6
1 7
1 11
1 8
1 2
1 14
1 15
1 0
1 9
1 1
0 16
0 17
0 18
0 19
0 20
0 21
0 22
0 23
0 24
0 25

