6
28 26 10 27 28 28 
1 3 15 4 11 1 6 9 13 24 25
1 0 9 4 13 15 10 22 11
1 2 9 4 13 1
1 10 1 12 20 17 5 11 14 3 24
1 7 2 3 1 19 0
1 8 6 12 18 17 3
1 1 18 9 6 14 24
1 19 17 3 7 8 18 16 24
1 16 0 3 6 4 21
1 14 18 17 12 10 23
1 21 20 3 11 16
1 4 16 15 19 0
1 11 15 5 16 10 14 6 11 22
1 15 19 12 16 20 8
1 18 8 18 3
1 12 11 16 13 15 10 4 23 12
1 20 16 14 0 11 5 3 6 7
1 17 11 7 1 5 17 0 9
1 22 1 3 10 4 0 12 21
1 5 10 3 2 18 17 15
1 13 3 5 18 16 9 4
1 6 13 0 6 1
1 9 13 9 20 10 11 16 17
0 23 19
0 24 17
0 25 12
0 26 4
0 27 15 23 2 17
1 18 6 3 1 2 0
1 8 7 4 3 0 2 6 5
1 9 3 6 7 2 1
1 10 1 7 2 5 0
1 12 4 0 5 2 6
1 14 2 7 4 1 0 3
1 7 5 1 7 4 2 0 8
1 20 6 3 2 0 7
1 15 7 1 3 6 0
1 1 7 4 3 6 1 5
1 13 5 0 1 3 4 7
1 19 4 3 2 0 1
1 17 3 7 1 0 2
1 4 6 7 1 3 4
1 5 3 4 6 1 5
1 0 6 7 4 5 1
1 16 4 7 1 3 2 0 6
1 3 2 7 6 4 3 5
1 11 7 6 2 0 1 4 9
1 2 1 5 7 2 8
1 6 5 7 4 6 2 0 3
0 21 3
0 22 0 9 5
0 23 0 5
0 24 3 5
0 25 8 5 2
1 7 4 7 21 17 14 6 20 0 18 3 24 12
1 4 1 15 17 19 10 6 20 2 7 13 14 12 5 18 11 4 0 26
1 6 5 2 11 12 9 14 4 10 21 7 13 3 23
1 5 13 6 14 12 8 11 9 18 7 3 0
1 2 20 9 14 19 0 11 10 3 13 6 16 15 8 5 4
1 1 1 9 10 2 19 17 11 7 14 3 0 12 15 22 18
1 3 8 0 21 13 14 11 2 18 20 9 5 6 15 16
1 0 18 3 16 20 19 9 8 15 2 7
0 8 16 22 25 11
0 9 16 26 4 7 0 18
1 6 10 1 9 22 3 15 5 19 21 18 25
1 0 3 13 7 22
1 5 13 7 6 20
1 9 17 20 11 6 22 13
1 18 16 8 22 11 9 26 18
1 19 14 11 18 12 17 19 8 22
1 16 12 15 3 16 18
1 17 15 4 11 0 20
1 7 15 12 17 7 13 1 4 18 5 22
1 2 10 18 22 1 15 27 20 11
1 1 6 14
1 12 20 3 4 0 16 10 8 18 5 21
1 20 20 11 12 10 16 2
1 10 16 2 13 1 5
1 14 20 5 12 18 4 27
1 8 12 5 6 9 21 7 16 3
1 3 15 6 7 3 17
1 13 21 5 6 8 2 0 19 16
1 15 8 7 19 18 17 3 0
1 4 4 3 9
1 11 19 2 7 8 5 14
1 21 0 5 24
0 22 3
0 23 10
0 24 25 7 13
0 25 11 23 4
0 26 2
1 22 1 3
1 4 22 4 6 21 24 13
1 8 13 9 5 6
1 7 12 1 0 20 4
1 3 8 13 18 20 7 21 9
1 11 17 19 13 20 21 5 16 4 25
1 6 16 15 12 0 6 18
1 0 18 12
1 20 1 18 15 2 9 26
1 10 10 3 9 13 2
1 5 7 11 19 0 6 8 5
1 18 11 21 20 12 16
1 17 12 19 6 16 11 27
1 12 3 4 25
1 16 15 4 7 11
1 13 2 5 7 17
1 21 16 14 15 6 10
1 15 16 6 4 21 7 1 11
1 9 0 6 4 19 17 9 23
1 19 21 20 2 3 25
1 14 17 1 3 20 7 12 15
1 2 5 20 22 7 8 18 16
1 1 0
0 23 18 7
0 24 0
0 25 1 23 17
0 26 23
0 27 13
1 4
1 21
1 17
1 16
1 7
1 9
1 11
1 8
1 3
1 14
1 0
1 20
1 5
1 6
1 22
1 18
1 19
1 15
1 2
1 12
1 10
1 13
1 1
0 23
0 24
0 25
0 26
0 27

