6
33 16 22 31 17 33 
1 18 1
1 11 9
1 5 0
1 7 8 5
1 0 7
1 14 10
1 23 12
1 13 6 4
1 9 3
1 10 3
1 1 11
1 24 12
1 8 9 2
1 15 10
1 16 10
1 2 11 13
1 19 1
1 3 11
1 20 1
1 21 1
1 12 9
1 25 12
1 26 12
1 6 0
1 17 6
1 4 11
1 22 1
0 27 0
0 28 15
0 29 14
0 30 12
0 31 8
0 32 5
1 3 2 7 16
1 11 15
1 4 0
1 7 1
1 6 1 5 8 12 19 21
1 5 17 10 13
1 10 6 9 18
1 0 2
1 2 3
1 8 1
1 9 17 14 20
1 1 3
1 12 4 11
0 13 4
0 14 6
0 15 12
1 3 14 9
1 10 5 8
1 0 6 30
1 2 16 18
1 13 13 0 3 25
1 9 11 12 24
1 16 5 15
1 6 23
1 8 20 27 29
1 12 13 17 19 26
1 4 6 2
1 17 22 21
1 11 10
1 5 1
1 7 23
1 15 5 7
1 1 6
1 14 4
0 18 17 28
0 19 11
0 20 24
0 21 0
1 24 10
1 5 11
1 7 9
1 6 11
1 18 6
1 17 0
1 0 13
1 20 1
1 11 5
1 2 7
1 14 5
1 12 5
1 13 5
1 22 8
1 3 2
1 21 8 15
1 1 3
1 10 9
1 4 11
1 15 12
1 9 9
1 23 8
1 19 6
1 8 9
1 16 0 4
0 25 9
0 26 6
0 27 8
0 28 14
0 29 16
0 30 4
1 9 9
1 11 5 10 22 31 32
1 3 14 12 15 16 26 30
1 1 6 18 21
1 8 25
1 6 9 4 24 28
1 10 20 7
1 2 3
1 12 11
1 5 14 1
1 13 8 13 23
1 4 0 17 19
1 7 14 27
1 0 2
0 14 16
0 15 3 29
0 16 10
1 9
1 12
1 0
1 4
1 13
1 20
1 1
1 18
1 24
1 17
1 21
1 23
1 5
1 25
1 15
1 6
1 7
1 10
1 2
1 11
1 19
1 3
1 22
1 26
1 14
1 16
1 8
0 27
0 28
0 29
0 30
0 31
0 32

