20
13 20 21 15 21 39 44 26 21 16 10 36 12 12 10 39 34 36 39 28 
1 7 1 5 12
1 5 8 15
1 0 7 16
1 3 9 6 17
1 2 4 0 2 10 13
1 1 7 11
1 6 3
1 4 9
0 8 7
0 9 19
0 10 1
0 11 14
0 12 18
1 7 10 7
1 9 8
1 6 0
1 10 3 20
1 1 12
1 11 3
1 4 11
1 2 2 9
1 8 6
1 5 11
1 0 4 5
1 3 12 1
0 12 16 19
0 13 8
0 14 18
0 15 4
0 16 15
0 17 3 13 17
0 18 12 14
0 19 11
1 8 7
1 7 7
1 2 2
1 11 0
1 0 1
1 1 8
1 9 7
1 4 4 3
1 10 4 5
1 6 7
1 12 4
1 5 0 6
1 3 2
0 13 0 10
0 14 2
0 15 0
0 16 13 12
0 17 14
0 18 9
0 19 0
0 20 11
1 7 7
1 0 1 14
1 5 3
1 2 12 5 20
1 8 10 19
1 4 11 0 4
1 3 10 6 8 15
1 6 7
1 1 9 2
0 9 18
0 10 17 16
0 11 6
0 12 17
0 13 18
0 14 13
1 11 0 23 30
1 1 15
1 2 0 3 5 6 13 22
1 8 16 17
1 0 4
1 5 11 19 24
1 3 14 12
1 9 9 2 26 28
1 7 20
1 4 21 18 31
1 10 10
1 12 0 8 37
1 6 7 1 32 38
0 13 33
0 14 21 29
0 15 25
0 16 36 35
0 17 10 27
0 18 10 34
0 19 22
0 20 4
1 16 19 34
1 12 0 32
1 7 24 6 36
1 9 17 14
1 3 9 23 29
1 20 25
1 1 4 15
1 10 16
1 23 0 2 10
1 21 25 35
1 14 1 18 33
1 5 11
1 15 19
1 0 9
1 4 22
1 6 4
1 8 3
1 19 7
1 18 5 13
1 17 8
1 13 21 12
1 2 21
1 11 26 20
1 22 25 30
0 24 19
0 25 19
0 26 42
0 27 21 38
0 28 41 37
0 29 27
0 30 40
0 31 22
0 32 1
0 33 9
0 34 39
0 35 28
0 36 43
0 37 43
0 38 31
1 13 12
1 26 10
1 24 15
1 11 12
1 9 2
1 14 13
1 3 8
1 19 5 22
1 18 5 1
1 2 8
1 25 15
1 7 12 9
1 21 5
1 23 4
1 1 8
1 0 8
1 12 5 0
1 22 4
1 4 8 20
1 17 6
1 10 14
1 5 3
1 6 3
1 8 7
1 16 6
1 20 5
1 15 11
0 27 18
0 28 21
0 29 24
0 30 1
0 31 12 17
0 32 13
0 33 19
0 34 7
0 35 25
0 36 5
0 37 0
0 38 16
0 39 11
0 40 3
0 41 23
0 42 9
0 43 7
1 2 2 10
1 11 11
1 5 2
1 3 9
1 13 6
1 12 5
1 10 8
1 4 9 16
1 1 12
1 0 12
1 15 1 20
1 9 8 14
1 7 2 13
1 8 4
1 6 8 3 7
1 14 1 0
0 16 5 17
0 17 7
0 18 5
0 19 0
0 20 2 18
0 21 5
0 22 2 19
0 23 3 15
0 24 9
0 25 0
1 11 7 15
1 12 8 12
1 4 2 9
1 5 6
1 6 6
1 9 4 3
1 10 7 11
1 0 4
1 7 6
1 3 2
1 1 4
1 8 1 0 5
1 2 2
0 13 0
0 14 3
0 15 10
0 16 13
0 17 3
0 18 7
0 19 4
0 20 13 14
1 7 2
1 3 2 4
1 1 3
1 8 5
1 0 1 0
1 2 3
1 4 1 9
1 6 1
1 9 5
1 5 1
0 10 6
0 11 1 7 8
0 12 3
0 13 0
0 14 3
0 15 2
1 1 18 0 1 2 11 21
1 3 19 10 17 20
1 4 5 8 13 25
1 2 4 6
1 0 9 3 7 12 14 15 30 34
1 5 16 31 32 33 35
0 6 17 23
0 7 26 24 29
0 8 11 22 28
0 9 8 27
1 9 2
1 0 4
1 19 1
1 6 3
1 14 6
1 20 1
1 5 3
1 7 0
1 8 0
1 17 5
1 16 5
1 1 4
1 2 4
1 18 5
1 3 4
1 4 4
1 21 1
1 11 2
1 10 2
1 12 2
1 13 6
1 15 5
0 22 10
0 23 2
0 24 1
0 25 7
0 26 1
0 27 3
0 28 0
0 29 9
0 30 2
0 31 8
0 32 0
0 33 11
0 34 5
0 35 8
1 2 6
1 6 1
1 3 0
1 1 5 9 10
1 0 3
1 5 0 4 11
1 4 2
0 7 6
0 8 7
0 9 2
0 10 6 8
0 11 1
1 3 5
1 5 3 0
1 4 3 4
1 0 1
1 6 2
1 1 3
1 2 3
0 7 9
0 8 4 7
0 9 6
0 10 8
0 11 9
1 5 23 17 19 24 34
1 0 8 0 10 15 22 27 33
1 4 4 3 12 13 18 30
1 1 2 6 7
1 3 5 16 20 26 29
1 2 9 1 11 14 21 37 38
0 6 11 32
0 7 0 25 28 35 36
0 8 31
0 9 17
1 0 14
1 16 16
1 9 7 19
1 14 11
1 11 5
1 13 11 30
1 15 13
1 4 12
1 3 12
1 12 6
1 2 7
1 20 9
1 10 18
1 19 13 1 32
1 6 5 17
1 1 14
1 22 10
1 5 12
1 18 4
1 23 3 15 27
1 8 20
1 7 8
1 17 4 29 33
1 21 9 0 2
0 24 1
0 25 18
0 26 14
0 27 19
0 28 31 26
0 29 2
0 30 1
0 31 24
0 32 25 28
0 33 6
0 34 12
0 35 21 23
0 36 19
0 37 3
0 38 22
1 19 4 15 16 17
1 17 0
1 11 6 1 19 22 34
1 18 12
1 14 4 35
1 7 18 9
1 9 7 24
1 2 5
1 4 20
1 15 4
1 16 10
1 10 13 14
1 3 5
1 12 13
1 1 5 27
1 20 12 2
1 13 4
1 0 20 11 31
1 6 6
1 8 8 21
1 5 7 3
0 21 0
0 22 28
0 23 29
0 24 23
0 25 2
0 26 16
0 27 30
0 28 21
0 29 7
0 30 3
0 31 32
0 32 26
0 33 25 33
1 15 12
1 18 14 17
1 20 7
1 1 21 33 38
1 13 3 19
1 2 6 18
1 6 10
1 8 2 29
1 4 9 35
1 9 23 11
1 14 8 15 27
1 0 21 37
1 17 8 22
1 12 23 1 4
1 7 0
1 16 13 32
1 19 8
1 21 5 16
1 5 10
1 10 2
1 3 9
1 11 20
0 22 36
0 23 1
0 24 20
0 25 25
0 26 30 34
0 27 28 24
0 28 26
0 29 36
0 30 2
0 31 11
0 32 21
0 33 23
0 34 19
0 35 31
1 6 11
1 11 7 2
1 7 5 19
1 8 13
1 12 16
1 23 0 25
1 2 12
1 20 10
1 18 3
1 4 15 20
1 5 11 1 4
1 1 12
1 14 7
1 16 7
1 21 8
1 10 6 14
1 22 10 9
1 15 7
1 3 15
1 19 10
1 9 13
1 0 12
1 17 6
1 13 7 22
0 24 5
0 25 23
0 26 27
0 27 15
0 28 24
0 29 3 26
0 30 15
0 31 8
0 32 1
0 33 9
0 34 24
0 35 15
0 36 12 17 18
0 37 2
0 38 21
1 16
1 2
1 8
1 12
1 3
1 6
1 11
1 10
1 14
1 15
1 13
1 5
1 0
1 7
1 4
1 1
1 9
0 17
0 18
0 19
0 20
0 21
0 22
0 23
0 24
0 25
0 26
0 27

