20
14 27 29 16 29 21 28 33 26 22 12 20 11 11 9 24 14 16 24 35 
1 5 12 17 21 24
1 8 20 7 8 13 16
1 2 5
1 6 1 18
1 1 10
1 0 19
1 4 10 11
1 10 0
1 7 2 4
1 9 15 3 6 9 14 22
1 3 5
0 11 20
0 12 14
0 13 26 23 25
1 21 19 24 28
1 3 18
1 15 22 11 13
1 20 19
1 4 21 0 26
1 6 4 3
1 14 9
1 12 15
1 1 21 25
1 9 8
1 5 17
1 10 9 5
1 0 23
1 8 8
1 19 2 12 20
1 18 14
1 17 14
1 16 22 7
1 13 6 16
1 2 1 10
1 11 22
1 7 2
0 22 22
0 23 11
0 24 17
0 25 9
0 26 11 27
1 5 11
1 0 7
1 9 12
1 1 7
1 16 4
1 7 8
1 11 1
1 20 6
1 10 12
1 15 10
1 8 12
1 21 6
1 22 6
1 14 10
1 18 4
1 13 3
1 17 4
1 6 8
1 4 5
1 19 2
1 23 6
1 3 0
1 12 5 9
1 2 7
0 24 15
0 25 8
0 26 7
0 27 6
0 28 14 13
1 1 7 10 24
1 6 14 3 6
1 11 0 22 28
1 7 1 16 23
1 9 19 4
1 2 9 12
1 12 2 17 25
1 0 18
1 4 1
1 10 20
1 8 11 8
1 3 13 5 27
1 5 15 21
0 13 10 26
0 14 22
0 15 13
1 16 14 6
1 10 15 2 17
1 19 0
1 3 16
1 9 15 9
1 12 7
1 11 7
1 8 5
1 4 16 20
1 13 3
1 2 10
1 21 14
1 1 10
1 5 5 4 8
1 17 0 18
1 6 15
1 7 15
1 23 12
1 0 10
1 20 13 19
1 18 0
1 14 3
1 22 1 11
1 15 3
0 24 11
0 25 1
0 26 2
0 27 1
0 28 8
1 11 22 10
1 15 21
1 9 8
1 10 1 3 9 14 25
1 3 22
1 5 0
1 6 15 4 11
1 8 5 16
1 0 2
1 7 1 26
1 1 13
1 13 18 24
1 16 21 7
1 12 6 12
1 14 17 23 27
1 4 19
1 2 22 20
0 17 6
0 18 19
0 19 2
0 20 9
1 8 17
1 11 19 11
1 0 22
1 15 15 28 30
1 18 17 14
1 10 0
1 20 2
1 22 10
1 12 6
1 9 9 27
1 21 18 3 8 21
1 3 5
1 6 16 26
1 1 22 31
1 14 4 23
1 7 20
1 13 17 25
1 17 1 12
1 16 15 32
1 5 13 29
1 2 22
1 19 17 24
1 4 7
0 23 6
0 24 6
0 25 14
0 26 13
0 27 1
1 12 11
1 7 3
1 17 10
1 1 18
1 16 16
1 3 8
1 13 19 22 23
1 4 19 2
1 26 6
1 11 14 0
1 18 10
1 0 12 25
1 24 15
1 6 3
1 21 5
1 15 3 17 24
1 9 1
1 10 12 7
1 20 5 20
1 25 6
1 8 4
1 23 15
1 2 8
1 14 19
1 22 5 21
1 19 9
1 5 12 13
0 27 5
0 28 7
0 29 7
0 30 7
0 31 14
0 32 16
1 13 4 16
1 7 15 11
1 0 8
1 5 5
1 6 3
1 18 12
1 20 0 18
1 12 6
1 4 14
1 16 17 13
1 14 7
1 9 15 1
1 2 14
1 8 12 9
1 1 8 20
1 19 10
1 11 2
1 15 7
1 3 14 21
1 10 2
1 17 12
0 21 13
0 22 14
0 23 19
0 24 3
0 25 9
1 17 7 11
1 15 7
1 8 9 5 10
1 5 6
1 6 8
1 4 6
1 9 1
1 10 1
1 0 2
1 2 6
1 14 3
1 11 0
1 12 3
1 16 7
1 3 6
1 1 4
1 13 3
1 7 9
0 18 1
0 19 6
0 20 7
0 21 7
1 7 0
1 5 8 5
1 0 7 15
1 8 4 9 19
1 1 10 1
1 6 0 3 11 13 14
1 2 7 18
1 9 8
1 3 7 16
1 4 2 6 12
0 10 0 17
0 11 12
1 10 6 2 9
1 9 7
1 13 0 10
1 12 6
1 6 1
1 7 1
1 2 8 3
1 5 1
1 11 6
1 15 0
1 0 8
1 8 5
1 1 4
1 14 0
1 4 1
1 3 1
0 16 5
0 17 7
0 18 0
0 19 2
1 8 4
1 2 0
1 5 6
1 4 6
1 1 5 7
1 3 0 3
1 7 8 2
1 6 8 10
1 0 1
0 9 6
0 10 9
1 2 4
1 1 4
1 7 3
1 5 1
1 8 3
1 3 4 6
1 4 5 0 2
1 0 5
1 6 3
0 9 7 8
0 10 4
1 6 18 0 2 3 20 21
1 4 17 23
1 3 13 5 11 16 22
1 5 8 6 10 12 19
1 1 9 4
1 0 15
1 2 15 1 7 14
0 7 4
0 8 2
1 19 0 13
1 16 4 11
1 9 8
1 4 7
1 3 7
1 1 6
1 12 5
1 8 8
1 10 8
1 6 5 10
1 15 3
1 17 4
1 13 5
1 18 4
1 5 1
1 0 2
1 2 6
1 11 5
1 14 1 9
1 7 1
0 20 6
0 21 9
0 22 3 12
0 23 7
1 10 2 13
1 4 12 4
1 0 5 9
1 7 11 10
1 8 11
1 6 0
1 1 5 3
1 3 8 6
1 5 1 7
1 9 11
1 2 1 14 15
0 11 2
0 12 1
0 13 4
1 9 0 7 9
1 5 3 5 17
1 12 15
1 1 11
1 3 6 4 21 22
1 2 10 8
1 6 0 1 19
1 7 3 14 20
1 4 11 13
1 0 6 16 18
1 10 0 23
1 11 12
1 8 12 2
0 13 19
0 14 9
0 15 18
1 16 12 19
1 7 16 30
1 15 5 7
1 14 5 15
1 10 8 32
1 5 23
1 2 25 0
1 19 20
1 3 13 3 10
1 13 13
1 6 8 28 29
1 4 16 2
1 17 20 27
1 9 21 11 22 34
1 11 8
1 18 6 17 26
1 0 18 9 14
1 8 1
1 1 24
1 12 4 33
0 20 18 31
0 21 21
0 22 20
0 23 20
1 7
1 12
1 9
1 4
1 17
1 20
1 25
1 21
1 16
1 0
1 5
1 13
1 23
1 18
1 1
1 19
1 11
1 26
1 2
1 24
1 28
1 14
1 15
1 10
1 3
1 8
1 27
1 22
1 6
0 29
0 30
0 31
0 32
0 33
0 34

