6
20 27 12 18 26 35 
1 4 2 14 13 11
1 7 0 8 21 7 17 16 22 4
1 11 9 13 10 6 25
1 15 15 19 6 20 5
1 10 6 15 20 4 11 13 1
1 2 17 14 0 5
1 0 10
1 9 16 6 21 0 10 13
1 13 19 6 21 24
1 5 7 18 6 5
1 3 1 6 11 17
1 1 5 12 0 2 1
1 6 20 11 5
1 8 4 3 1 9 20 5
1 12 17 7
1 14 7 20 16 3
0 16 3
0 17 5 23 9
0 18 5
0 19 26
1 15 9 6 8
1 3 7 1
1 4 0 7 8 10
1 14 3 9 2 8
1 11 9 8 2
1 2 8 4
1 17 6 3 8 9
1 20 5 3 10
1 1 7 4
1 13 6 0
1 6 2 8 9 7 1 4
1 7 7 6 8 4
1 5 0 8
1 19 3 5
1 9 9 8
1 18 9 6
1 12 9 2 8
1 8 1 8 6 7
1 0 7 6
1 16 2 1
1 21 3 10
1 10 6 2 1 4
0 22 3
0 23 11
0 24 3
0 25 2
0 26 5
1 2 13 5 9 11 8 2
1 3 4 12 3 11 2 10 7
1 6 13 5 2 10 7 11
1 8 5 13 1 14 6 7
1 0 9 8 2
1 7 11 2 6 7 3 1
1 9 0 3 7 1 16
1 1 13 14 10 4
1 4 7 8 12
1 5 1 3 10 9
0 10 15 17
0 11 4 16 1
1 11 17 16 18 4 2 6 15
1 13 8 7
1 3 1 3 23
1 8 0 10 6 2
1 0 0 22 13
1 10 9 15 3 5 14
1 14 10 17 24
1 12 7 2 15 3 17
1 4 13 20 4 10 21
1 2 19 4 5 6
1 9 13 7 5 25
1 5 0 11 3 6
1 6 1 3 20 15 12 6
1 7 14 13
1 1 12 6 3
0 15 13
0 16 14 24
0 17 17
1 2 15 29 31
1 3 14 27 11 20 1 6
1 15 4 12 3 0
1 8 16 3 27
1 4 11 20 26 13 30
1 10 9 15 23
1 7 0 17 27 23
1 14 11 28 7
1 16 5
1 19 18 13 2 28 7
1 11 2 8 28 0
1 9 5 16
1 0 6 21 26
1 5 14 22 4
1 12 7 13
1 17 23 5 28 32
1 18 1 3 24 28 13
1 20 10 9
1 13 11 25
1 1 19 15 1
1 6 0 26 1 7 8
0 21 0
0 22 34 33
0 23 8
0 24 24 30
0 25 26
1 13
1 10
1 23
1 20
1 16
1 19
1 5
1 18
1 6
1 22
1 28
1 14
1 26
1 17
1 8
1 7
1 9
1 12
1 27
1 0
1 3
1 2
1 4
1 15
1 25
1 21
1 1
1 11
1 24
0 29
0 30
0 31
0 32
0 33
0 34

