13
28 26 10 27 28 28 9 28 6 29 27 31 8 
1 9 17 14 0 7 4 24
1 20 0 6 11 16 1 24
1 22 18 23
1 14 20 6 12 15 19 3
1 5 16 4 2 20 14 7
1 1 15
1 13 19 12
1 10 8 11 17 10
1 0 11 20 5 2
1 21 16 17 1
1 2 11 4 20
1 19 1 7 8 18 16 11
1 4 10 8 11 7
1 16 3 7 4 19 17
1 11 13 2 1 9 5
1 17 13 10 17 8 2
1 7 20 8 5 9 10 25 22
1 6 13 12 7 11 20 2
1 3 2 19 11 12 4
1 12 13 15 3 14 8
1 15 10 4 6 12 21
1 18 9 11 0 17 12 19
1 8 5 17 10 15 3 16
0 23 4
0 24 10
0 25 15 22
0 26 0
0 27 18
1 15 6 4 2 0
1 16 7 0 4 5
1 3 7 4 3
1 18 5 1 6 4 0 2
1 5 4 6 3 0
1 0 3 1
1 19 6 1 5
1 7 3 0 7 6 4
1 12 6 7 4 5
1 14 4 3 1 0 7
1 6 2 5 6 0 1 3
1 1 7 5 2 3 0
1 10 1 0 2 7 6 8
1 11 5 7 4 6 3
1 2 7 2 9
1 4 5 7 4 0 3 2
1 17 0 7 5 6 1
1 13 1 5 2 4 7
1 20 1 0 5 6 2
1 9 0 4 5 2 6 7
1 8 1 0 4 7 2 3 6 5 9
0 21 8
0 22 8 0 1
0 23 9
0 24 6
0 25 7 5
1 5 18 17 10 4 20 8 1 16 19 7 9 15 11 2 23
1 7 9 4 11 12 18 19 13 15 20
1 1 15 1 2 20 6 9 8 12 17 25 0 5
1 0 5 3 17 18 0 13 6 4 7 21 8 23 24
1 6 5 19 13 14 0 6 11 4 18 12
1 3 10 0 14 16 19 12 21 5 9 11 7 3 15
1 4 7 13 11 21 8 20 1 19 15 4 6 10 18 12 5 22 26 16 25 17
1 2 8 6 21 16 9 13 4 18 5 19 7 12 1 3 14 20
0 8 13
0 9 19 14 22
1 9 12 3 17 10 14 13 22
1 2 15 2 22 25
1 3 15 14 17 16 20
1 8 10 22 7 14
1 15 6 12 21 19 4 18
1 1 20 7 1 23
1 0 20 7 22
1 7 16 11 13
1 5 20 5 16 2 15 3 26
1 12 12 1 11 0 21
1 6 15 24
1 16 21 18 19 16 0
1 13 8 6 2
1 11 4 9 18
1 18 19 21 27
1 19 0 10 17
1 4 22 2 0 17 19 21 9 23
1 10 2 13 8 15 18
1 20 8 19
1 17 6 18
1 21 10 8
1 14 8 19 20
0 22 10
0 23 0
0 24 15
0 25 0
0 26 20
1 11 16 21 12 19 17 23 7
1 16 18 4 22 3 10
1 4 1 13 10 6 20 23
1 20 10 20
1 18 7 14 17 15
1 6 11 14 17 12
1 15 12 8 3 9 0 14
1 1 3 7 6 13 19
1 21 15 20 7 16 24
1 0 2 4 11 19 3
1 22 16
1 10 16 4 1
1 8 0 20 9 13 6 21
1 5 21 9 19 18 25
1 12 17 8 18 14 11 15
1 9 5 15 4 11 0 19
1 13 0 6 14 22 1 5
1 3 21 8 12 6 7 25
1 17 21 22 13 16 10 15
1 19 5 12 0 7 16 15 17 6
1 2 19 14 2 24
1 14 22 9 20 11 2 5
1 7 13 0 26 16
0 23 4 11
0 24 8 27
0 25 20
0 26 11
0 27 19 0
1 19 1 5 4 0 3
1 5 5 0 2 1 6
1 7 2 0 1 5
1 18 6 4 1 3 2
1 6 2 5 4 6 1
1 15 3 0 4 6 1
1 2 2 6 1
1 9 0 4 6
1 14 5 4 0 1
1 10 5 1 2
1 13 3 1 5 4 6
1 4 4 2 6 5 0
1 1 5 0 3 6 7
1 0 5 6 4
1 12 4 1 6 5 2 3
1 16 0 5 4 1 2
1 22 4 1 3 2
1 20 1 0 2 4
1 8 3 5 0 2
1 3 6 5 2 4 7
1 17 3 4 5 2 1 0 7
1 11 6 0 5 4 3 2 8
1 21 3 1 7 0
0 23 0
0 24 8
0 25 2
0 26 3
0 27 6
1 2 18 16 4 15 20 10 3 8 2 21 14 13 24
1 4 11 2 3 17 21 14 6 9 1 7 8 16 12 10
1 3 22 13 2 16 9 5 12 3 11 17
1 5 20 6 7 9 8 15 11 1 19 17 0 3 4 26
1 6 19 4 8 15 17 20 2 12 0 7 18
1 1 14 0 1 10 12 21 22 2 15 20 5 16 3 9 26 13 17
1 0 20 5 6 19 1 10 22 16 0 3 12 14 8 23 9
0 7 14 27
0 8 1 24 25 5 6 19
1 4 3 2 1 0 5
1 10 1 0 3 4 2
1 12 1 0 2 4 3
1 0 1 2 3 0
1 19 3 0 4 1
1 7 1 0 4 3 5
1 14 2 3 0 4 1
1 22 0 4 3
1 16 4 3 0 1 5
1 13 0 3 4 2 1
1 3 0 1 2 3
1 18 4 2 1 3 0 5
1 8 0 3 2 1 4
1 15 4 2 1 0 3
1 1 4 1 2 3
1 5 3 1 2 0
1 9 1 2 3 4 0
1 17 4 0 3 1
1 2 4 2 1
1 11 4 0 1 2 3 5
1 20 2 4 0 1
1 21 0 2 3 4 5 1
1 6 4 2 1 3 0
0 23 0 4
0 24 1 0
0 25 0 3
0 26 5 4
0 27 4 5
1 4 3 5 16 18 22 23 19 1 9 20 10 4 17 21 7 8 12
1 0 14 6 9 21 23 15 0 11 19 17 1 10 5 12 3 24 25 16 28
1 2 14 2 4 8 11 19 12 13 15 10 18 21 23 7 6 3 27
1 1 12 0 1 15 14 22 10 9 8 11 18 4 3 5 16 7 21 27 28
1 3 7 10 13 17 20 15 16 14 8 21 0 5 22 18 4 23 3 12 9 6 2 26
0 5 23 9 11 25 7 8 19 21 15
1 3 16 21
1 7 21 19
1 17 4
1 4 14 21 0
1 22 5 17 12 18 19
1 20 14 2 1 8 15 4
1 2 0 22 7
1 18 16 20 4 9 15 19
1 14 11 17 15
1 5 7 14
1 1 13
1 16 12 14 3 21 25
1 11 4 18 11 17
1 12 11 18 2 1
1 0 7 21 16
1 9 6 10 18 8 17 0
1 6 3 21 16 4 1 10 26
1 13 19 18 4 21
1 19 6 8 11 23 25
1 15 21 6 3 5 8
1 23 5 9
1 8 1 20 16 18 4
1 21 5 11 3
1 10 15 7 3
0 24 5 24
0 25 12
0 26 15
0 27 15 26 17
0 28 21
1 4 23 20 2 4 19 17
1 2 16 6 3 8 1
1 16 15 14 1 13 20 28 30 16 25
1 13 23 5 29
1 12 8 22 6 17 0 3 27 7
1 19 2 7 18 13 1 0
1 10 9 18 19 24 8 23
1 0 3 13
1 20 2 13 24 14
1 18 12 22 18 14 5 2
1 5 16 20
1 9 1 6 14 16 0
1 21 0 2 5
1 3 3 24 4 21 23 25
1 11 3 7
1 17 4 18 0 14 16 9 10 15 25
1 8 23 10 19 6 1 7
1 6 16 21 12 17 4
1 14 22 8 20 15
1 15 16 5 24 6 12 2 11
1 7 8 15 4 6 1 19 22 16
1 1 17 11
0 22 9 26
0 23 12
0 24 9 13
0 25 12
0 26 27
1 22 2 1 0
1 2 0 3 5
1 23 2 5 6 1
1 1 0 4 1
1 3 4 0 1
1 18 3 2 1 0
1 12 0 1
1 20 1 5 3
1 8 2 0 1 4 3
1 11 0 1 5 3 7
1 19 0 1 2 3
1 4 4 3 0 1
1 13 2 5 0 1 4
1 21 5 3 2 0 1
1 16 2 4 3 5 1 6
1 24 2 5 7
1 9 3 0 2 1 4
1 6 4 3 2 0
1 15 0 1 5
1 0 0 4
1 7 1 4 5
1 10 4 2 5 3
1 14 2 4 5
1 5 4 5 0 1 6 3
1 17 1 5 2 4
0 25 3
0 26 7
0 27 5
0 28 3 7
0 29 2
0 30 0 5
1 1
1 4
1 5
1 2
1 0
1 3
0 6
0 7

