6
42 8 26 47 8 26 
1 9 1 4
1 15 0 1 3 2 4
1 16 0 2 1 3
1 7 0 2 3
1 0 4
1 17 2 3
1 1 4
1 18 3 2
1 10 3 0
1 8 4 3
1 20 1 2
1 21 1 2
1 2 4 0
1 11 3 1 4 0
1 22 1 2 0
1 12 4 1
1 23 1 2 3 4
1 4 2 4 0 5
1 24 1 2
1 3 4 0 2
1 25 1 3 6
1 5 2 4
1 14 3 1 4 0
1 19 3 0 1
1 13 2
1 6 2 4
0 26 6 7
0 27 2 6
0 28 4
0 29 5
0 30 3 1 0
0 31 5
0 32 0
0 33 6
0 34 2 7
0 35 0
0 36 5 4 1
0 37 3 0 6
0 38 5
0 39 1
0 40 5
0 41 2
1 1 10 11 1 13 15 8 7 9 16 21 6
1 4 11 2 12 10 4 9 8 3 22
1 2 8 1 7 9 14 2 5 11 10 19 21 24
1 3 11 3 4 5 13 15 14 9 18 25 12
1 0 0 6 15 13 10 4 2 8 3 24
0 5 23 17 20 24 14 0 6 16 18
0 6 8 22
0 7 13 15 8
1 0 14 3 41 13
1 7 7 17 9 34
1 3 9 12 2
1 12 13 25 23
1 4 8 26 2
1 10 23 0 1 22 27 11 13 12 43
1 13 13 10 2 1 23 33 19
1 11 6 18 5 21 2
1 2 20 5 26 31
1 5 9 15 18 28
1 9 12 24 28
1 14 16 10 30
1 15 19 23 36
1 1 4 17 3 5
1 6 11 25 27 20 15
1 8 21 2 28 0 29
0 16 7
0 17 17
0 18 32 40 42
0 19 13 46
0 20 5 35 33
0 21 17
0 22 39 37 44
0 23 22
0 24 38 45
0 25 4 12
1 14 4 1
1 13 4
1 20 2
1 6 1 4
1 3 2 1 0 4
1 0 4 0
1 28 3
1 7 1 4
1 1 1
1 9 2 0
1 25 3 2 1
1 4 1 0 2 3
1 11 4 0 2
1 21 3 4
1 5 4 1
1 2 1
1 22 4 3 2
1 18 1 3
1 26 2 3 7
1 23 4 3 2
1 10 0 4 2
1 12 3 0 2
1 17 4 1 2
1 27 3 2
1 24 3 2
1 15 3 0
1 19 3 1 7 2
1 16 4
1 8 0 2 4
0 29 5 0
0 30 0
0 31 7
0 32 2
0 33 2
0 34 1
0 35 4
0 36 3
0 37 0 2
0 38 1
0 39 5
0 40 3 5
0 41 7 3
0 42 6
0 43 0
0 44 6 7
0 45 1
0 46 1 5 4
1 0 4 0 6 8 14 7 3 13 11 5 19 22 18 25
1 1 9 2 7 11 12 4 8 0 1 5 6 3 13 10 14 17 20
1 3 5 14 1 12 11 9 13 7 10 2 24
1 4 13 1 9 15 7 12 10 6 14 2 20 16 8 18
1 2 15 3 10 0 5 1 4 9 12 13 11 6 23 7 2
0 5 24 16 18 23 14 13 2 9
0 6 6 21 4 7 20 5 17
0 7 3 25 1 12 13
1 1
1 10
1 14
1 2
1 3
1 5
1 4
1 7
1 0
1 11
1 12
1 6
1 13
1 8
1 9
1 15
0 16
0 17
0 18
0 19
0 20
0 21
0 22
0 23
0 24
0 25

