13
33 16 22 31 17 33 23 17 22 32 31 34 36 
1 15 6
1 5 3 8
1 10 3 2
1 0 11
1 12 12
1 17 9
1 7 10
1 8 10
1 1 11
1 21 1 15
1 2 11
1 22 1
1 23 1
1 18 9
1 13 12
1 14 12
1 6 0 14
1 16 6
1 3 11
1 24 1
1 26 9 4
1 19 9
1 9 10
1 11 7
1 20 9
1 4 5
1 25 1
0 27 4
0 28 7
0 29 13
0 30 4
0 31 1
0 32 9
1 4 2 6 10 16
1 11 3 18
1 9 1
1 2 17
1 12 3
1 1 4 0 20
1 8 3 11 21
1 6 7
1 3 12
1 10 8 9
1 5 15 5
1 0 4 19
1 7 14 13
0 13 15
0 14 7
0 15 16
1 4 23 0
1 13 20
1 0 13
1 16 6 8 10
1 1 22
1 10 10 2 15
1 11 1 3
1 9 23
1 17 5
1 14 6 7 11 17 28
1 2 4 25
1 8 16 14
1 6 9
1 15 16 29 30
1 5 24 18 19
1 7 12 21
1 12 20
1 3 4 27
0 18 23 26
0 19 4
0 20 5
0 21 5
1 1 0
1 11 13
1 7 1
1 22 5
1 5 7
1 24 5
1 23 5
1 16 5 4
1 20 8
1 8 2 10
1 18 8
1 21 3
1 13 9
1 0 11
1 4 12
1 14 9
1 19 8
1 10 6
1 15 9
1 2 0
1 17 8
1 9 6
1 3 12
1 12 13
1 6 7
0 25 3
0 26 12
0 27 10
0 28 4 15
0 29 3 14
0 30 16
1 1 25 5 10 28
1 5 9 12 17 30
1 4 20 1 7 15
1 12 3
1 7 11 4
1 13 14 32
1 6 8 22 24
1 3 0
1 11 14 18 21 27
1 10 2 26
1 8 3 19
1 0 13
1 2 13 16 23
1 9 8 6
0 14 8
0 15 31
0 16 20 29
1 9 7
1 2 5
1 12 13
1 25 10 22
1 10 7
1 0 6
1 17 14 17
1 22 14
1 16 9
1 19 2
1 4 3
1 21 8
1 1 16
1 6 13 15 20
1 26 10
1 7 7
1 3 5
1 20 8
1 24 14
1 8 7
1 14 9
1 5 16 0 5
1 13 18
1 15 5 4 12 21
1 11 11
1 18 1
1 23 14
0 27 18
0 28 1 19
0 29 6
0 30 9
0 31 18
0 32 16
1 11 10
1 13 12
1 14 12
1 4 1
1 12 11
1 2 1 9
1 0 6 4
1 6 3
1 15 5 13
1 10 10
1 18 7 15
1 7 2 10
1 16 7
1 8 3 8
1 17 7
1 3 1
1 1 4
1 5 3
1 9 11 0
0 19 4
0 20 16
0 21 14
0 22 5
1 6 3
1 4 11 6
1 3 0
1 5 13 18
1 2 9 8 14
1 10 10 4
1 0 2
1 12 5 12
1 7 7 6
1 1 16
1 8 15 20
1 9 15
1 11 5
1 13 17 1
0 14 21
0 15 5
0 16 0 19
1 4 19
1 17 22
1 0 8
1 10 5
1 8 20
1 13 21 6 13
1 9 5 31
1 12 4 26 29 30
1 1 15
1 6 5 11
1 16 3 9 27
1 2 25 14
1 14 0 12 17
1 7 20
1 5 1 23
1 11 10
1 3 2 7 16 24
1 15 18
0 18 17
0 19 5
0 20 20 28
0 21 3
1 18 4 26
1 5 5 30
1 3 16
1 22 1
1 16 15
1 12 13 17
1 21 1
1 1 19
1 2 22
1 25 2
1 13 23
1 8 9
1 17 15
1 14 12 21
1 0 6
1 4 16
1 6 3 14
1 23 18
1 20 10 0
1 7 11
1 11 24
1 19 8
1 24 20 25
1 10 24 27
1 15 15
1 9 12 7
0 26 17
0 27 5 28
0 28 22 29
0 29 3
0 30 5
0 31 7
1 18 12 20 31
1 21 7
1 24 4
1 3 15
1 17 12 18 27
1 5 6 23
1 0 1 32
1 6 14
1 19 19 33
1 8 2 29
1 20 19
1 7 14
1 15 22
1 9 2 0 3 8
1 10 14 26
1 16 17
1 4 15 30
1 14 13 10
1 22 11
1 1 5
1 23 17 9 25
1 12 21
1 2 16 28
1 13 21
1 11 24
0 25 19
0 26 9
0 27 20
0 28 5
0 29 25
0 30 26
1 7 27 29
1 0 15
1 8 16 3 21 7
1 4 5
1 25 4
1 1 2 1
1 9 16
1 21 11 23
1 18 11
1 26 17
1 17 9
1 23 22 28
1 14 20
1 11 7 13 31
1 6 26
1 5 27
1 3 5
1 16 16 12
1 19 18 35
1 20 6 25
1 24 24 14 32
1 12 8
1 15 6
1 2 0
1 10 8
1 27 10 33
1 13 20
1 22 24 19
0 28 15
0 29 18
0 30 22
0 31 11
0 32 16 30
0 33 34
1 3
1 1
1 2
1 7
1 26
1 4
1 14
1 9
1 12
1 16
1 29
1 17
1 21
1 15
1 27
1 0
1 10
1 28
1 18
1 19
1 13
1 8
1 24
1 20
1 23
1 22
1 6
1 5
1 25
1 11
0 30
0 31
0 32
0 33
0 34
0 35

