20
14 27 29 16 29 21 28 33 26 22 12 20 11 11 9 24 14 16 24 35 
1 3 12 17 21 5 20
1 4 20 7 8 13 16 4 24
1 9 5 10 8 12 14
1 2 1 18 2 11 0 20 13 22
1 8 10 12 2 16 23
1 5 19 0 8 5 9 15 11
1 1 10 11 7 6 23
1 0 0 6 11 13 17
1 6 2 4 17 7 20
1 7 15 3 6 9 14 11 17 4
1 10 5 3 16 10 25
0 11 26
0 12 0
0 13 9
1 3 19 14 16
1 11 18 22 19
1 13 22 11 13 6 2
1 21 19 17
1 8 21 0 23 1 28
1 10 4 3 25
1 6 9 8 0
1 2 15
1 17 21 9 12 7
1 0 8
1 19 17 7 23 6 5
1 7 9 5 3 8
1 4 23 24
1 1 8
1 20 2 12 20 1 27
1 18 14 20 0 1
1 15 14 18 1
1 14 22 7
1 16 6 16 20 12
1 9 1 10 23 7 6 16
1 12 22 1 15
1 5 2 9
0 22 6
0 23 16
0 24 27 1 9
0 25 3 26
0 26 13
1 14 11 7 1
1 20 7
1 6 12
1 13 7 0
1 9 4 6 10 11
1 17 8
1 11 1 4 3 6 5
1 21 6 2
1 3 12 1
1 10 10 12
1 5 12 11
1 23 6
1 22 6 15
1 15 10 11 6 2 12 8
1 4 4 8 1 5 0 7
1 7 3 1 11
1 0 4
1 16 8 6
1 12 5 1 2
1 19 2 0 6
1 18 6 12
1 1 0
1 2 5 9
1 8 7 1 3 5 9
0 24 7 14
0 25 12
0 26 11
0 27 7
0 28 13 0
1 3 7 10 2
1 2 14 3 6 11 26
1 11 0 22 21 12
1 9 1 16 23 15 9
1 1 19 4 2
1 6 9 12 20
1 12 2 17 1
1 10 18 2 25
1 8 1 8 21
1 0 20
1 7 11 8 18 22 24
1 4 13 5 9
1 5 15 21 7 23 8
0 13 5 27 28
0 14 16
0 15 11
1 22 14 6 0 3
1 16 15 2 14 17 19
1 21 0 16 4
1 2 16 5 8 13
1 5 15 9 0 13
1 7 7 15 13
1 9 7 12 2
1 0 5
1 13 16 9 12
1 17 3 10
1 8 10 15
1 20 14 10
1 19 10 4
1 10 5 4 8 16
1 6 0 13
1 15 15 7
1 4 15 9 18
1 18 12
1 12 10 12 16 8 6
1 1 13
1 3 0 9
1 14 3 9
1 11 1 11 9 15
1 23 3 11 17
0 24 1
0 25 8
0 26 10
0 27 6
0 28 7 20
1 8 22 10 11
1 6 21 17
1 3 8 19
1 14 1 3 9 14 17 24
1 15 22 13
1 1 0 18
1 11 15 4 11 20 8
1 7 5 16 9 15 25
1 0 2 16
1 2 1 5 22
1 5 13 16 12 21 15
1 13 18
1 10 21 7 1 15 20 22 26
1 4 6 12 5 4 23
1 16 17 3 15 18
1 9 19 16 10 2 7
1 12 22 20 17 3 8 9
0 17 13 17
0 18 22
0 19 17
0 20 27
1 0 17 4 27
1 15 19 11 5 28
1 12 22 11 23 29
1 9 15 6
1 11 17 14 13 12
1 2 0 8
1 16 2 21 0 32
1 5 10 0
1 4 6 24 11
1 19 9 2 22
1 17 18 3 8 21
1 7 5 17
1 6 16 26 7
1 22 22
1 10 4 23 3
1 20 20
1 1 17 25 0 30
1 18 1 12 24
1 14 15
1 13 13 6 9 20
1 21 22 3 9
1 3 17 24 2 9 25
1 8 7 31
0 23 16
0 24 17
0 25 15
0 26 7
0 27 5
1 6 11
1 26 3
1 21 10
1 23 18 25
1 3 16 6
1 19 8 4 2
1 7 19 13
1 10 19 2 10 17
1 8 6 1
1 12 14 0
1 11 10 12 16 21 22
1 13 12
1 24 15
1 25 3
1 5 5 4 9
1 15 3 17
1 14 1 3 19 24
1 1 12 7
1 16 5 20 10 8
1 17 6 14 3 5
1 18 4 15 1
1 22 15 13
1 20 8 1 3
1 9 19 3 0
1 2 5
1 0 9 23
1 4 12 13 7
0 27 11
0 28 7
0 29 11
0 30 17
0 31 12
0 32 8
1 1 4 16
1 7 15 11 14
1 11 8 1
1 20 5 17 0 20
1 14 3 10 16 21
1 6 12 0 2 18
1 10 0 12 1 17
1 0 6
1 16 14 8
1 2 17 13 12 18
1 15 7 17
1 8 15 1 10 19
1 9 14 3
1 12 12 9 17 7
1 17 8 16
1 19 10 8
1 3 2 7 1 16 6
1 4 7
1 18 14 0 5
1 5 2 9 4
1 13 12 0 10
0 21 15
0 22 15 5
0 23 4
0 24 11
0 25 17
1 14 7 6
1 2 7
1 7 9 5 6 1 10
1 9 6 7
1 1 8 1
1 17 6 2
1 5 1 5 2
1 6 1 8 6
1 16 2 3
1 13 6 7 5 0
1 11 3
1 4 0 7 8 4
1 3 3 1 7 0 5
1 0 7 1
1 8 6 1
1 12 4 3 6 0 1
1 10 3 5
1 15 9 2 4 10
0 18 1 11
0 19 7 11
0 20 6
0 21 4
1 7 0 13 9
1 0 8 5 16 9
1 8 7 15 13 6 14
1 5 4 9 14 1 6 7
1 4 10 1 4
1 3 0 3 11 13 14 8 1
1 9 7 0 2
1 1 8 7 4 14 12 6
1 2 7 15 8 9 17 18
1 6 2 6 12 15 0
0 10 15
0 11 19
1 13 6 2 8
1 8 7 0
1 11 0 8
1 2 6 0 8 5
1 9 1 7
1 7 1 7 3
1 1 8 3 6 5
1 12 1
1 0 6 5 0
1 3 0
1 6 8 5 4 6
1 5 5 8
1 4 4 6
1 10 0 1 4
1 15 1 4 0
1 14 1 4 9
0 16 10
0 17 7
0 18 3
0 19 2
1 3 4 2 1 0 6
1 5 0 7 4 5
1 8 6 1 4 2 7 8
1 2 6 7 8 3 4
1 6 5 7 1 0 2 6 4 9 3
1 0 0 3 1 2 5 6 10 4
1 1 8 2 5 7 3
1 4 8 7 6 2 4 0 1
1 7 1 4 5 3 7
0 9 4
0 10 6 5
1 0 4 0 3 2 5 7
1 8 4 1 6 2 0 3
1 3 3 4 5 0 8
1 1 1 2 0 5 3 4 7
1 6 3 5 6 1 4
1 5 4 6 1 0 5 2
1 4 5 0 2 1 4 6
1 7 5 4 1 0 2 3
1 2 3 4 0 6 5 8
0 9 2
0 10 7 8
1 5 18 0 2 3 6 7 9 12 14 17
1 6 17 19 15 11 1 18
1 0 13 5 11 16 0 3 15
1 2 8 6 10 12 19 3 7 14 9 15
1 4 9 4 19 18 12 5
1 1 15 0 23 10
1 3 15 1 7 14 0 18 10 3 9 5 21
0 7 17 20 22 10
0 8 22 15
1 13 0 5 8 4
1 9 4 11
1 11 8 4
1 18 7
1 15 7 0 4 9
1 0 6 3
1 2 5 6 12
1 3 8 6 13
1 14 8
1 8 5 10 3 7
1 6 3 9 8 10
1 12 4 5 0
1 5 5 7 6 11
1 7 4 2 5
1 19 1
1 4 2 4 6
1 1 6
1 10 5 7 4
1 16 1 9
1 17 1 4
0 20 13
0 21 0
0 22 8
0 23 13
1 9 2 5 4 14 15
1 10 12 4 6 1
1 4 5 9 6 10
1 1 11 10 3
1 5 11 10 9 6 3
1 3 0
1 0 5 3 10
1 8 8 6
1 6 1 7 5 6
1 2 11 0 3 5 1 8
1 7 1 2 11 3
0 11 4 13
0 12 2 10
0 13 7
1 5 0 7 9 3 23
1 7 3 5 17 19 0 7 2
1 12 15 16 19
1 2 11 18 17 10 22 12 20
1 9 6 4 0 19 17
1 0 10 8 11 5
1 10 0 1 19 15 2
1 6 3 14 1 18 7
1 3 11 13 15 6 17
1 11 6 16 18 0 2 12 19 4 20
1 1 0 13 15 8 10
1 4 12 14 10 8 7
1 8 12 2 16 4 11 7 5
0 13 21
0 14 3
0 15 18
1 15 12 19 23
1 17 16 24 19
1 11 5 7
1 2 5 15 33
1 12 8 26 23
1 6 23 6 34
1 14 25 0 11 18
1 10 20 9
1 3 13 3 10 20 2 26 32
1 4 13
1 1 8 28 6
1 5 16 2
1 16 20 27 1 14
1 0 21 11 22
1 7 8 12 7 14 0
1 9 6 17 26 13 5 27 2
1 18 18 9 14 7
1 8 1 0 15
1 13 24 25 12 31
1 19 4 30 0
0 20 7
0 21 29
0 22 20
0 23 0
1 15
1 23
1 7
1 5
1 27
1 17
1 4
1 14
1 8
1 18
1 6
1 9
1 11
1 10
1 20
1 2
1 16
1 13
1 28
1 26
1 12
1 0
1 1
1 21
1 22
1 24
1 19
1 25
1 3
0 29
0 30
0 31
0 32
0 33
0 34

