13
36 24 35 8 27 24 18 31 32 10 35 23 8 
1 28 14
1 24 9 16 14 19
1 6 0
1 27 1
1 20 3 5 19
1 1 6 19 20
1 2 4 23
1 3 7 2
1 19 15 7
1 15 15 18 17
1 4 17 11
1 22 5 10
1 26 10 14 19 3
1 14 13 15
1 18 18 10 3
1 13 18
1 17 17 1
1 8 17
1 16 7 16
1 25 17 14 9
1 29 9
1 23 15
1 12 17 18
1 21 5 15 11
1 7 8 12 14
1 0 11
1 5 13 4 19 0
1 10 2 14 9
1 11 2 14 19
1 9 16 8 14 6
0 30 21
0 31 13
0 32 3
0 33 13
0 34 21
0 35 22 19
1 7 11 20 4 19 0
1 16 20 5 9
1 0 22 7 29
1 18 3 16 15 5
1 5 28 7 25 9 11 14 30
1 13 26 13 6 31 34
1 1 23 14
1 11 4 1 15 13
1 2 19 22 7 0 32 29
1 19 17 18 0
1 15 4 16
1 3 11 2
1 4 12 21 13
1 6 3 11 14 26 30 22
1 17 5 13 0
1 14 10 26 12 23
1 12 2 0 11 14 16 17
1 8 8 14 26
1 10 10 6 15 24 27 33
1 9 23 9 27 28
0 20 7
0 21 14
0 22 1
0 23 1 0
1 28 4
1 18 2 4 5
1 8 0 1 5
1 16 0 1
1 15 1 0
1 26 1
1 19 5 2 4
1 3 0
1 14 1 0 3
1 11 0 2 7
1 25 1 4 3
1 9 5 2 3
1 6 0 2 5
1 5 0
1 4 0
1 21 4 0
1 17 4 5
1 23 3 4
1 13 3 1 0
1 0 5 2
1 12 1 5
1 24 4 3 1
1 2 3 5 2
1 10 3
1 1 0 5
1 20 5 4 1
1 22 3 4
1 7 3 0
1 27 1 4
0 29 1
0 30 2 5
0 31 6
0 32 0
0 33 6
0 34 7 1
1 1 3 0 4 13 10 7 17 20 11
1 4 15 18 8 1 9 0 2 20 4 23
1 3 11 10 14 16 13 15 6 2 18 7
1 2 6 1 8 3 21 13 15 20 4 0 2 12
1 5 20 7 12 16 17 21 0 9 4 8 25
1 0 5 2 9 19 17 11 21 14 20 24 25 26 22
0 6 22
0 7 17 18 4
1 15 17 18 4 23
1 19 11 12
1 8 7 10 0
1 1 6 22
1 5 1 2
1 4 4 7 10
1 14 0 19
1 17 12 14 15 7 11 4
1 20 18
1 0 2 3
1 16 5 12 6 20
1 7 8 3 12 19 11 13
1 18 9 18 8
1 2 3 4
1 9 15
1 12 0 6 17 7 11
1 21 12
1 10 7 10 12
1 13 7 1 12
1 6 16 2 10
1 11 15
1 3 13 15
0 22 17
0 23 18
0 24 20 0
0 25 21 1
0 26 6
1 15 0 4 10 1
1 12 11 10 4 15 2
1 0 4 14 3 2 1
1 4 13 2 8 4
1 6 13 1 5 2 7
1 14 7 11 14 10
1 3 12 0 3 4
1 8 7 3 10 5
1 7 14 7 1 8
1 13 11 0 2 5
1 2 12 1
1 10 13 6 2
1 17 6 7 9 2 14 3
1 1 1 14
1 18 1 7 9
1 9 8 5 13 11 3
1 19 10 16 15
1 11 14 9 10 4
1 16 2 0
1 5 6 10 4 12
0 20 17
0 21 17
0 22 3
0 23 0
1 12 11 2 15 23 16 14 7
1 6 3 6 4 7
1 5 13 0 24 21 14
1 3 1 5 3 4 19 9
1 0 13 9 22 27
1 4 1 5 18 2 24 12 6 30
1 9 3 20 5 10 22
1 8 19 12 21 5 2 1 24 6 18
1 11 16 22 6 4
1 14 16
1 13 23 20 6 12 26
1 10 9 10 8 28 29
1 2 13 7
1 7 14 4 19 22 17 5 20
1 1 8 6 17 1 25
0 15 16
0 16 2
0 17 18 11
1 9 6 25 12
1 3 12 29
1 17 5 1 6 10
1 4 4 13 16 23 8 26
1 18 19 6
1 0 8
1 7 9 25
1 12 14 25 1
1 13 15 0
1 2 14 7
1 21 16 20 19
1 11 3 9 24 22 10
1 10 21 7 25
1 6 18 0 17 1 15
1 5 6
1 19 1 10 22
1 22 11 23
1 1 13 2 7 3 6
1 15 7 22 10
1 20 16 15
1 23 11 2 24
1 14 14 26
1 8 12 24 17
1 24 11 24 6
1 16 23 2 5 0 27
0 25 15
0 26 29
0 27 31
0 28 12 25
0 29 30 14
0 30 29 28
1 11 0 5 9
1 8 0 3
1 15 1 0
1 6 2 0
1 2 4 0 3
1 23 1 7 3
1 9 2 6
1 0 6 4
1 5 4 3
1 3 4 3 0
1 22 3 7 5
1 25 7 5 1
1 7 3 0
1 1 2 4 8
1 14 5 6
1 17 3 4
1 18 1 0 2 7
1 10 4 2 5
1 4 2 0
1 24 5 7
1 13 0 5
1 21 7 1 6
1 20 1 2
1 12 1 4 5 0
1 16 1 6 7 3 4 2
1 19 6 3 7 8
0 26 4
0 27 1 6 7
0 28 1
0 29 6
0 30 1
0 31 1
1 1 20 2 3 12 17 24 26 15 23 7 28 11 10 8 25 30
1 6 21 28 10 17 16 31
1 3 23 8 13 15 18 19 11 32
1 4 22 25 14 11 16 29 34 32
1 0 0 6 11 14 27 3 12 20 18 9
1 5 27 5 16 22 14 17
1 2 22 7 9 10 26 5 12 28 3 15 14 32
1 7 1 4 21 33
0 8 6
0 9 1
1 8 2 17 4
1 24 16 17
1 17 6 17 19
1 11 17 8 7 21
1 18 9 5 18
1 19 3 18 10
1 6 15 10 8
1 15 11
1 12 1 5 14
1 2 2
1 28 0
1 9 6 10 14 7
1 10 13 3 9
1 4 4 14
1 27 0 12
1 13 14
1 23 9 12
1 3 2
1 16 9
1 26 12
1 5 5 14 4 2
1 20 5 9 3 0 8 20
1 25 17
1 22 3
1 14 0 13
1 1 7 2 12
1 0 7
1 7 8
1 21 17 3 12 2
0 29 17
0 30 18
0 31 2
0 32 7
0 33 22
0 34 9
1 18 5 4 3
1 5 1 0 2
1 4 0 3 4
1 14 5 1 2 0
1 2 2 0 6
1 12 1 3 4 2
1 6 1 0 3 2 5
1 3 1 3 5 0 4
1 7 3 0 1 5 2
1 11 4 3 2 1
1 13 3 4 5 2
1 10 2 1 4
1 17 5 4
1 0 2 3
1 9 4 1 3 0
1 1 0 3 1
1 15 0 4
1 16 1 4
1 8 2 0 1
0 19 7
0 20 1 5
0 21 5 1
0 22 1
1 1
1 3
1 2
1 0
1 5
1 4
0 6
0 7

