6
20 48 42 20 48 40 
1 2 12 5 9 26 4 10 14 11 13 2 8 3 6 35 33
1 0 10 3 28 23 7 0 8 2 11 1 12 26 29 4 30 41 42 39
1 4 25 18 16 2 5 0 24 20 46 37 1 19
1 3 13 29 5 8 20 23 28 2 19 7 0 6 40 38 47 21 1 10 36
1 9 23 17 19 15 25 14 16 29 3 9 27 22 37 40
1 1 8 11 15 22 7 0 3 29 12 26 13 20 4 16 42 36 27
1 8 22 0 14 10 4 29 19 12 6 2 23 25 26 5 33 46 41 45
1 5 6 29 5 9 28 21 15 12 19 20 24 7 1 10 43 31 45
1 10 21 1 4 24 29 5 22 16 17 3 13 19 15 23
1 7 2 18 6 14 26 1 23 12 0 7 16 20 29 22 13 47 40
1 11 7 16 29 1 27 28 3 25 21 6 22 39 47
1 6 27 20 13 9 11 10 4 7 0 24 19 12 23 5 41 39 38 8 30
0 12 39 44 25 2 37 40 3 33 18
0 13 32 21 19 40
0 14 6 38 5 47
0 15 26 36 10 33 9 21
0 16 25 42 47 28 4 17 15 30 27 41
0 17 14 31 34 45 15 10 27 36
0 18 43 6 11 22 18
0 19 37 10 38 43 44
1 4 23 14 22 10
1 26 2 11 12 4 6 20 15
1 7 18 7 23 26
1 13 5 20 2 15 19 11 12 13 37
1 18 0 6 19 10 7 3 25 20 9
1 11 5 13 18 19 0
1 24 16 24 12 3 8 26 32
1 12 0 11 12 13 15 3
1 3 7 1 10 16 31 22 29
1 0 23 0 35 36
1 25 21 19 11 25 0 5 34
1 5 21 10 18 17 1 7 13
1 6 17 5 0 18 33
1 22 18 0 24
1 19 8 19 10 24 4 16 2 40
1 8 7 3 0 10
1 10 2 15 23 26
1 17 15 14 2 16 18 38 26
1 1 22 13 1 0 12 35 41
1 16 15 7 19 17
1 20 9 16 14 3 1 6
1 23 24 9 18 0 8 6 4
1 28 7 6 19 18 8
1 14 2 25 18 13 32
1 21 15 12 7 11 29 10
1 29 2 11 14 6 10 38 1
1 9 2 14 13 7
1 27 25 2 8 4
1 2 9 21 23 13
1 15 5 3 4 20 16 2 21 8
0 30 17 21
0 31 24 28 40 4 27
0 32 34 41 36
0 33 0 1 14
0 34 26 29 30
0 35 41 40 22
0 36 7 33 16
0 37 8 22
0 38 6 27 16 5
0 39 30
0 40 39 17 22
0 41 16 9 29 10
0 42 41 27
0 43 7 39 2
0 44 18 37
0 45 22 32 16
0 46 34 20
0 47 11 40
1 4 3 0 10 11 6 7 1
1 11 0 4 1 9 11 2 8 16 10
1 10 10 11 7 0 3 6
1 16 3 0 8 5 1 10 2 11
1 22 11 4 10 5 9 0 6 7 3
1 14 8 2 1 11 3 5 9 7 15
1 25 9 4 10 5 7 15
1 8 1 11 0 8 6 3
1 13 8 11 2 1 5 0 4 6 3 9
1 7 11 9 6 7 3 14 17
1 0 7 11 4
1 21 0 5 10 1
1 18 1 2 6 4 0 9 10 8 14
1 2 1 5 6 7 18 9
1 19 7 5 0 15 16 10
1 12 6 8 1 9 5 11 10 2 7 12 17
1 9 3 6 11 9 4 7 5 12
1 1 1 6 7 8 2 0 5
1 17 1 7 3 5 9 10 4 11 19 18
1 20 2 6 10 8 9 11 7 17 16
1 5 1 10 11 19 9
1 15 10 9 11 1 0 2 3 4 7 18 16 15
1 6 7 4 8 1 2 5 3 0
1 3 4 1 7 0 2 11 10
1 24 0 9 3 4
1 23 9 6 10 11 5 8 7 14 17
0 26 4 14
0 27 8 7
0 28 10 14
0 29 6 1 15
0 30 19 5
0 31 19 1
0 32 11 13 19
0 33 10 15 13 11 18
0 34 6 17 3 18 16
0 35 14 17 6 13
0 36 16 12 0 18
0 37 13 5 11
0 38 19 4
0 39 6 11
0 40 4 0 8 16 3
0 41 16 14 11
1 8 24 0 11 19 17 29 18 4 3 1 28 20 23 10 12 27 39 16 15 8 30 33 37
1 1 21 24 29 11 14 5 8 1 9 12 16 27 36 31 7 17
1 2 17 2 14 1 16 8 3 21 20 26 7 24 15 19 28 27 38 12 46 10
1 5 7 15 19 22 10 12 4 25 18 21 11 24 6 36 44 47 23 31 42
1 6 21 9 20 28 13 17 6 7 0 4 27 3 11 25 44 2 14 42
1 10 5 6 16 29 0 4 8 9 17 22 2 19 3 12 23 25 14 10
1 4 5 12 26 27 6 14 2 20 3 4 11 24 22 16 33 35 38 25
1 0 13 1 4 2 5 29 10 42 33 22 40 37 11
1 7 19 18 25 11 21 1 29 20 5 4 10 8 17 12 7 13 23 28 3 24
1 11 8 3 10 11 22 26 19 1 27 6 9 18 28 39 37 5
1 9 1 14 13 12 29 9 19 18 25 17 4 35 27 11 40
1 3 8 4 23 24 15 5 18 21 11 26 10 14 41 40
0 12 34 31 27 47 24 20 8 2
0 13 21 44 10
0 14 45 40 39
0 15 30 43 35 36 40 5 13 9
0 16 28 46 25 37 43 0
0 17 31 32 21 47 5 17 37
0 18 13 37 1 25 4 8 32 10
0 19 26 14 20 5 43 33 25
1 19 1 13 20 8 17 5
1 4 22 8 24 20 10 16 39
1 2 10 22 16 24 25
1 18 11 17 4 14 2 8 29 12 26 36 19
1 12 5 3 21 2 14 23 16
1 16 21 6 17 14 4 3 19 0
1 15 7 11 20 6 2 35 5
1 11 2 8 10 5 21 9 13 18 37
1 13 10 6 14 12 5 15 19 21 34
1 26 10 19 12 9 6 17 22 2
1 7 20 9 23 7
1 14 15 13 4 7 16
1 22 18 0 23 24 10 15 19 12 25
1 5 11 9 5 24
1 1 7 8 27 29 6
1 9 23 7 12 24 20 15 0
1 10 21 16 3 11 23 13
1 27 12 0 23 16 20 2 10
1 25 4 8 2 18 15 1 27
1 23 16 10 3 9 18 7
1 8 13 20 6 22 24 1 11 37
1 3 11 7 8 10 23 22 9 4 14 39
1 28 16 3 12 13 0 9 8
1 24 9 17 12 8 16
1 0 23 11 7 5 8 15
1 20 24 9 3 19 23 11 0 18 38 34
1 29 17 1 31 38
1 6 21 1 5 26
1 21 4 14 12 23 1 9
1 17 23 17 5 0 18 3 16 10
0 30 1 13
0 31 30
0 32 7 27
0 33 36
0 34 29 19 20 30
0 35 38 35 19
0 36 1 5
0 37 8
0 38 38 33 13 20
0 39 32 5 39
0 40 9 18 22
0 41 23 39 5 6 11 13 18
0 42 29 9 27
0 43 19 13 2
0 44 32 8
0 45 5 27 15
0 46 34 3 11 28
0 47 28 7 31
1 24
1 23
1 22
1 19
1 10
1 2
1 15
1 4
1 7
1 16
1 6
1 8
1 21
1 11
1 9
1 13
1 14
1 17
1 18
1 20
1 12
1 1
1 0
1 5
1 3
0 25
0 26
0 27
0 28
0 29
0 30
0 31
0 32
0 33
0 34
0 35
0 36
0 37
0 38
0 39

