13
13 20 21 15 21 39 44 26 21 16 10 36 12 
1 3 10 4 5 2 8 1 12 17 14
1 6 3 6 1 7 11 0 2 9 14 17 4
1 7 5 7 11 3 2 9 1 14 16
1 4 2 11 10 1 8 4 6 7 9
1 0 5 9 7 6 8 1 0 18
1 2 1 4 7 2 8 0 15 11
1 1 8 6 3 9 5 11 4 0 7 12 19
1 5 1 0 8 6 11 4 7 5 18 16
0 8 6 10 1 5
0 9 9 19 8 4 17
0 10 13 11
0 11 7 16 19 18 0
0 12 7 12 18
1 2 3 9 4 10 12 13
1 9 1 2 4 5
1 8 6 10 2 9 0 5 1 19 13 14
1 6 7 2 9 8 11 1 12 0 20
1 10 1 5 11 3 0 9
1 7 3 5 10 11 4 16 9 7
1 11 12 2 3 1
1 3 10 5 12 9 0
1 1 8 3 7 4 6
1 4 0 6 11 12 4 5 7 10 13
1 0 3 9 11 6 8 5
1 5 12 2 8 1 0 5 18
0 12 15 1
0 13 7 17 20
0 14 14 17
0 15 7 2 1 14 6 12
0 16 15 20
0 17 14 18 15
0 18 16 20 6 1 7
0 19 17 6
1 8 5 2 1 7
1 7 4 7 5 0 1
1 12 6 5 2 14
1 9 2 4 6 3 5 14 9
1 2 6 3 0 5 1 2
1 6 7 3 6 2 5
1 0 1 6 11 13
1 11 7 2 1 4 10 5
1 3 7 6 4 1 12 11
1 4 2 3 6 9
1 10 0 8 2 7 4
1 5 1 0 3 2 4 8 7 6
1 1 8 3 0
0 13 6 12 14
0 14 5 13
0 15 10 9
0 16 6
0 17 8 10 9
0 18 6 1
0 19 8
0 20 9 7 1
1 4 6 4 11 0 8 1 10 5 9 12
1 0 10 7 2 8 4 11 5 20
1 8 3 9 0 6 8 5 4 7
1 2 12 8 7 17 19 16 13
1 7 7 9 12 10 6 1 2
1 6 10 11 1 3 6 7 9 4 8 0
1 1 7 8 4 12 1 10 0
1 5 1 9 0 5 8
1 3 3 0 2 5 7 12 8 6 10 1 18 4
0 9 11 20
0 10 18 1
0 11 10 15 3
0 12 14 5 1 16
0 13 12 20 17 6
0 14 13 16 7
1 7 0 3 7 8 19 2 30
1 2 8 23 20 25
1 1 17 19 20 21 10 11 3 22
1 10 12 9 18 5 6
1 5 10 23 22 19 12 20 4 8 37
1 0 16 1 37
1 12 13 23 4 6 18
1 3 7 18 2 22 0 36 5 11
1 8 0 5 6 11 3 27 21
1 11 15 19 21 6 7 14 5 1
1 9 0 9 15 13 23 16
1 4 16 2 9 22 5 28 32
1 6 4 14 10 16 20 18 2 33
0 13 24 30 19 14
0 14 35 38 9 1
0 15 23 36 21 24
0 16 26 33 19 15
0 17 34 4
0 18 29 31
0 19 17 36
0 20 4 6 16
1 7 1 23 19 11 3
1 1 14
1 3 26 18 43
1 15 23 2 5 13 0
1 20 3 13 23
1 16 15 10 38 28
1 23 6 13
1 12 19 3 22 12
1 14 0 13 20 6 38
1 13 24 0 29 33 14
1 5 17 4 22 25
1 0 9 1
1 10 25 18 2 10
1 19 4 10 32
1 18 16 12 15
1 21 0 11 17 40
1 11 25 3 26 15 13 24 2 23 10 9
1 2 1 10 5 14
1 17 11 24
1 22 19 12 10 27 39
1 4 9 21 3
1 6 22
1 8 4 8 9 11 19 29 41
1 9 3 7 25 42
0 24 23 41
0 25 26
0 26 30 35
0 27 28
0 28 11
0 29 23
0 30 37 18
0 31 43
0 32 12 25
0 33 40 3
0 34 11
0 35 31
0 36 40 36
0 37 34 23 37
0 38 31 7 35
1 18 3 5
1 2 1 7 4 2 11
1 17 11
1 7 6 1 0 3 8 19 5
1 16 11 10 15
1 0 2 0 14 15
1 19 12 10 7 8 15
1 26 10 9 6
1 1 15 14 6 22
1 6 12 1 3 2
1 20 2 9 10 12
1 23 13 1 17 20
1 22 8 12 23 5
1 25 5
1 4 5 2 8 7 6
1 15 8 0
1 14 15 10 21
1 9 12 14 22
1 10 5 15 18
1 21 4 2
1 3 8 7
1 12 8
1 11 5 3 0
1 24 4 9 11 7
1 13 8 6 4
1 8 6 18
1 5 14 0 12 4 8
0 27 8 10
0 28 12 4
0 29 4 25
0 30 12 5
0 31 25
0 32 3
0 33 15
0 34 24
0 35 4 5 1 11
0 36 6
0 37 12
0 38 2 16
0 39 7
0 40 4
0 41 10
0 42 6 21
0 43 2
1 4 2 1 6 7 11
1 5 0 9 2 5
1 0 0 20 18
1 7 2 10 12 11 6 7 8 14 16 5
1 10 5 10 1 3 8 0 2 13 7
1 11 12 10 2 8 3 5 9
1 6 2 4 9 11 16
1 3 11 10 2 4 12
1 8 2 3 11
1 13 9 5 0 12 3 20
1 14 6 7 8 11 5 3 2
1 9 5 0 2 7 9
1 12 8 10 7
1 15 9 4 10 3 12
1 1 12 2
1 2 12 0 11 2 5 13 18 4
0 16 3 18
0 17 9
0 18 19
0 19 3 5 12
0 20 15 19 4
0 21 2 11 5
0 22 7 15
0 23 2 17
0 24 4 15
0 25 10
1 0 1 6 8 7 13 14
1 2 2 4
1 1 7 4
1 11 4 3 1 9 6
1 3 8 0 7 12
1 12 9 0 4 5
1 7 7 5 6 1 4 0 2
1 8 8 6 0 12 3
1 5 2 1 8 7 9 0
1 10 6 4 2 9 5 1 14
1 9 6 2 0 4 1 15
1 6 4 7 2 5 0 14
1 4 7 2 0 5 14 8
0 13 11
0 14 12
0 15 6 2 5
0 16 15 13
0 17 4 1 11
0 18 4 13 0
0 19 12 8
0 20 12 10 4
1 7 2 0 4 5 1
1 2 3 1 5 0 4 9 6
1 3 2 3 4 1 0 5 8
1 8 0 5 4 1 6 3 7 8
1 4 0 4 3 5 1 2 7
1 5 2 5 4 1 3 0
1 6 2 4 5 0 3 8
1 1 3 0 5 1 2 4 9
1 0 5 1 4 3 2 6
1 9 1 4 0 2
0 10 8 0 9 1
0 11 5 0 6
0 12 0 6 8
0 13 2 0 8
0 14 7 6
0 15 7 6 2
1 5 19 9 11 12 13 20 16 21 18 6 3 15 8 1 28 26 14
1 2 5 2 8 18 13 7 1 16 10 20 24 27
1 3 4 3 7 10 17 8 16 19 13 5 0 11 1 18 9 28
1 0 6 1 15 11 4 17 8 13 21 7 12 2 0 32 24
1 4 0 14 16 21 11 1 18 8 10 13 9 5 34 35 6 4 31
1 1 6 4 17 7 21 2 9 11 20 1 15 33 16 32
0 6 26 22 25 29 0 15 33 27 8 13
0 7 9 19 34 8 13
0 8 14 31 32 18 2
0 9 9 23 30 11 18 2 25 34 3
1 7 5 4 3 2 0 11 7
1 8 6 0 3 4
1 0 2
1 12 4 5 2
1 9 6 5 3 11 4
1 11 3 1 5 2 8
1 2 3 2 4
1 6 2 4 6 0 3 7
1 5 4 2 0
1 17 1 6 0 4 5 7
1 4 3 2
1 3 6 0
1 19 1 3 4 7 8
1 18 3 6 1 0
1 14 0 1 4 6
1 1 0 2 3 5
1 20 5 4 1 6
1 15 5 0 6 1 4 10
1 13 4 3 5 7
1 10 4 0 1 2
1 16 5 2 3 1 4 8
1 21 4 2 8
0 22 4 10
0 23 10
0 24 2
0 25 2 7 9
0 26 8 10
0 27 6 4
0 28 3 11
0 29 10 5 0 8
0 30 10
0 31 3
0 32 10 1 0
0 33 0
0 34 11
0 35 2
1 0
1 6
1 1
1 2
1 5
1 4
1 3
0 7
0 8
0 9
0 10
0 11

