6
18 17 14 20 18 22 
1 11 2
1 13 3
1 7 3 9
1 3 1 6
1 5 3 6
1 2 12 9 6
1 0 8 0
1 1 6 8 9 13
1 10 0 13 1 10 3
1 9 8 11 3 9
1 14 11 5
1 4 4 8 13 7
1 6 1 7 4
1 12 10 4 15
1 8 1 3 9
0 15 2
0 16 16 14
0 17 10
1 1 7 2 1
1 7 4 2
1 8 1 10 8
1 9 4 9 10 7 1
1 4 2 8 1 0 13
1 12 8 5
1 2 2 6 8 12 11
1 6 4 2
1 0 6 0
1 3 2 5 6 10
1 13 1 3 8
1 11 9 7
1 5 0 10
1 10 10
0 14 5 13
0 15 11
0 16 1
1 2 10 12 14 7 8
1 3 9 3 1
1 1 7 0 1
1 10 13 4 2
1 7 6 10 2
1 5 13 1
1 0 8
1 4 5
1 8 15 13 11 4
1 9 2
1 6 11 3
0 11 19 18
0 12 16
0 13 5 17
1 5 7 9 14
1 1 3 2 10 14 7
1 13 0
1 9 3 8
1 15 6 12 13 11 8
1 7 9 14 10 16
1 12 11 6
1 3 14 1
1 2 7 11 3
1 4 10 11
1 6 14 4 5 15
1 8 8 4 7 2 1
1 11 9
1 14 8
1 0 7 10
1 10 9 3
0 16 17
0 17 12
0 18 3
0 19 0
1 10 8 0 7 17 14
1 3 11 2
1 4 15 3 11 21
1 6 0 2 8
1 8 16 17 5
1 2 10 12 14 17 18
1 13 6 13 0 9
1 0 1 15
1 11 0 4 9
1 9 9 4
1 1 10
1 7 17 16 0
1 14 7 5 20
1 12 5 16
1 5 11 8 1
0 15 11
0 16 12
0 17 19
1 13
1 0
1 6
1 8
1 11
1 16
1 14
1 17
1 9
1 12
1 3
1 5
1 1
1 15
1 2
1 4
1 10
1 7
0 18
0 19
0 20
0 21

