13
26 36 16 24 34 47 40 34 16 23 24 45 47 
1 15 16 20 6 8 21 9 14 15 35
1 7 19 0 10 7 8 9 1 15 18 16 5 27 11 33
1 1 7 8 21 11 4 2 3 27
1 10 1 9 6 19 2 4 32 33 27
1 5 5 2 6 11 10 17 16 3 34 30 0
1 2 20 18 5 7 15 6 19 4 9
1 13 4 0 2 8 15 9 21 29 6 24
1 9 17 13 21 0 15 14 12 18 28 19 35 31 33
1 0 7 3 21 11 15 17 9 10 13 4 20 1 22 14
1 6 1 16 11 5 14 10 12 21 18 30
1 3 1 12 14 15 2 5 7 17 9 19 30 18 20
1 11 4 8 10 21 13 9 14 2
1 12 9 10 19 21 13 3 8 6 1 15 34 16
1 8 1 14 8 13 6 10 20 0
1 4 16 2 9 20 5 1 4 15 35
1 14 16 20 9 32 34 30 3
0 16 20
0 17 2 31 20 11
0 18 14 22 26 21 17
0 19 10 25 6
0 20 18 20 7
0 21 14 8 34 21 27 13
0 22 21 24 15 2 25 3
0 23 23 20 33
0 24 23 29
0 25 31 35 23 9
1 15 5 0 8 2 6 3
1 6 7 5 4 1 9 10 6 15
1 13 6 4 8 2 1 15
1 7 2 7 5 3 1 15 12
1 3 7 9 2 3 8 0 1
1 0 0 7 8 14
1 18 3 8 7 6 15
1 1 9 2 7 0 3 4 5 14 10
1 12 9 8
1 17 9 6
1 14 1 7 3 6 2 5 4
1 4 7 0 5 3 8 9 2
1 9 2 6 7 5 4 0 8 10
1 2 3 8 4 2 9 7
1 19 6 0 1 9 3 2
1 10 5 7 1 3 0 9
1 21 5 1 11
1 5 8 9 1 2 7 13 12 0 10 11
1 11 1 4 9 3 8 0 7 11
1 16 4 0 8 9 6 1 5 14
1 8 7 1 8 0 2 10
1 20 1 0 5 6 4 13
0 22 1 6 13 5
0 23 9 10
0 24 14 12 0
0 25 7 14 5
0 26 5
0 27 9
0 28 1 13 14
0 29 0 11 13 6 14 5
0 30 0 11 3
0 31 3 14 12
0 32 2 5
0 33 3 9 6
0 34 6 7
0 35 3
1 4 11 5 13 12 14 6 10 0 4 1 9 17 23 7
1 8 13 4 1 9 10 7 12 3 2 0 6 11 14 21 5
1 0 12 6 7 4 10 0 1 8 13 5 11 2 18
1 6 3 4 13 1 8 9 5 12 2 0 20
1 3 3 7 11 14 8 0 10 20 2 19 23
1 5 13 5 9 14 1 3 8 12 6 7 11 10 15 21 16
1 9 13 8 9 4 10 2 14 12 7 6 16 23 20 18
1 1 1 14 10 5 2 0 9 8 4 13 11 3 7 20 17 6
1 7 10 0 2 4 1 3 5 12 9 14 19 22 18 8
1 2 13 5 6 7 12 14 1 11 10 2 4 18 15 9
0 10 20 22 17 7 19
0 11 7 3 18 9 14 16
0 12 5 0 16 11 23 1 17 6 13
0 13 17 1 7 4 21
0 14 7 9 4 17 15 12
0 15 8 15 19 17
1 6 0 4 10 17 14 2 13 8 30 33
1 1 1 18 2 13 10 20 4 22
1 12 14 2 7 3 1 8 13 4 12 10 6 21
1 11 12 16 9 3 4 15 18 24 7 1 32 13
1 7 20 3 0 1 10 7 18 9 23 25
1 3 5 20 12 10 16 3 4 18 14
1 14 6 15 4 3 11 19 8 7
1 4 10 9 1 20 19 12 18 14 27 6 26 5
1 5 0 19 14 8 20 15 10 18 2 16 1 6 22
1 13 7 11 20 8 3 12 25 29 19 10
1 2 8 15 4 2 18 6 9 20 13 5 12 31 23 7
1 8 17 5 4 7 9 1 22 33
1 10 18 11 2 14 1 16 26 23 33 17
1 0 17 13 10 20 18 2 1 19 32 7 4 30 6
1 9 3 16 10 20 0 2 6 15 7 12 4
0 15 1 15
0 16 17 4 21 32 15 16 10
0 17 28 7 20 31
0 18 15
0 19 33 7
0 20 26 32 22 29 27
0 21 20 24 29 11
0 22 13 21 31 5
0 23 21 3 8 27
1 7 14 20 13 7 17 21
1 13 7 3 25 26 6 2 8 27 12
1 3 23 18 2 5 4 46 8 0
1 19 1 0 3 27 5 11 28 20
1 16 10 22 16 25 7 8
1 0 11 18 23
1 6 19 13 24 2 8 31 9 25 4 27 6
1 20 0 22 16 10 40
1 12 2 17 14 16 28
1 8 25 2 31
1 5 24 6 2 21 0 13 29 39
1 15 5 17 27 19
1 10 21 15 22 6 28 33 34 12 1
1 9 0 14 2 19 18 15 1 11
1 18 12 16 27 22 6 26 2 7 15 46 33 39
1 17 28 26 16 2 27 13 11 43
1 11 0 19 27 11 5 45
1 4 8 18 21 15 20 23 10 25
1 1 12 9 4 43
1 14 15 22 28 21 7 6 16 1 34 24
1 2 10 4 23 6 28 21 0
0 21 32 36 22
0 22 6 45 1
0 23 42 22 21 19
0 24 20
0 25 28 35
0 26 30 16
0 27 42 41
0 28 0 35
0 29 23 44 2 37
0 30 6 18 2
0 31 13 29 38 39 2
0 32 32 40 5 13
0 33 37
1 15 5 24 19 9 15 20 7 22
1 24 6 8 12 5 14 28
1 21 12 17 18 27 32
1 13 17 1 5 21 39
1 0 15 24 5
1 25 7 9 23 12 37
1 3 2 1 10 3 14 6 24 8 21
1 20 17 4 38 2
1 9 21 5 16 15 20 9
1 6 20 3
1 19 12 18 1 20 2 36
1 4 21 0 1 30
1 17 1 13 4 5 11 24 14 23
1 12 15 21 7 20 16
1 18 6 1 13 24 9 30
1 10 13 3 9 10 6 34
1 16 7 22 15 24
1 2 16 3 23 1 4 18 8
1 5 15 16 6 3 10 23 1 4 28
1 14 15 22 5 27
1 23 4 3 6 12 21 11
1 11 10 15 19 6 23 18 32 2 13
1 28 6 19
1 1 22 9 16 0 24 2 26 4
1 7 23 9 14 10 21 7
1 8 20 11 17 23 8 25 31
1 26 19 4 16
1 27 4 0
1 22 23 14 19 16
0 29 3 31
0 30 8 10
0 31 2 19
0 32 20 29 23 27
0 33 16 12
0 34 5 16
0 35 17
0 36 12 37
0 37 12 37 31
0 38 20 29 23
0 39 36 25 21 4
0 40 20 33 34 26
0 41 1
0 42 18 39
0 43 35
0 44 39
0 45 23
0 46 3 28
1 5 1 9 7 4 11 6
1 7 1 2 18 12
1 8 20 8
1 1 15 5 9 8
1 18 4 0 3 15 7 24 21 25 2
1 20 12 19 13 8 29 1
1 22 4 14 17 10 12 6
1 21 10 13 19 23
1 0 20 5 11 18 9 22
1 9 3 19 11 5 32 16 33
1 3 19 5 11 15
1 11 12 1 21
1 23 13
1 24 13 7 15 5
1 16 8 7 5 13
1 6 6 11 20 17
1 2 8 5 16
1 12 3 5 8 1 12 17 31 33 9
1 10 16 0 15
1 17 10 14 11 13 33 27 17
1 19 19 0 8 3 5 14 13 30 18
1 14 4 18 16 2 9 17 13 0 22
1 15 8 6 14 10
1 13 11 7 10 0 1 30
1 4 16 9 7 6 17 25 32 10
0 25 26
0 26 14
0 27 27 31 32 8 12
0 28 3 17
0 29 19
0 30 8
0 31 16
0 32 25 31
0 33 28 9 6
0 34 6 33
0 35 19
0 36 22 6
0 37 7 19
0 38 23 32 30
0 39 1 4
1 15 5 2 8 7 1 9 6 14
1 9 8 5 3 0 10 12 2
1 13 6 8 0 1 5 4 10 13
1 14 2 9 4 8 0 15 10
1 12 5 7 8 1 2 4 13 11
1 0 1 7 4 3 12 10
1 4 3 1 2 5 7 8 9 11
1 18 9 4 2 6 5 8 0 14
1 11 7 0 6 1 2 4 5 8 11 10
1 2 3 7 9 1 4 5
1 8 7 1 5 0 8 9 14
1 3 5 6 0 4 3
1 10 0 8 4 6 11 5
1 16 2 8 4 3 5 6 9
1 20 1 5 4 8 2 6
1 5 8 0 3 9 10
1 7 7 8 9 2 4 0 1
1 19 1 4 8 2
1 1 5 0 4 7 2 14
1 17 5 4 8
1 6 8 7 0 5 4 6 14
0 21 5 12 10
0 22 15 13 7
0 23 13 8 6 14
0 24 11 15 0
0 25 9 12
0 26 0 13
0 27 11 6 2
0 28 14 6 3
0 29 0 15 6 5 11
0 30 0 3
0 31 0 15 3 7
0 32 2 13 7
0 33 7 15 13
1 3 2 11 8 0 13 12 10 6 5 7 1 20 9
1 4 8 5 6 11 1 0 12 10 3 2 4 13 9 7 19 21 22 16 20 17
1 9 8 7 12 13 2 1 11 9 10 4 14 19
1 1 0 4 7 2 6 3 13 11 10 1 12 8 14 5 16
1 2 13 9 10 8 1 2 3 5 6 0 11 12 14 18 19
1 7 13 12 5 2 11 4 7 8 0 1 10 22 9 16 15 21
1 6 11 1 8 13 5 3 0 4 2 12 10 6 9 16 21
1 0 11 3 9 8 0 12 1 13 10 5 7 19 14 15
1 8 1 2 6 11 12 7 4 10 0 13 17
1 5 7 3 10 0 5 9 12 11 1 4 13 2 8 21 19 18 17
0 10 7 20 13 0 21 12
0 11 2 0 10 13
0 12 12 15 4 3 0
0 13 9 17 14 16 21 20
0 14 5 12 1 13 20 6 22
0 15 3 1 21 14 5 19 4 8
1 2 10 4 0 8 7 3 6 12 14
1 3 0 10 13 7 12 2 14 5 4 9 15 17
1 12 6 14 1 3 11 7 4 2 21 22 23 0
1 0 3 9 12 4 1 11 0 13 2 5
1 13 7 12 11 3 5 2 13 6 14 20 0 9 1 18
1 11 11 9 7 8 10
1 5 13 1 8 11 12 6 4 15
1 1 9 1 4 8 14 13 17 16
1 9 6 12 5 8 7 10
1 7 9 1 8 0 14 3 13 7 12 6 2 20 21
1 6 8 0 6 7 9 13 4 11 1 2 12 10
1 8 3 11 12 9 13 2 5 4 8 0
1 10 2 5 1 6 12 4 7
1 4 6 12 9 3 10 5 1 11 4 8 14
0 14 18 19 15 14 7
0 15 0 8 23
0 16 18 23 11
0 17 14 5 10 23
0 18 18 16 1
0 19 6 14 0 16
0 20 5 23 7 18 11 16
0 21 20 19 6 12 4 3
0 22 19 15 17
1 0 9 2 7 26 19
1 6 0 15 10 27 3 17 12 16 9 8 2 26
1 13 13 5 14 8 25 0 10 20 24 6 27 18 41 21 31
1 10 19 3 0 18 24 9 20
1 2 10 20 22 23 6 7 1 2 12 8 29 3 9 24 31
1 11 4 8 19 10 17
1 9 9 11 6 8 19 30 2
1 14 17 27 24 6 36
1 8 25 7 16 23 8 4 20 9 0 24 21 15 13
1 4 21 18 20 11 16 5 2 14 38 3 35 24
1 3 0 26 20 19 16 15 23 3 14 27 34 38
1 12 0 6 24 5 13 8 11 3 15 12 32 33 27 35
1 1 12 22 4 16 25 14 32 13
1 7 1 9 16 27 19 26 25 5 20 11 4 8 31 36 17
1 5 8 0 2 13 23 21 12 16 19
0 15 14 33 28 36 9 13
0 16 41 17 32 1 2 7 0
0 17 24 8
0 18 1 40 31 7
0 19 16 34 24 35
0 20 20 30 32 8
0 21 28 42 21 4 22
0 22 43 37 44 5 30 9 15
0 23 27 35 39 3 19
1 18 21 23 18 3 10 38 40 34
1 7 18 19 10 3 9 16
1 1 4 27 9 7 12 0 19
1 17 9 1 14 42 18
1 15 14 5 16 15 10 31 2
1 14 7 27 13 17 23 4 28
1 19 23 24 26 10 19 17 3 37 33 15
1 3 15 6 27 24 23 0 9
1 23 26 11 17
1 2 25 8 2 11 21
1 12 4 13 9 21 26 35
1 20 10 5 16 22
1 5 8 5 6 10
1 24 22 10 2 9 16 20 15
1 8 25 9 28 4 15 1
1 13 24 7 21 23 19 28
1 4 13 9 11 25 5 40 0
1 22 22 18 28 33 2
1 27 1 10 12 20
1 10 5 10 21 3 27 16 11 45
1 9 10 26 5 19 0 24
1 16 15 2 3 13 28 25 17 22
1 0 16 27 10 25 18 7 24 38
1 11 0 3 7 26
1 26 5 20 28 15 10 36 31 4
1 21 26 12 17 0 3 21 10 38 4 20
1 6 8 19 28 2 25 5 13 24
1 25 9 28 1 34 22
0 28 17 19
0 29 29 37 13 10
0 30 41 32 33
0 31 23 11
0 32 41 12 22
0 33 46 39 26 13
0 34 35 18 45
0 35 23 40
0 36 31 22 39
0 37 27 28 21 36
0 38 30
0 39 16 32
0 40 23 20
0 41 44
0 42 4 11
0 43 44 3 45 6 43 2 36 1
0 44 43 1 38
1 5
1 25
1 18
1 16
1 1
1 14
1 3
1 10
1 7
1 15
1 22
1 12
1 19
1 13
1 11
1 20
1 8
1 26
1 6
1 4
1 28
1 17
1 27
1 24
1 9
1 2
1 21
1 0
1 23
0 29
0 30
0 31
0 32
0 33
0 34
0 35
0 36
0 37
0 38
0 39
0 40
0 41
0 42
0 43
0 44
0 45
0 46

