6
15 36 32 15 36 31 
1 3 12 5 9 26 4 10 14 11 13 2
1 7 10 3 28 23 7 0 8 2 31
1 1 25 18 16 33
1 2 13 29 5 8 34
1 5 23 17 19 15 25 14 16 20
1 0 8 11 15 22 7 0 3 29 12 34
1 6 22 0 14 10 4 29 19 12 6
1 9 6 29 5 9 28 35 2
1 8 21 1 4 24 29 5 22 16 17
1 4 2 18 6 14 26 1 23 17
1 10 7 16 29 1 27 28 3
1 11 27 20 13 9 11 10 4 7 16
0 12 15 30 32 3 12
0 13 26
0 14 23 20
1 1 23 14 22 10 29
1 19 2 11 12
1 13 18
1 8 5 20 2 15 19
1 23 0 6 19 27 31 9
1 21 5 13 18 19 6
1 24 16 24 12 3
1 27 0 11 12 13
1 3 7 1 10
1 2 23
1 25 21 19 11 25 0 3
1 4 21 10 18 17
1 0 17
1 14 18
1 7 8 19 10 24 4
1 12 7 3
1 6 2 15
1 18 15 14 2 16
1 5 22 13 26
1 20 15 7 19
1 28 9 16 14
1 22 24 9 18
1 17 7 6 19 28
1 11 2 25 18
1 15 15 12 7
1 16 2 11 14 3
1 10 2 14 13
1 26 25
1 29 9
1 9 5 3 4 20 16 28
0 30 23
0 31 10
0 32 24 26
0 33 19
0 34 19
0 35 30
1 21 3 0
1 10 0 4 1
1 4 10 11 7 0
1 18 3 0 8 5 14
1 6 11 4 10
1 9 8 2 1 11
1 12 9 4 10
1 8 1 11
1 7 8 11 2 1 12
1 22 11 9 6
1 1 7 11 14
1 24 0 5
1 17 1 2 6 8
1 19 1 5
1 14 7 5 0
1 16 6 8 1 9 5 11
1 25 3 6
1 2 1
1 13 1 7 3 5 9 10
1 23 2 6
1 3 1
1 11 10 9 11 1
1 0 7 4 8 1
1 5 4 1
1 15 0
1 20 9 6 10 11 5
0 26 12 4
0 27 13 14
0 28 6
0 29 1 14 3
0 30 11 10
0 31 3
1 6 24 0 11 19 17 29 18 4 30 27
1 3 21 24 29 11 14 5 30
1 7 17 2 14 1 16 8 3 21
1 9 7 15 19 22 10 12 4 11
1 4 21 9 20 28 13 17 6 7 0 4 27
1 11 5 6 16 29 0 4 8 9 17 22 2 19 3 27
1 10 5 12 26 27 6 14 2 20 3
1 0 13 1 32 31
1 1 19 18 25 11 21 1 29 20 35 23
1 8 8 3 10 11 22 26 19 1 27 12
1 2 1 14 13 12 29
1 5 8 4 23 24 15 5 18 34
0 12 21 31 3
0 13 26 33 4
0 14 8
1 16 1 13 20 28 25
1 11 22 8 24 16
1 28 10 22 16 17
1 10 11 17 4
1 24 5 3 21
1 22 21 6 17 14 28
1 12 7 11 20 6
1 9 2 8 10 5 21
1 14 10 6 14 12 5
1 4 10 19 12 9
1 15 20 9 23 26
1 3 15 13
1 19 18 0 23 24 10 30
1 2 11 9
1 5 7 11
1 17 23 7 12 24
1 27 21 16 3 11
1 25 12 0 23 16 20
1 0 4 8 2 18 14
1 21 16 10 3 9
1 18 13 20 6
1 7 11 7 8 10
1 23 16 3 12 13
1 8 9 17 12 8
1 13 23 11 7
1 6 24 9 3 19
1 29 17
1 26 21 1
1 1 4 14
1 20 23 17 5 0 18
0 30 17 29 9
0 31 25
0 32 20 8 14
0 33 8
0 34 27
0 35 8 11
1 18
1 14
1 2
1 19
1 4
1 11
1 17
1 8
1 1
1 3
1 16
1 9
1 13
1 10
1 6
1 5
1 24
1 21
1 7
1 0
1 15
1 22
1 23
1 20
1 12
0 25
0 26
0 27
0 28
0 29
0 30

