6
44 21 29 40 23 44 
1 18 1
1 11 9
1 5 0
1 7 8 5
1 0 7
1 14 10
1 23 12
1 13 6 4
1 9 3
1 10 3 15
1 1 11
1 24 12
1 8 9 2
1 15 10
1 16 10
1 2 11
1 19 1
1 3 11
1 20 1
1 21 1
1 12 9
1 25 12
1 26 12
1 6 0
1 17 6
1 4 11
1 22 1
0 27 1
0 28 7
0 29 10
0 30 17 20
0 31 16
0 32 13
0 33 6
0 34 6
0 35 6
0 36 0
0 37 2
0 38 18
0 39 19
0 40 14
0 41 12
0 42 7
0 43 16
1 3 2 7 16 26
1 11 15
1 4 0
1 7 1
1 6 1 5 8 12
1 5 17 10 13
1 10 6 9 19
1 0 2 24
1 2 3
1 8 1
1 9 17 14 21 28
1 1 3
1 12 4 11
0 13 6
0 14 6
0 15 8 18
0 16 16 25
0 17 12 23
0 18 15
0 19 20 22
0 20 27
1 3 14 9 37
1 10 5 8
1 0 6
1 2 16 18 26
1 13 13 0 3
1 9 11 12 24 33
1 16 5 15
1 6 23 35
1 8 20
1 12 13 17 19
1 4 6 2
1 17 22 21 27
1 11 10
1 5 1 32
1 7 23
1 15 5 7
1 1 6 29
1 14 4 30
0 18 36
0 19 8
0 20 20
0 21 20
0 22 38 25
0 23 39 28
0 24 14
0 25 10
0 26 34
0 27 17
0 28 31
1 24 10
1 5 11
1 7 9
1 6 11
1 18 6
1 17 0
1 0 13
1 20 1
1 11 5
1 2 7
1 14 5
1 12 5
1 13 5
1 22 8
1 3 2
1 21 8 16
1 1 3
1 10 9 20
1 4 11
1 15 12
1 9 9
1 23 8
1 19 6
1 8 9
1 16 0 4
0 25 14
0 26 21
0 27 4
0 28 8
0 29 15
0 30 7
0 31 22
0 32 15 17
0 33 5
0 34 7
0 35 14 19
0 36 21
0 37 18
0 38 4
0 39 11
1 9 9
1 11 5 10 22
1 3 14 12 15 16 26
1 1 6 18 21 28 30
1 8 25
1 6 9 4 24 36
1 10 20 7 31
1 2 3
1 12 11
1 5 14 1 43
1 13 8 13 23 33
1 4 0 17 19 27 40
1 7 14 37
1 0 2
0 14 3 35
0 15 34
0 16 7
0 17 41
0 18 22 32
0 19 24 42
0 20 7
0 21 14 38 39
0 22 29
1 9
1 12
1 0
1 4
1 13
1 20
1 1
1 18
1 24
1 17
1 21
1 23
1 5
1 25
1 15
1 6
1 7
1 10
1 2
1 11
1 19
1 3
1 22
1 26
1 14
1 16
1 8
0 27
0 28
0 29
0 30
0 31
0 32
0 33
0 34
0 35
0 36
0 37
0 38
0 39
0 40
0 41
0 42
0 43

