13
20 27 12 18 26 35 31 26 12 17 18 34 35 
1 7 16 24
1 13 19 0
1 14 7 8
1 2 1
1 11 5 2 6 11
1 10 20 18
1 0 4 25
1 6 17 13
1 12 7 3 21
1 3 1
1 5 1 12 14 15
1 1 4
1 15 9 10
1 4 1
1 8 16
1 9 16 26
0 16 10
0 17 8
0 18 22 23
0 19 3
1 9 5
1 1 7
1 6 6 11
1 11 2
1 0 7
1 14 0
1 13 3
1 18 9
1 19 9
1 20 9
1 17 1
1 3 7
1 10 2
1 12 3
1 5 6
1 7 5
1 8 5
1 4 8
1 15 1
1 21 4
1 2 7
1 16 1
0 22 8
0 23 10
0 24 3
0 25 6
0 26 7
1 6 11
1 7 13
1 4 12 6 7
1 5 3 4
1 9 3
1 3 13 5
1 2 13 8 9
1 0 1 14
1 1 10 0 2
1 8 13 16 17
0 10 9 15
0 11 11
1 3 0 4
1 0 1 21
1 5 14 2
1 13 12 16 23 25
1 9 20
1 7 5
1 14 6
1 10 10 9 22
1 6 0 19
1 4 7 11
1 1 8 15
1 11 17
1 8 18
1 12 17 13
1 2 3
0 15 19
0 16 6
0 17 24
1 8 14 20
1 0 7 3
1 7 23 18
1 5 1
1 4 10
1 12 11
1 20 19 13
1 10 0 22 31
1 1 2 17
1 18 25
1 11 24 6
1 2 5
1 19 21
1 16 0
1 6 12 16 27
1 3 28 26
1 17 0
1 15 8
1 13 12 9 30
1 9 15
1 14 10 4
0 21 4 29
0 22 10 32 34
0 23 13
0 24 7 33
0 25 22
1 22 5 24
1 11 6 8
1 12 12
1 2 17
1 28 15
1 6 7
1 14 2
1 3 17
1 20 21
1 21 20
1 9 12 18
1 17 21 0
1 15 1
1 26 15 28
1 7 6
1 13 13 3 9 29
1 5 7
1 0 16
1 25 15
1 27 15
1 19 4 27
1 24 10 25
1 8 6
1 1 22
1 16 23
1 23 20 11
1 4 19
1 18 4
1 10 23 14
0 29 9
0 30 16
0 31 26
0 32 20
0 33 30
0 34 24
1 14 1
1 13 1 2 18
1 12 20
1 15 15 22
1 18 4
1 23 12
1 7 4 14 17
1 5 10 21
1 11 20
1 8 3
1 21 19
1 22 12
1 9 13 23
1 10 13
1 0 8 7
1 24 6
1 1 8
1 3 3 5
1 6 16
1 4 10 25
1 20 19 0
1 19 4
1 2 8 24
1 16 11
1 17 16 9
0 25 18
0 26 7
0 27 19
0 28 3
0 29 6
0 30 12
1 16 5
1 11 8
1 7 6
1 8 2
1 15 5
1 1 1
1 19 3
1 0 9
1 4 7
1 20 3
1 5 7
1 13 5
1 18 0
1 9 2
1 2 1
1 12 8
1 6 7
1 3 1 4
1 14 5
1 17 5
1 10 8
0 21 4
0 22 9
0 23 2
0 24 11 10
0 25 8
1 8 2
1 1 8 5 6
1 5 8
1 9 0 4
1 2 13 9
1 7 13 12
1 4 11
1 3 11 15 16
1 6 1
1 0 7 3 10
0 10 14
0 11 4
1 10 10 4
1 9 0
1 11 6 14
1 5 3
1 13 7 12
1 1 11
1 4 13 1
1 2 9
1 7 6 16
1 3 9
1 0 8
1 6 3
1 12 2 5
1 8 6
0 14 17
0 15 17
0 16 0 15
1 7 9 2 29
1 4 0 15
1 8 13 5 14
1 5 19 3
1 10 10
1 12 4
1 6 9 11
1 11 17 27
1 0 25 7 16 23 28 31
1 2 21 18 20
1 9 0 26
1 1 0 6 24
1 14 12 22 30 32
1 3 1
1 13 8
0 15 8 33
0 16 0
0 17 11
1 13 21
1 9 18 19
1 19 4
1 16 9
1 21 14
1 18 7
1 3 23
1 2 15 6
1 22 26 11
1 14 25
1 20 4
1 12 10
1 26 8
1 23 22
1 15 25 33
1 10 24
1 0 13
1 24 22
1 6 1
1 8 5
1 11 10
1 7 15 2 3
1 27 16 27
1 1 0
1 5 5 20 28
1 4 26 12 17
1 25 8
1 17 9
0 28 34 32
0 29 23
0 30 1
0 31 29
0 32 30
0 33 31
1 1
1 9
1 10
1 11
1 22
1 12
1 2
1 21
1 25
1 20
1 16
1 28
1 3
1 0
1 23
1 6
1 26
1 4
1 13
1 14
1 7
1 17
1 24
1 5
1 15
1 19
1 18
1 27
1 8
0 29
0 30
0 31
0 32
0 33
0 34

