20
31 47 34 31 10 36 34 15 34 36 31 36 8 37 44 23 24 24 40 15 
1 9 8 45
1 7 2 9
1 3 24 22
1 14 17 35
1 15 23 14 28
1 10 10 3 11 32
1 1 5 18
1 6 13 6
1 2 21 4
1 13 13
1 5 27 33
1 4 2 0 39
1 11 26 15
1 8 25
1 12 16 1
1 16 12 31
1 0 2 42
1 17 19 20
1 18 7
0 19 29 43
0 20 34 30
0 21 38
0 22 18 46
0 23 6
0 24 11 41
0 25 15 44
0 26 40
0 27 16
0 28 14
0 29 36
0 30 15 37
1 12 1
1 20 14 3
1 1 16
1 5 17
1 4 17 26 27
1 6 9 15
1 3 9
1 28 0 28
1 14 19 12
1 24 14
1 17 10
1 21 8
1 22 7 24
1 16 20 13
1 15 5
1 23 19
1 11 18
1 18 10 30
1 0 16
1 19 10
1 27 0 32
1 7 4 25
1 10 18
1 25 6
1 2 17 2
1 13 1
1 8 4
1 9 20 11
1 26 0
0 29 9
0 30 23
0 31 33
0 32 12
0 33 6
0 34 29
0 35 6
0 36 3
0 37 16
0 38 31
0 39 0
0 40 8
0 41 21
0 42 22
0 43 13
0 44 19
0 45 2
0 46 7
1 20 15
1 11 18
1 0 0
1 10 14 24
1 4 11 13 25
1 12 6 1
1 18 3
1 15 5
1 14 10 7 28
1 2 9
1 13 2 19
1 9 14
1 7 8
1 19 15
1 17 10 21
1 5 11 16
1 1 9
1 3 9
1 8 12 26
1 16 17
1 6 18 4
0 21 4 20
0 22 6
0 23 8
0 24 0
0 25 23
0 26 22
0 27 30
0 28 3
0 29 14
0 30 23
0 31 23
0 32 7 29
0 33 27
1 0 3
1 18 4
1 12 1
1 16 2
1 1 3
1 13 1
1 2 3
1 11 1
1 7 0
1 3 5
1 15 2
1 6 0
1 8 0
1 4 5
1 9 0
1 17 4
1 5 0
1 14 2
1 10 1
0 19 3
0 20 0
0 21 8
0 22 7
0 23 7
0 24 5
0 25 2
0 26 6
0 27 3
0 28 9
0 29 2
0 30 7
1 2 12 5 9 13 16 17 18 21 22 32 33
1 3 8 6 10 15 24 27
1 4 8 28
1 0 2 29 31
1 5 14 1 3 7 11 19
1 1 14 0 4 20 30
0 6 18 23 26
0 7 3
0 8 19 25
0 9 35 34
1 1 12
1 20 7
1 2 12
1 21 7
1 11 3
1 0 9
1 17 13 28
1 16 4 10 14
1 12 3
1 5 0
1 7 8
1 19 7 19
1 18 4 22
1 8 16
1 4 18
1 10 17 11
1 15 17 1
1 6 0
1 13 6 5
1 3 12
1 9 15 2
1 14 20
0 22 33
0 23 4
0 24 26
0 25 30
0 26 24 27
0 27 7
0 28 2 32
0 29 8
0 30 21 31
0 31 23 25
0 32 16
0 33 2
0 34 11
0 35 29
1 4 2
1 14 7
1 9 4 13
1 11 4
1 18 8
1 10 4
1 15 0
1 19 8
1 5 2
1 0 1
1 8 5 14
1 3 1
1 1 1
1 16 0
1 20 3
1 6 5
1 7 5
1 12 1 6
1 2 1
1 17 0
1 13 7
0 21 7
0 22 4
0 23 10
0 24 8
0 25 6
0 26 1
0 27 9 11
0 28 10
0 29 1
0 30 5
0 31 5
0 32 12
0 33 3
1 5 15 2 19 30
1 0 6 27
1 1 15
1 8 7 24
1 3 18 4
1 2 13 1 8 10
1 6 16 12 14 17
1 4 20 0 3 5 9 11 26
1 7 16 31
0 9 4
0 10 32
0 11 9 22 23
0 12 0 25
0 13 33 28
0 14 29 21
1 6 14
1 0 20
1 18 8 4 15 34
1 7 14
1 3 19
1 15 13 2 3 23
1 2 20
1 19 6
1 11 20 12
1 12 18
1 1 20
1 9 10 9
1 13 1 17
1 5 5 27
1 14 21
1 4 19
1 16 7 31
1 17 6
1 10 16
1 20 21 11
1 8 19 0 25 35
0 21 2
0 22 24
0 23 11 32
0 24 2
0 25 22
0 26 30
0 27 6
0 28 19
0 29 17 28
0 30 4 26
0 31 33
0 32 17 29
0 33 12
1 11 4
1 3 1
1 17 3 24
1 2 16 17 19
1 10 8 15
1 5 16 14
1 15 5
1 13 8
1 14 18
1 8 13
1 4 2 20 29
1 20 3
1 16 3
1 18 3
1 6 11
1 21 0
1 7 3 12
1 19 3
1 9 6 7
1 1 10
1 0 10
1 12 9 23
0 22 28 30
0 23 3
0 24 27
0 25 12
0 26 2
0 27 2
0 28 8 25
0 29 26
0 30 10
0 31 28
0 32 9
0 33 22
0 34 10
0 35 21
1 18 7
1 3 9
1 6 11
1 17 18
1 11 14
1 16 20
1 4 1
1 15 21 17 22 26 31
1 13 6
1 12 14
1 2 9 10
1 8 21
1 0 5
1 9 0 13 25 28 30
1 10 3 12
1 7 3 19 32
1 5 8 23
1 1 4
1 14 14 2 15 16
0 19 18
0 20 15
0 21 5 34
0 22 18
0 23 29 27
0 24 24
0 25 16
0 26 9 35
0 27 21
0 28 33
0 29 7
0 30 2
1 3 3
1 5 3
1 7 3
1 6 3
1 2 2
1 0 2
1 12 1
1 21 0
1 8 1
1 4 3
1 1 2
1 9 1
1 16 4
1 17 4
1 11 1
1 14 1
1 20 0
1 18 4
1 19 0
1 13 1
1 15 1
1 10 1
0 22 6
0 23 1
0 24 7
0 25 3
0 26 7
0 27 0
0 28 5
0 29 5
0 30 7
0 31 4
0 32 7
0 33 6
0 34 5
0 35 0
1 4 6 2 8 10 11 21 22 33 35
1 2 12 14 17 23 26
1 0 5 1 24 27 30
1 1 15 0 4 7 13 16 18 20
1 3 6 3 9 19 32 34 36
0 5 25 28
0 6 8 31
0 7 17 29
1 7 11 30
1 1 24
1 16 5 13
1 3 2 6 12
1 8 16 26
1 10 16
1 22 1 42
1 0 23 18 20 28 39
1 11 7 0
1 17 9
1 20 9
1 9 1 25
1 19 9
1 4 4 22
1 13 15
1 14 5 35
1 2 7 19
1 6 24 14 40
1 5 21 8
1 12 17 41
1 18 9
1 15 5
1 21 3 10
0 23 38 36
0 24 16 43
0 25 4 33
0 26 38
0 27 32 37
0 28 16 34
0 29 26
0 30 24
0 31 4 27
0 32 29
0 33 0 31
0 34 24
0 35 5
0 36 14
1 24 10
1 26 13
1 0 0
1 22 6
1 8 8
1 20 6
1 12 5 18
1 9 8
1 2 2
1 23 10
1 25 6 4
1 13 5 21
1 15 11
1 21 6
1 14 7
1 19 6
1 16 11 16
1 18 6
1 6 5 3
1 7 11 9
1 4 12
1 17 11
1 10 1
1 1 2
1 5 12
1 3 2
1 11 1 17
0 27 10
0 28 1
0 29 10
0 30 6
0 31 0
0 32 5
0 33 4
0 34 12
0 35 14
0 36 10
0 37 9
0 38 22 20
0 39 5
0 40 9
0 41 5
0 42 15
0 43 19
1 0 0
1 6 10 3
1 2 0
1 3 11 5
1 12 1 13 15 19
1 7 2 7
1 10 12
1 8 8 6
1 5 14
1 1 0
1 11 10 23
1 9 12
1 4 9 16
1 13 4
0 14 5 17 22
0 15 14 18 21
0 16 8
0 17 13
0 18 0
0 19 20
0 20 1
0 21 10
0 22 0
1 0 6 2
1 14 5 10 11
1 7 5
1 2 6
1 13 3 14 20
1 4 0 7
1 6 4
1 8 8 22
1 10 13 21
1 3 0 12
1 12 9 1 16 17 18
1 1 6 23
1 9 9
1 11 13
1 5 4
0 15 14
0 16 19
0 17 8
0 18 3 15
0 19 7
0 20 13
0 21 4
0 22 6
0 23 4
1 5 4 0 1
1 12 11 15 23 34
1 1 13 32
1 10 12 7 16 17
1 4 6 30
1 6 18 19
1 2 4
1 3 6 37
1 7 9 39
1 8 3 2 14
1 14 21
1 13 11
1 0 13 22
1 9 5 8 10 20
1 11 24 35
0 15 6
0 16 5 25 36
0 17 17
0 18 24 31
0 19 33
0 20 38
0 21 29 28
0 22 20 26 27
0 23 24
1 6 6
1 7 6
1 5 4
1 15 8
1 2 1
1 11 2
1 4 4
1 17 8
1 14 7
1 10 2
1 22 5
1 23 5
1 13 2
1 1 3
1 16 8
1 21 5
1 20 0
1 9 6
1 8 6
1 3 1
1 12 2
1 24 5
1 0 3
1 19 0
1 18 8
0 25 3
0 26 12
0 27 6
0 28 4
0 29 1
0 30 8
0 31 13
0 32 7
0 33 11
0 34 3
0 35 2
0 36 1
0 37 6
0 38 10 14
0 39 9
1 7
1 1
1 4
1 0
1 2
1 8
1 3
1 5
1 6
0 9
0 10
0 11
0 12
0 13
0 14

