13
48 32 47 10 36 32 24 40 42 13 47 31 10 
1 4 14 1
1 23 9 16 14 19 11 12
1 19 0 16 3 5
1 1 1 17 22
1 15 3 5 19 6 2
1 11 6 19 17
1 10 4 21 22
1 14 7 2 22
1 28 15 7 12 1 22
1 22 15 18 17 19 13 25
1 12 17 11 2 28 21 7
1 6 5 10 1 14 28
1 8 10 14 19 3 0
1 20 13 15 3 14 5 12
1 9 18 10 14 22 19
1 27 18 6 3 11 0 2
1 7 17 1 4
1 0 17 2
1 29 7 16
1 5 17 14 9 10 16 2 25
1 16 9
1 18 15 18 17 8
1 26 17 18 9 11 6
1 25 5 15
1 13 8 12 14
1 21 11 17 5 15 9
1 24 13 4 19 0 12
1 3 2 14 3 1 4 13 26
1 2 2 14 19
1 17 16 8 14 6 7 27 21 13
0 30 0 31
0 31 5 30
0 32 14 1 0 20 8 12
0 33 8
0 34 14 25 27
0 35 23 26
0 36 23 9
0 37 20 31
0 38 2 7 12
0 39 16 13 17
0 40 26 2
0 41 29 14
0 42 4 27 24
0 43 24
0 44 7
0 45 16
0 46 17 2
0 47 18 5 10
1 12 11 20 4 19 0 21 22 1 5 27 9 31
1 6 20 5 9 28 41 33
1 1 22 7 25 23 12 9 8 15
1 5 3 16 15 5 23 6 11 38
1 7 28 7 25 9 11 14 8 33 23 31
1 10 26 13 6 12 22 20
1 11 23 14 19 4
1 16 4 1 15 13 26 45 9 22
1 4 19 22 7 0 2 1 14 8 38 33 41
1 9 17 18 0 16 22 6 15
1 0 4 16 22 5 2 14 24
1 19 11 2 9 4 6
1 17 12 21 13 28 10 42 7
1 15 3 11 14 26 10 19 7
1 3 5 13 0 29 43 36 7 19
1 14 10 26 12 23 13 6 7
1 13 2 0 11 14 16 17 12 3 40 23
1 2 8 14 26 13 20 34 40 10
1 18 10 6 15 24 27 14 17 28 35 23
1 8 23 9 27 28 19 20
0 20 44 30 36 31
0 21 31 46 19 0 18 2 45
0 22 7 45 17 28 4
0 23 3 39 4 34
0 24 7 23 13
0 25 35 14 17 34
0 26 37 45
0 27 32 6
0 28 36 12 45
0 29 0
0 30 30
0 31 28 41 27 14 20
1 17 4 2 1 9
1 25 2 4 5 0
1 2 0 1 5 2 4
1 10 0 1 4 2
1 16 1 0 3 4 2
1 6 1 3 5 4
1 26 5 2 4 3
1 3 0 1 2 9
1 0 1 0 5
1 24 0 2 4 3 1
1 21 1 4 3 2
1 23 5 2 3 1
1 18 0 2 5 4 1
1 9 0 1 4 2 7 9 8
1 15 0 3 9
1 8 4 0 5 1 6 9
1 13 4 5 0 1 3 2
1 27 3 4 0 8
1 5 3 1 0 5
1 20 5 4 1 3 9 8
1 1 1 5 3
1 19 4 3 1 5 9
1 4 3 5 0 1 2
1 7 3 2 0 1
1 14 0 5 1 3 4 6
1 12 5 4 1 0 3
1 28 3 4 5
1 11 3 0 5 1
1 22 1 4 2 3 6
0 29 6 8 9
0 30 7 9
0 31 7 6
0 32 6 2
0 33 3
0 34 4
0 35 4 2
0 36 3
0 37 5 2
0 38 7 6
0 39 1 8 3
0 40 2 8 7
0 41 8 6
0 42 5 7
0 43 1 0 7
0 44 4 3 8 1
0 45 1
0 46 3
1 1 3 0 4 13 10 7 17 20 11 6 5 8 9 1 21 32 34 24 25
1 0 15 18 8 1 9 0 2 20 4 3 22 33 10 11 5 13 30
1 3 11 10 14 16 13 15 6 2 18 5 20 17 21 12 8 9 0 31 1
1 4 6 1 8 3 21 13 15 20 4 0 2 12 11 9 17 16 5 19 27 31 7 30 14
1 5 20 7 12 16 17 21 0 9 4 8 2 11 19 18 6 5 15 24 10
1 2 5 2 9 19 17 11 21 14 20 8 12 16 7 0 6 4 29 30 3 35 28
0 6 25 24 26 2 15 10 14
0 7 0 31 28 30 9 13 21 33
0 8 4 23 28 30 35 17 2 6 5 20
0 9 7 12 29 24 14
1 13 17 18 4 14 9 19 28
1 16 11 12 9 5 25
1 10 7 10 0 17
1 1 6 7
1 4 1 2 14 0 30 20 22
1 7 4 7 10 1
1 6 0 19 17 14 22 30 7
1 8 12 14 15 7 11 4 2 25
1 15 18 1 19 17 9 8 25 11
1 17 2 3 11 19 14 18 10 0 13 23
1 14 5 12 6 8 10 4 14
1 18 8 3 12 19 11 13 20
1 2 9 18 8 5 0
1 11 3 4 14 8 6
1 3 15 18
1 9 0 6 17 7 11 9 16 1 15 2 4
1 19 12 2 10 6
1 5 7 10 12 17 18 31
1 12 7 1 10 5 14 12
1 21 16 2 10
1 0 15 0 7 19
1 20 13 15 3 1
0 22 7 29 24
0 23 26 24
0 24 8
0 25 31 28 23
0 26 4 21 10
0 27 19
0 28 14 25
0 29 20 9 5
0 30 19 14 12
0 31 6 29 21 22
0 32 0 8 15 28
0 33 27
0 34 1 14
0 35 24 23 0
1 1 0 4 10 8 7 1 13 5
1 8 11 10 4 12 9 22
1 19 4 14 3 2 6 9 20 19
1 17 13 2 8 4 11 10
1 7 13 1 5 2 7 3 9 17 14
1 9 7 11 14 10 5 4 8
1 11 12 0 3 4
1 0 7 3 10 5 9 14
1 6 14 7 1 8 12 13 0 22 15 5
1 12 11 0 2 5 13 1 15 20
1 18 12 1 6 13 4 14 3
1 16 13 6 2 10 11 5
1 4 6 7 9 2 10 5 20 21
1 13 1 14 7 2
1 2 1 7 9 5 12 13 11 16
1 10 8 5 13 11 3 0 4 23
1 5 10 3 13 0 14 20 22
1 15 14 9 10 4 8 6 5 15
1 3 2 0 5 9 3 21 10
1 14 6 10 4 12 8 21 5 16 13
0 20 17 14 3
0 21 2 11 5 23 12
0 22 23 16 3 1
0 23 14 5
0 24 18
0 25 8
0 26 14 7 15
0 27 16
0 28 2 20
0 29 8 23 0 2 16 6
0 30 6 19 7 23 10
0 31 22 6
1 2 11 2 15 23 16 14 7 21 10 12 29 34 25 24 32 38
1 5 3 6 4 7 12 18 11 36
1 13 13 0 24 21 14 22 31 38
1 7 1 5 3 4 19 7 21 6 24 9 23
1 12 13 9 22 21 10 17 15 3 7 36 18
1 3 1 5 18 2 24 12 6 23 9 22 35
1 14 3 20 5 10 16 14 0 7 13 25
1 1 19 12 21 5 2 1 24 6 23 10 34 33 14 29
1 8 16 22 6 4 24 1 38 21 15 20
1 4 16 7 19 17 15 11 1 20 37 12
1 0 23 20 6 12 0 8 18 22 25
1 9 9 10 8 17 22 24 0 21 33 34 4 25
1 6 13 7 9 23 18 39 20 30
1 10 14 4 19 22 17 5 20 21 9 15 34 37 18
1 11 8 6 17 1 0 22 25 13 23
0 15 19 27 33 17
0 16 30 21 10 32
0 17 20 4 13 35
0 18 14 32 37
0 19 18 26 4 2 38
0 20 13 2 33
0 21 1 3 12 4 21
0 22 18 38
0 23 28 39 11
1 19 6 25 12 1 13
1 15 12 7 26 35 33 27 32
1 11 5 1 6 10 0 23
1 21 4 13 16 23 8 14
1 23 19 6 17 22
1 24 8 13 1 7 0
1 1 9 25 0 21 5
1 13 14 25 1 21 18 35 7 3 13
1 12 15 0 21 36 27
1 9 14 7 12 16 24 9
1 16 16 20 19 17 25 6 14 9 29
1 3 3 9 24 22 10 19 5 25 31 16
1 0 21 7 25 22 14
1 22 18 0 17 1 15 24 34
1 20 6 19 9 39 14 18
1 8 1 10 22 25 17
1 14 11 23 2 14 31
1 18 13 2 7 3 6
1 10 7 22 10 4 2 15
1 4 16 15 25 9
1 6 11 2 24
1 5 14 22 34 6
1 17 12 24 17 29
1 2 11 24 25
1 7 23 2 5 0 11 3 13
0 25 38 18
0 26 40 33 29 8
0 27 34
0 28 17 3
0 29 27 33 14 31
0 30 41 30 35 32
0 31 17 28
0 32 21 26
0 33 14 32
0 34 28
0 35 28 0 37 1
0 36 20 25 11
0 37 6
0 38 16 37 25
0 39 15 7 31 3
1 15 0 5 4 6 3 1
1 13 0 3
1 10 1 0 5 3 4 2
1 8 2 0 7 5 1 4 6 11 10
1 19 4 0 3 2 7 5 10
1 1 1 7 3 5 12
1 18 2 6 0 4 3 8
1 11 6 4 2 0 7 3 9
1 20 4 3 5 6 2
1 4 4 3 0 6 7 8
1 7 3 7 5 4
1 12 7 5 4 0
1 16 3 0
1 24 2 4 5
1 14 5 6 4
1 17 3 0 1
1 6 1 0 2 7 4 5
1 21 4 2 5 0 7 3
1 25 2 0
1 22 5 7 2 11 12
1 23 0 5 2 3
1 0 7 1 6 4 0
1 3 1 2 6 3 0 7 5
1 9 1 4 5 0 3
1 5 1 6 7 3 4 2 5 11
1 2 6 3 7 2 1 4 0 11
0 26 12 4 3
0 27 11 7
0 28 5 2 0
0 29 0 12 6
0 30 2 1
0 31 8 10 9 12
0 32 2 4
0 33 9
0 34 1
0 35 3 1 7 2
0 36 12 6
0 37 0 11 12 3
0 38 6 11 10
0 39 4 9 2
0 40 5 7 6
0 41 4 2 8
1 5 20 2 3 12 17 24 26 15 23 7 28 11 10 8 25 0 18 16 22 5 1 19 30 32 35 27 29
1 0 21 28 10 17 16 3 25 9 23 1 41 15 32 2
1 7 23 8 13 15 18 19 11 25 7 21 27 24 3 4 1 33 40 44 16 26
1 3 22 25 14 11 16 8 10 21 13 34 7 43 5 39
1 4 0 6 11 14 27 3 12 20 18 23 19 8 1 10 5 7 36 45 26
1 6 27 5 16 22 14 17 13 25 12 15 24 8 9 2 37 39 45 41
1 2 22 7 9 10 26 5 12 28 3 15 4 14 17 8 24 1 23 25
1 1 1 4 21 14 18 10 3 19 43 16 42
0 8 24 38 18 28 34 14 41 17 13
0 9 2 34 41 30 5 4
0 10 4 31 46 33
0 11 11 42 45 4 19 32 25 40
0 12 10 29 44 26 41 20 1 40 0
1 17 2 17 4 11 8
1 12 16 17 11
1 25 6 17 7 18 23
1 16 17 8 7 11 27 5 15
1 14 9 5 18 16 25
1 6 3 18 10 19 25 9
1 20 15 10 18 17
1 0 11 10 12
1 19 1 5 14
1 13 2 10 14
1 4 0 5 9 20
1 21 6 10 14 7 8
1 9 13 3 9 11 5 28 7 24
1 22 4 14 12
1 2 0 12 9
1 28 14 17
1 3 9 12 7
1 1 2 11 0 20 25
1 26 9 17 6 27 15
1 11 12 8 7 3 15 19 16
1 24 5 14 4 2
1 8 5 9 3 0 8 7 21
1 27 17 20
1 10 3 15 18 0 25
1 23 0 13 14 17
1 5 7 2 10 1 15
1 15 7 16 14 3 9 28
1 18 8 11 17 13 9 15 19 4
1 7 17 3 12 2 1
0 29 17 22 7
0 30 24 25
0 31 10
0 32 2 27 21
0 33 12 14
0 34 6
0 35 29 1 25 14
0 36 12 1 9
0 37 21 15 26
0 38 11 30 7 22
0 39 19
0 40 26 1
0 41 26
0 42 27
0 43 8 0
0 44 21
0 45 4
0 46 27
1 0 5 4 3 2 0
1 5 1 0 2 3 4 5 8 7
1 6 0 3 4 5 2 1
1 4 5 1 2 0 4 3 9 6
1 15 2 0 4 1 3 5
1 10 1 3 4 2 5 0 8 6 7
1 16 1 0 3 2 5 6 7
1 9 1 3 5 0 2 4 6
1 12 3 0 1 5 2 4
1 7 4 3 2 1 5 0 8 9
1 3 3 4 5 2 1 8 9 6 0
1 1 2 1 5 4 7
1 2 5 4 3 1 2 8
1 13 2 3 5 0 4 1 8 6 9
1 18 4 1 3 0 5 9
1 14 0 3 1 2 4 5
1 8 0 4 1 2 3 5
1 17 1 4 3 0 5 9
1 11 2 0 1 4 3
0 19 9 8 2
0 20 2 3
0 21 4 3 0 6 2
0 22 0 4
0 23 2 9 7
0 24 6 8
0 25 7 3
0 26 1
0 27 0 5
0 28 8 9 5 7 2 6
0 29 3 9 6 2
0 30 3 8 6 4
1 4
1 5
1 0
1 3
1 1
1 2
0 6
0 7
0 8
0 9

