20
26 36 16 24 34 47 40 34 16 23 24 45 47 34 42 29 36 39 47 37 
1 10 17 18 1 9 5 32 14 28 19
1 1 7 15 33 28
1 2 1 7 21 12 5 27 28 14
1 9 1 8 19
1 4 4 20 3 8 17 0 19
1 12 9 10 14 21 13 19 18 2 16 7
1 0 1 18 0 35 5
1 5 16 3 17 5 21 0 26
1 6 16 12 15 13 22
1 14 11 13 9 4 0 26
1 8 19 2 5 8 13 20 16
1 3 16 4 0 21 19 13 26 2
1 7 0 1 9 18 14 10 33 4 34
1 13 11 9 12 20 21 26 2 16
1 15 6 14 8 11 15
1 11 9 16 17 1 0 19 14 3 32
0 16 17 29 34
0 17 33
0 18 23 30 31 6 26
0 19 15 13
0 20 19 24
0 21 9 19
0 22 11 7 23 0
0 23 17
0 24 5 26
0 25 25 14
1 0 9 7 0
1 11 9 7 8 0 5 13 12
1 10 9 6 13
1 6 1 2 4 9 3 8
1 1 7 9 4 3 0
1 2 2 1 6 9 7 11 12
1 15 3 4 1
1 5 6 4 7 9 3 11
1 20 5 4 9 8
1 21 5 3 8 10
1 9 8 2 9 5
1 19 1 2 3 5 8
1 4 4 6 0 9
1 16 7 3 1 5 9
1 17 1 8 4 6 10 7
1 8 3 4 6 2 15
1 14 8 5 3 2 0
1 18 4 5 0 3 8
1 7 8 5 7 2 4 13
1 3 0 9 6 10 1
1 12 4 8 6 15
1 13 6 2 8 1 5
0 22 14 3 2
0 23 5 14 0
0 24 8
0 25 3 4
0 26 5 7
0 27 13
0 28 8
0 29 12
0 30 5 0
0 31 9 5
0 32 8 14
0 33 8 9
0 34 15 4 8 5 12
0 35 2 1
1 2 13 0 11 10 17 15 3
1 7 1 12 14 9 7 4
1 1 10 1 9 13 20 16 18
1 6 13 12 3 1 9 15 18
1 3 0 11 8 14 1 16 18
1 9 4 6 2 9 8 15
1 4 8 2 3 11 10 1 6 15 5 4
1 0 6 7 10
1 8 5 9 13 3 2 8 12 0
1 5 14 9 4 2 10 7 22 23 0 13
0 10 21 22
0 11 11 12 21
0 12 23 18
0 13 19 2 14
0 14 9
0 15 1
1 5 6 13 24
1 0 10 14 20 24 6
1 8 0 15 11 8 17 19
1 9 7 5 8 16 2 30 15
1 12 8 9 19 0 7
1 6 17 5 10 8 12 0 14 9 16
1 4 18 4 9 14 0
1 7 17 19 4 7 15 12 0 29
1 10 3 9 14 1 5 8
1 14 3 1 15 7 9 6 28 32 2
1 1 18 4 13 20 17
1 13 8 9 7
1 11 11 15 18 8 3 4
1 3 16 2 13 14 0 21 27
1 2 12 11 2 14 10 17 16
0 15 1 27 6
0 16 19 30 24 13
0 17 15 23 25
0 18 2 13 27 3
0 19 26 10
0 20 33
0 21 6 1 29 19
0 22 31
0 23 22 2 13
1 15 1 7 21 11 26
1 19 10 16 17
1 7 11 6 14 18 19
1 20 19 0 13 11 16 12 29
1 5 0 22 26 2 18 6 43 14
1 8 2 12 14 3 23 31 34
1 14 25 7 2
1 13 24 9 15 16 21 28 35 42 0
1 18 5 4 13 20 28 36
1 16 21 41
1 11 0 19 21 23 10
1 1 12 25 22 18 20 2 10 32
1 6 28 23 27 15 46
1 3 0 14 17 26 10
1 0 8 3 14 36
1 17 12 13 20 40
1 10 15 27 6 21 7 4 42 40
1 4 10 0 20 25 3 2
1 9 2 9 26 4 12 39 29 33
1 12 0 20 17 32 45
1 2 27 18 24 19
0 21 28 8
0 22 14 38 45
0 23 17 39
0 24 13
0 25 7 44 45
0 26 15 0 22
0 27 12 37 27
0 28 44
0 29 4 30
0 30 16 27
0 31 4 36
0 32 29
0 33 0 33 36
1 24 7 0 32 18
1 11 2 5 17 35
1 23 17 3
1 8 21 32
1 21 20 19 1 0
1 16 12 3 4
1 22 21 16 0 10
1 13 1 2
1 1 15 4
1 4 6 13 19
1 9 13 19
1 26 7 0
1 27 16
1 18 15 3
1 7 15 12 5 30 39
1 5 4 18 15 2 11 14
1 28 10 2 20 36 9 4
1 19 6 8 16 22 35
1 3 22 11 14 7 0
1 10 23 5 9 15 28
1 6 20 24 15 11
1 17 19 17 33
1 0 4
1 12 23 22 15 21
1 20 14 25
1 14 10 4 12 5
1 2 5 9
1 15 1 6 18 23 17 39
1 25 23 9
0 29 27
0 30 0
0 31 20 37
0 32 29
0 33 23 39 28
0 34 13
0 35 6 21 27
0 36 25 35
0 37 0
0 38 25
0 39 2 34
0 40 14 8
0 41 31
0 42 23
0 43 13
0 44 23 17
0 45 38 26
0 46 3 5
1 24 10 11 0 29
1 4 20 1
1 18 3 10 14
1 19 19 18
1 1 12 7 10
1 0 13 12 17 31 10
1 5 13 0 17
1 9 8 16 12 4 17 27
1 23 6 11
1 11 8 17 2 12 16 29
1 12 3 7 10 12 24
1 2 16 15 17 0 5
1 20 10 8 19
1 7 19 12 5 0
1 15 4 9 11 14 0
1 8 8 5 20
1 17 11 3 15
1 14 16 4 3 18 33
1 16 18 0 1 14
1 13 15 14 16 0 18 19 4 17 24 28
1 21 2
1 10 16 3 4 10 6
1 3 20 5 2
1 22 6 14 8
1 6 9 17 18 29 28 1
0 25 19 28
0 26 22
0 27 2 8
0 28 22 27
0 29 22
0 30 7 26 24 19
0 31 5 26 11
0 32 16 9
0 33 22 25 3 18
0 34 32 6
0 35 16 2
0 36 14 21
0 37 23 30
0 38 10 28 14
0 39 21
1 17 3 9 1 11
1 7 9 3
1 15 7 3 0
1 18 3 7
1 10 7 1 4 5 14
1 0 5 7 4 10 15
1 12 0 6 3 8 9 13 2
1 3 2 5 0
1 20 1 2
1 5 8 3 5 4 0
1 11 7 5 2
1 19 1 8 7 9
1 8 5 8 3 9
1 2 5 8 9
1 14 8 4 11
1 4 5 0 4 2 7
1 1 6 4 5 8
1 6 7 4 15 5 2
1 16 9 0 8 7 1 6 15
1 13 4 7 8 0 12 13
1 9 1 9 4 6 14
0 21 7 9
0 22 1
0 23 13 15
0 24 11
0 25 15 10 5
0 26 14 13 2 5 6
0 27 4 6
0 28 0
0 29 0 11
0 30 9 2
0 31 7 4
0 32 11 14 4
0 33 0 12 14
1 3 13 8 4 7 3 14 19 20 21 15
1 9 13 0 3 2 22 15 16
1 7 11 10 3 12 2 1 13 17 5 4
1 5 11 2 7 12 6 18
1 1 1 2 12 13 5 18
1 0 7 5 4 13 1 6 8
1 4 10 5 9 8 6 4 1 0 12
1 6 11 3 4 6 5 2 1
1 8 9 0 2 8 1 3 10 13 6 15 18
1 2 4 3 6 12 0 7 13
0 10 7 4 6
0 11 18 15
0 12 22
0 13 10 2 7
0 14 11 17 13 8 12
0 15 16 5
1 9 3 14 0 6 8 4 5
1 7 7 12 11 3 10 0 4
1 12 11 1 10 3 13 14 17 20 21
1 10 13 14 3 11 18 5 7 2
1 3 9 0 11 12 14 10 3 19 15
1 4 6 8 12 1 4 11 21
1 2 9 4 14 10
1 6 8 13 12 4 16
1 8 3 4 5 7 0 6 9 15
1 5 2 13 1 8 7 11 10 6 22
1 11 6 10 5 7 11 12 2 13 21
1 13 9 5 10 7 2
1 1 3 8 1 20 14 18
1 0 11 4 6 8 14 23 0
0 14 13 10
0 15 23 17 10
0 16 18 23
0 17 2
0 18 5 16
0 19 15 5 12
0 20 21 1
0 21 19 21 13
0 22 1 18
1 9 19 27 26 12 36 32
1 12 10 5 7 9 2 18 32 37
1 0 4 3 24 5 7 11 20
1 2 9 13 12 27
1 6 17 27 14 5 11 20 12 21 15 16 28 13 0
1 14 25 15 7 13 16
1 4 21 2 27 3
1 13 0 22 18 33
1 3 0 6 15 4 20 30 33 35
1 1 12 7 11 23 1 29
1 5 1 18 9 0 4 10 8 6 36
1 7 8 16 27 31
1 8 20 13 22 21 3
1 10 14 23 26 12 20 15 40 16 39
1 11 26 11 10 9
0 15 38 22
0 16 39 38 24
0 17 11 31 41 5 42
0 18 34 15
0 19 20 44 21
0 20 15 22
0 21 42 30 25
0 22 38 43 22
0 23 14 25
1 3 7 27 38
1 18 23 14 25 1 9 28 3 34
1 24 15 1
1 7 26 6 14
1 8 25 45
1 1 4
1 11 10 27 8
1 14 8 7 0
1 0 22 11 4 37 7
1 21 25 16
1 10 24 26 2 46 18
1 6 13 11 25
1 2 22 44
1 9 1 11 41
1 16 5 12 25 15 14
1 15 10 14 5 34
1 26 15
1 27 16 7
1 25 0 26
1 17 5 17 21 6 18
1 19 26 18 3 11
1 4 8 27 13
1 22 9 19 23 13
1 13 21 18 20 9 8
1 5 2 26 43 10
1 20 24 3 14 31 33
1 23 7 1 9 16 19 10 24
1 12 16 11 19 28 4
0 28 31 35
0 29 29 40
0 30 28
0 31 20 39
0 32 32
0 33 19
0 34 10
0 35 9 36 22
0 36 21 34
0 37 9
0 38 17 18
0 39 28
0 40 29 36 2
0 41 42
0 42 24 33
0 43 45
0 44 30
1 22 8 12 2 14 13 30
1 20 18 3 1 12 10 8 27 15 22
1 13 18 11 17 23
1 26 15 8 18 23 1
1 3 10 9
1 14 15 5 20
1 17 3 0 2
1 11 13 10 6 20
1 9 17 10 3
1 15 1 24
1 24 9 4 26
1 1 17 0
1 16 1
1 12 3 15 17 7 21
1 7 15 9 32
1 23 19 14 20 33 26
1 27 11 18 3 2 31
1 8 12 11
1 21 7 18 2 11 6
1 25 19 4 0 24 12
1 5 0 6 16 8 19 13
1 19 11 14 2 1 31
1 4 17 20 0 19 12
1 28 8
1 18 2 15
1 10 0 16 5 14 29
1 2 10
1 0 0 5
1 6 15 6 20 12 28
0 29 17
0 30 28 2 14
0 31 11 4 25
0 32 1
0 33 1
0 34 27 29 16
0 35 22
0 36 11
0 37 12
0 38 6
0 39 11
0 40 5
0 41 27 25
0 42 18
0 43 28
0 44 11 32 8
0 45 26
0 46 5 27
1 0 15 7 18
1 10 25 6 38 10
1 13 11 21 3 16 9 24 34
1 18 10 2 5 8 9 21 37 11
1 19 21 9 32 17
1 16 18 26 35
1 11 7 0 17 18 10 1
1 7 22 13 38 21
1 15 24 8 10 17 14
1 6 22 0 24 16 14 5 10
1 3 18 15 17 3 35 14
1 9 7 5 19 35 14
1 5 19 22 2 13 21
1 14 3 1 18 5 19 11 12 40
1 12 6 5 17 24 14 9 36
1 8 12 1 7 30 38
1 2 1 13 21
1 1 16 13 31
1 17 1 4 9 20 5 17 8 24
1 20 10 11 5 21 20 4 23 18
1 4 10 14 23 3 13 15
0 21 29 27
0 22 1
0 23 34 35 28
0 24 21 20
0 25 41 31 13
0 26 36 28
0 27 39 12
0 28 28 29 15
0 29 33 38
0 30 23 27
0 31 6
0 32 24
0 33 26
1 16 14 0 26
1 0 13 4
1 11 8 3 5 2 7
1 3 16 11 3 2 17
1 24 1 2 16 10
1 19 10 1 11
1 5 17 15 6 4 22
1 6 17 6 4
1 20 0 6 10 16 11 2
1 23 1 5 14
1 18 1 17 16
1 21 16 7 6
1 25 6
1 9 13 11 14 10
1 8 14 13 28
1 4 7 4 14 17 27
1 2 3 13 9
1 14 14 11 5 25
1 15 12 14 1 13 0 18 5
1 7 11 16 12 9 21
1 22 6 16 5 2
1 12 7 15
1 10 8 4 6 16
1 13 0 9 1
1 1 12 13 0 7
1 17 8 9 1 0 2 23 13
0 26 27 26
0 27 1
0 28 0 23
0 29 21 5
0 30 28
0 31 25 12
0 32 25
0 33 17 27
0 34 13
0 35 2 18 19
0 36 22 26
0 37 27 7 19
0 38 9
0 39 12 20 25
0 40 13 6
0 41 8 24
1 7 14 5 8 2
1 17 10 8 9 0 15
1 11 4 14 21
1 4 13 1 3 21 6 24 32 25 19
1 3 7 3 20 6 19 27
1 12 6 2 21 30 23 14 4
1 15 7 21 8 9 24
1 9 14 1 7 8 15 19
1 6 5 0 19 35
1 10 6 14 11 13 17 30
1 16 17 5 9
1 1 12 25
1 5 6 25 12 34 31
1 2 4 11 14 13 16 6
1 13 5 15 7
1 8 21 11 7 20 19 12 18
1 14 15 18 20 17
1 0 4 16 18 29 14
0 18 21
0 19 35
0 20 16 26 18
0 21 18 24
0 22 14 23 17
0 23 18
0 24 2 12
0 25 10 31 12
0 26 33 34 2
0 27 28 22
0 28 10 3
1 14 8 3 21 18 1 23 34
1 10 14 13 20 2 19
1 6 11 0 8 38
1 1 8 12 10 20
1 3 11 20
1 12 21 1 18 20
1 9 14 19 2 8 37
1 8 8 1
1 13 23 0 18 32 26
1 17 15 7 8 23 4 27 18
1 16 11 9 17 16 18 23 14 29
1 18 3 4 13 5 16 21
1 7 14 17 12 8 22 25 36 21
1 0 17 6 4 0 26
1 11 17 21 16 13 2 7 26
1 20 21 14 18 15
1 2 20 19 0 8 17 13 3
1 19 2 7 9 16 14 21
1 4 3 6 8 2 26
1 5 22 10 0 9 14 33
1 15 5 16 0 24
1 21 5
0 22 8
0 23 20
0 24 2 30 11
0 25 17 4
0 26 12 27 37 22
0 27 38
0 28 12
0 29 35 27 14
0 30 29 32
0 31 19 31 25
0 32 28 33 34
0 33 30 19 3
0 34 11 34
0 35 10 24 8
1 4 8 0 22 21 29
1 7 10 28 14 36 45 25
1 9 13 16 12 26 14
1 11 21 4 20 9 25
1 14 27 11 4 7 6
1 22 19 37
1 0 11 0 43 8 3
1 19 17 15 7 3 30 42 5
1 13 1 5 22 19
1 20 12 22 10 3 30
1 1 11 3 24 40 44
1 10 18 13 20 21
1 8 15 17 0
1 18 10
1 17 17 13 9
1 21 14 7 20 37
1 15 17 6 1 13 19 10
1 5 12 8 5 13 25
1 23 27 9 33
1 2 23 11 12
1 6 17 4 12
1 16 23 3 9 15 20
1 3 1 24 25 26 10 12
1 12 2 4 27 3
0 24 0
0 25 46
0 26 4 39
0 27 35
0 28 28
0 29 23 8
0 30 13 44
0 31 7 38
0 32 34 22
0 33 31 32
0 34 17 38 34
0 35 3 41 20
0 36 29 22
0 37 6 16 27
0 38 3
1 2 7 0 3 10
1 16 22 19 29 33
1 21 8 6 5 4
1 13 17 19
1 9 10 22 2 15 35 14
1 5 17 12
1 23 8 5 11 28
1 27 19 16 31 29
1 3 4 7 17 35
1 28 16 19 1 13 25
1 19 14
1 7 19 8 9 20 23
1 15 2 17 11
1 17 2 6 4 11 12 16
1 14 10 13 22 17 33
1 26 14 1 6 5 26
1 18 19 12
1 11 21 3 14 1 32 34
1 8 17 5 7
1 22 1 18
1 24 1 11 20 22
1 10 7 6 20 5 17 10 18
1 25 5
1 6 12 3 22
1 0 10 21 9 0 35 17
1 12 4 14 22
1 1 10 3 9 16
1 20 15 19
1 4 18 0 19 10 8 4 23
0 29 19
0 30 7 36
0 31 1
0 32 33 24
0 33 30
0 34 30
0 35 31 2
0 36 28
0 37 4
0 38 28 7
0 39 16 22 5 30
0 40 36 2 18
0 41 20 24 33
0 42 8 29 27
0 43 9 35
0 44 28
0 45 30
0 46 27 11 25
1 0
1 21
1 8
1 4
1 6
1 17
1 18
1 5
1 11
1 1
1 3
1 19
1 9
1 20
1 15
1 16
1 22
1 7
1 10
1 14
1 12
1 2
1 13
0 23
0 24
0 25
0 26
0 27
0 28
0 29
0 30
0 31
0 32
0 33
0 34
0 35
0 36

