6
26 36 16 24 34 47 
1 4 2 14 13 11 24 30 33 28
1 7 0 8 21 7 17 16
1 11 9 13 10 6 25 31 4
1 15 15 19 6 20
1 10 6 15 20 4 11 13 1 23 28
1 2 17 14 0 5 22
1 0 10 28 25 9
1 9 16 6 21 0 10 13 29 7 26
1 13 19 6 21
1 5 7 18 6 5
1 3 1 6 11 17
1 1 5 12 0 2
1 6 20 11 5 31
1 8 4 3 1 9 20 27
1 12 17 7 13 21
1 14 7 20 16 3 11
0 16 21
0 17 14 0
0 18 32
0 19 35
0 20 27 3
0 21 11
0 22 15 19 34
0 23 26 9 32
0 24 17 34
0 25 29 31
1 15 9 6 8 15
1 3 7 1
1 4 0 7 8
1 14 3 9 2 8
1 11 9 8 2
1 2 8 4 12
1 17 6 3 8 9 14
1 20 5 3 11 9
1 1 7
1 13 6 0 11
1 6 2 8 9 7 1 4
1 7 7 6 8 4
1 5 0 8 2
1 19 3 5
1 9 9 8
1 18 9 6
1 12 9 2 8
1 8 1 8 6 7 3
1 0 7
1 16 2 4
1 21 3 6
1 10 6 2 1 4 11 0
0 22 13 10
0 23 4
0 24 2
0 25 11
0 26 6
0 27 5 10 7
0 28 13
0 29 12
0 30 7
0 31 7 5
0 32 14 15
0 33 9
0 34 1 2 0
0 35 13 10
1 2 13 5 9 11 8 2
1 3 4 12 3 11 2 10 23 22 15 18
1 6 13 5 2 10 7 6 12
1 8 5 13 1 14 6 7
1 0 9 8 2 7 0
1 7 11 2 6 7 3 15
1 9 0 3 7 1 17
1 1 13 14 10 4
1 4 7 8 12 3 13
1 5 1 3 10 9
0 10 4 22
0 11 11 16 20
0 12 0
0 13 19 15 23 17
0 14 2 4
0 15 21 18 20
1 11 17 16 18 4 2 6 15 32
1 13 8 7 0
1 3 1 3
1 8 0 10 6 2
1 0 0
1 10 9 15 3 5 14
1 14 10 17
1 12 7 2 15 3 17 19 22
1 4 13 20 4 10 31
1 2 19 4 5 6 24
1 9 13 7 5 17 23
1 5 0 11 3 6 12
1 6 1 3 20 15 12 6 21 22
1 7 14 13 31 21 24
1 1 12 6 3 29
0 15 3 33 7
0 16 1 23 27
0 17 28 29
0 18 7
0 19 9
0 20 11
0 21 10 30
0 22 0 26
0 23 4 25
1 2 15 39
1 3 14 27 11 20 1 6 39
1 15 4 12 3 0
1 8 16 3 27 30
1 4 11 20 26 13
1 10 9 15 23 40 36
1 7 0 17 27 23 44
1 14 11 28 7 38 37
1 16 5 45
1 19 18 13 2 28 7
1 11 2 8 28 0 17
1 9 5 16
1 0 6 21 26
1 5 14 22 4 42
1 12 7 13 43
1 17 23 5 28 2
1 18 1 3 24 28
1 20 10 9
1 13 11 25
1 1 19 15 33
1 6 0 26 1 7 8 46 44
0 21 21 31 28
0 22 1 13
0 23 36
0 24 7
0 25 19
0 26 22 34 35
0 27 41
0 28 2
0 29 32 25 15
0 30 45
0 31 29 30 0
0 32 16 22
0 33 37
1 13
1 10
1 23
1 20
1 16
1 19
1 5
1 18
1 6
1 22
1 28
1 14
1 26
1 17
1 8
1 7
1 9
1 12
1 27
1 0
1 3
1 2
1 4
1 15
1 25
1 21
1 1
1 11
1 24
0 29
0 30
0 31
0 32
0 33
0 34
0 35
0 36
0 37
0 38
0 39
0 40
0 41
0 42
0 43
0 44
0 45
0 46

