13
42 8 26 47 8 26 47 18 26 10 42 26 13 
1 4 3
1 9 3 2 1
1 10 4 3
1 11 1 2
1 0 1
1 13 4
1 15 3 0 5
1 1 1
1 21 4 0
1 5 1 4 3
1 22 2
1 2 1
1 14 4
1 12 1 2
1 23 2
1 6 3 5
1 16 3 0
1 17 2 4
1 24 2 1 6
1 7 4 1
1 18 3 0
1 20 3 2 0
1 8 3 6
1 3 1
1 19 4 2
1 25 0
0 26 6
0 27 7
0 28 1
0 29 3
0 30 6 7
0 31 6
0 32 3
0 33 6 1
0 34 2
0 35 7
0 36 7
0 37 1
0 38 2 0
0 39 3
0 40 7 1
0 41 2
1 4 0 12 11 9 3
1 0 9 2 11 1 15 3 10 5 0 16 17 25
1 3 8 1 4 10 12 0 2 7 19 5 25
1 1 15 3 5 9 6 1 2
1 2 14 6 7 13 10 15 2 9 3 22 5
0 5 10 23 24 19
0 6 21 18 22 23 6
0 7 20 25 19 2 6
1 13 6 27 45
1 0 20 28
1 11 9 21
1 14 12 10
1 9 16 18 4 12
1 5 19 3 14 23 13
1 10 4 11
1 7 11 22 2 32
1 15 21 13
1 4 25 0 2 22 17 16
1 2 7 8 17 15 1 24 32 20
1 6 5
1 8 7 25 6
1 1 21 1 24 34
1 12 15 10 8 44 21
1 3 15 26 14 19 46
0 16 15
0 17 30
0 18 3 35
0 19 36
0 20 36 31 43 40
0 21 40 29 42
0 22 21 33 38 45
0 23 41 39
0 24 20
0 25 37
1 4 3 7
1 5 1 0 3
1 16 1 4 3
1 19 2 5
1 17 3 4
1 14 1
1 28 4
1 11 3 2 0
1 24 4
1 13 1
1 25 4 0
1 21 1 4
1 22 2 4 0
1 23 4
1 10 0 3 2 6
1 15 3 4 1
1 27 4
1 12 3 1
1 8 3 2
1 2 3
1 3 3 7
1 26 4
1 6 0 1
1 9 3 2 0
1 1 0
1 7 3
1 20 4 1 5
1 18 3 4 6
1 0 0
0 29 7
0 30 6
0 31 2
0 32 7
0 33 2
0 34 5
0 35 6
0 36 6 5
0 37 4
0 38 4
0 39 5
0 40 0
0 41 2
0 42 1
0 43 1
0 44 3
0 45 4
0 46 0
1 0 15 2 3 13 11 19 20
1 2 8 0 9 14 6 10 25
1 3 6 7 15 13 21 23 12 18 10
1 1 13 5 10 12 11 9 4 18
1 4 4 1 11 6 10 8 5 24
0 5 16 25
0 6 22 18
0 7 10 17 1
1 10 26 0
1 15 11
1 7 21 25
1 4 19 12 26 10
1 11 8 5 24 25 6
1 14 27 20 11 25
1 13 16 33
1 8 4
1 6 13 4 28
1 5 6 22 17
1 3 28 17
1 1 1 23 11 2
1 2 13 14
1 12 9 7
1 9 26 2 18 9 21 36 37
1 0 15 3 10 24
0 16 44 32 45
0 17 16 38
0 18 24 29
0 19 15 35
0 20 43 31 34 41
0 21 4 6
0 22 12
0 23 40
0 24 18 39 42
0 25 30 46
1 5 0
1 8 9
1 3 2
1 21 6
1 15 6 9
1 14 4 1
1 12 8 5
1 10 1 11
1 13 3 10 17
1 27 3
1 1 9 5
1 23 6
1 7 7 10
1 9 1 4 10 13
1 11 1 14
1 0 2
1 20 9 8
1 6 0
1 19 3 1
1 18 7
1 17 4
1 2 10 0
1 22 6
1 4 5 9
1 28 3
1 25 3 6
1 26 3
1 24 6
1 16 4 14
0 29 10
0 30 16
0 31 4
0 32 9
0 33 1
0 34 7
0 35 11
0 36 7
0 37 10
0 38 5
0 39 8
0 40 6
0 41 12 14
0 42 15 11
0 43 0
0 44 12
0 45 9
0 46 6
1 3 4 10 5 16
1 5 10
1 2 7 6 4 1 14 17 21 0
1 9 2 15
1 6 2 11 14 15
1 0 8 4 20
1 8 2 3
1 7 15 1 5 2 14 13
1 10 2 9 12
1 4 13 3 6 11 1
1 1 10 0 5
0 11 1 24
0 12 25
0 13 7
0 14 22
0 15 19 9
0 16 18 23 24
0 17 12
1 0 4 8
1 4 5
1 11 1
1 10 5 3 7
1 1 5 4
1 12 3
1 9 0 4 3
1 3 4 1 5
1 2 2
1 14 0 1 8
1 8 0 4
1 6 5
1 15 3
1 5 5
1 7 3 5 2 0 4
1 13 3
0 16 4
0 17 1 2
0 18 9
0 19 4
0 20 4 6
0 21 6
0 22 9
0 23 5
0 24 6
0 25 6
1 5 21 4 10 16 19 9 29 35 37 6
1 3 13 11 12 18 17 0 3 6 26
1 1 17 1 14 0 20 19 28 11
1 4 24 0 2 5 9 14 23 11 32 33 25
1 0 20 6 15 25 23 17 0 28 30 40
1 2 3 7 8 22 14 21 15 38 39
0 6 22 31 16
0 7 39 31 34
0 8 17 36
0 9 41 27
1 15 7 1 11
1 1 13
1 11 8 4
1 13 11 7 13
1 20 11
1 2 13
1 17 7
1 14 10 2
1 3 3
1 16 9
1 18 14 15 7
1 12 15 18
1 22 12
1 5 5
1 24 14
1 6 8 3 5 20 24
1 10 4
1 0 6
1 25 14 24
1 19 11
1 7 5 4
1 21 12
1 8 1
1 9 1 23
1 23 12 0
1 4 5 3
0 26 7
0 27 3
0 28 18
0 29 11
0 30 13
0 31 11
0 32 2
0 33 19
0 34 12
0 35 22 21
0 36 13 11
0 37 5
0 38 16
0 39 25
0 40 19
0 41 17
1 14 1 3 0
1 5 4 7 1
1 4 3 5
1 2 5 2 6 0
1 6 2 6 10
1 3 4
1 0 5
1 10 4 2 1
1 8 7 2
1 9 4 0
1 13 0 12
1 11 2 3
1 12 1 2
1 1 5
1 15 1 0
1 7 7 6 2
0 16 0
0 17 7 9
0 18 7
0 19 8 5
0 20 1
0 21 2
0 22 4
0 23 11
0 24 11 6 1
0 25 7 0
1 6
1 7
1 4
1 5
1 2
1 0
1 1
1 3
0 8
0 9
0 10
0 11
0 12

