13
37 34 13 36 37 37 12 37 8 39 36 40 10 
1 9 17 14
1 2 0
1 13 18
1 8 20 6 12
1 6 16 4
1 17 15
1 0 19
1 3 8
1 4 11
1 1 16 25
1 5 11
1 11 1 7
1 15 10
1 18 3
1 19 13
1 20 13
1 12 20
1 21 13
1 7 2 33
1 22 13
1 16 10
1 10 9
1 14 5
0 23 23
0 24 27
0 25 21
0 26 31
0 27 29 32
0 28 5
0 29 28
0 30 23
0 31 11
0 32 6
0 33 26
0 34 22
0 35 30
0 36 24
1 2 6
1 8 7
1 6 7
1 19 5
1 9 4
1 16 3
1 4 6
1 15 3
1 3 6
1 10 4
1 17 2
1 5 7
1 11 1
1 20 5
1 7 7
1 18 5
1 1 0
1 12 1
1 14 1
1 0 0
1 13 1
0 21 2
0 22 12
0 23 10
0 24 8
0 25 10 9
0 26 2
0 27 7
0 28 1
0 29 4
0 30 1
0 31 11
0 32 5
0 33 1
1 0 18 17
1 4 9 4 11 12 32 35
1 6 15 1 2 20 23 30
1 5 5 3
1 3 5 19 22 29 31
1 7 10 0 14 16
1 1 7 13
1 2 8 6 21 25
0 8 24
0 9 9 28
0 10 2 33 34
0 11 26
0 12 27
1 15 12 3
1 19 15
1 8 15 14 17
1 16 10
1 12 6
1 6 20
1 5 20 7
1 3 16
1 9 20 5
1 14 12 1 11 26
1 20 15 33
1 10 21 18
1 2 8
1 4 4 9
1 21 19
1 18 0
1 13 22
1 7 2 13
1 0 8
1 11 6 23
1 17 10 30
1 1 8
0 22 2 27
0 23 12
0 24 25
0 25 28
0 26 1
0 27 24
0 28 20 31
0 29 22
0 30 8
0 31 35
0 32 1
0 33 36 29
0 34 32
0 35 3 34
1 18 16
1 19 18
1 10 1
1 22 10 28
1 5 7 14
1 16 11
1 12 12 8
1 4 3
1 0 15 30
1 3 2 36
1 17 16
1 13 16 4
1 11 0 20
1 7 21
1 2 17 32
1 20 5 34
1 1 0 6
1 9 21
1 8 21
1 21 5
1 6 19
1 15 22 9
1 14 13
0 23 19 27
0 24 11 26
0 25 33
0 26 33
0 27 4
0 28 12
0 29 18 25 35
0 30 8
0 31 4 23
0 32 29
0 33 31 24
0 34 4
0 35 6
0 36 13
1 2 1
1 10 5
1 5 2
1 7 6
1 6 2
1 21 3
1 4 2
1 0 0
1 11 5
1 13 5
1 22 3
1 16 4
1 12 5
1 14 5
1 15 4
1 1 0
1 17 4
1 3 1
1 19 3
1 8 6
1 20 3
1 9 6
1 18 3
0 23 0
0 24 8 9
0 25 0
0 26 4
0 27 6
0 28 5
0 29 0
0 30 1
0 31 5
0 32 10
0 33 5
0 34 8 7 11
0 35 1
0 36 3
1 0 18 16
1 1 11 2 3 29
1 2 22 13
1 6 20 6 7 9 23
1 5 19 4 8 15 17
1 4 14 0 1 10 12 21 28
1 3 20 5 27
0 7 32
0 8 26 24 31 33 34 36
0 9 14
0 10 0 30 35
0 11 15 25
1 20 3
1 2 1
1 3 1
1 4 1
1 18 3
1 1 1
1 22 2
1 16 0
1 8 4
1 17 0
1 13 0
1 12 4
1 14 0
1 6 4
1 11 4
1 19 3
1 0 1
1 9 4
1 5 4
1 10 4
1 21 2
1 15 0
1 7 4
0 23 4
0 24 5
0 25 6
0 26 2
0 27 0
0 28 2
0 29 7
0 30 5
0 31 7
0 32 3
0 33 1
0 34 5
0 35 1
0 36 7
1 2 3 5 16 18 22 23 29
1 0 14 6 9 21 34
1 4 14 2 4 8 11 19 24 25 26 31 37
1 3 12 0 1 15 27
1 1 7 10 13 17 20 28 30 35 36 38
0 5 11
0 6 4 32 33
0 7 9
1 7 16
1 22 21 22 27
1 15 4
1 1 14
1 20 5 17
1 8 14 2
1 9 0
1 6 16
1 5 11
1 2 7
1 0 13 25
1 18 12 26
1 13 4
1 4 11
1 3 7 29
1 12 6 10 18
1 21 3
1 19 19
1 14 6 8
1 23 21
1 11 5 9
1 10 1 20 34
1 16 5
1 17 15
0 24 8 24
0 25 30
0 26 13
0 27 7
0 28 20
0 29 31 35
0 30 4
0 31 4
0 32 33
0 33 11
0 34 7 28
0 35 13
0 36 33
0 37 23 32
0 38 5
1 7 23 20
1 8 16 6
1 12 15 14
1 19 23 5
1 11 8
1 13 2
1 4 9
1 2 3
1 18 2 13
1 6 12
1 17 16 27
1 3 1
1 15 0
1 0 3 24
1 1 3 7
1 14 4 18
1 5 23 10 19
1 20 16 21
1 9 22
1 16 16 34
1 10 8
1 21 17 11
0 22 30
0 23 20
0 24 0
0 25 26 37
0 26 32
0 27 31
0 28 21
0 29 26 25
0 30 23 29
0 31 12 39
0 32 2
0 33 38
0 34 21 36
0 35 28 33 35
1 16 2
1 7 0
1 15 2
1 6 0
1 21 4
1 18 3
1 5 0
1 2 1
1 12 2
1 8 0
1 3 0 7
1 22 4
1 10 2
1 19 5
1 13 2
1 14 2
1 17 3
1 23 4 8
1 9 0
1 4 0
1 1 1
1 24 4
1 11 2
1 20 4
1 0 1
0 25 2
0 26 6
0 27 5
0 28 3
0 29 3
0 30 3
0 31 0
0 32 4
0 33 6
0 34 2
0 35 0
0 36 0
0 37 3
0 38 9
0 39 3
1 1
1 0
1 2
1 3
1 5
1 4
0 6
0 7
0 8
0 9

