20
44 21 29 40 23 44 31 23 29 42 40 45 48 18 34 13 26 28 44 24 
1 20 10 5 3 7
1 18 11 6 4 10 12
1 7 1 8 9 2 0
1 17 11 5 7 6 3 4 8 0 1 12
1 6 1 2 9 5
1 9 1 9 5 12 4 2 7 3 18 11
1 13 9 1 8 2 18
1 3 12 8 1 9 4 3 14 7
1 10 12 4 2 6 0 9
1 1 0 10 8 14 17 5
1 26 6 12
1 15 11 3 2 0 20
1 4 1 5 9 7 4 13
1 12 9 1 6 3 2 14
1 21 9 3 2 11 17 16
1 11 10 5 0 7 12 9
1 24 7 6 5
1 22 9 8 5 0
1 5 5 3 0 10 4 1
1 0 1 10 9 4 7 0 11 18
1 16 9 12 2 11 5 7
1 23 9 6 3 8 2 4
1 14 9 2 3 12 10
1 8 9 8 12 4 11 10
1 25 11 6 8 18
1 19 8 4 5 3
1 2 7 1 4 9 3
0 27 20 19 2 17 7
0 28 9 7
0 29 20 16 15 9 2
0 30 20
0 31 1 9
0 32 15 14
0 33 6
0 34 14
0 35 13 14
0 36 10 20
0 37 12 18 6 20 16 19 5
0 38 7 14 9 12
0 39 20
0 40 16 14
0 41 1 6 9
0 42 10 17
0 43 2 10
1 1 7 0 13 11 12 17 10 5 3 14 2 19 27
1 0 12 3 15 4 5 1
1 10 8 1 3 13 17 25 19 22
1 7 15 3 0 13 8 7 16 17
1 2 4 16 1 17 10 5 9 0 8 2 24 21 18
1 11 14 11 12 7 9 15 16 5 0 28 20
1 12 2 1 12 15 17 13 14 0 8 23 3
1 5 2 9 1 0 11 7 8 20 10 21
1 9 10 0 1 14 12 8 18 24 23 19
1 4 6 17 9 5 15 10 13 1 23 19 3 27
1 6 15 1 13 6 8 12 7 4 3 5 25 10
1 8 5 4 6 13 11 14 7 0 15 2 8 26 19 28 18
1 3 8 2 7 1 10 5 3 9 12 13 4 16 25
0 13 5 6 20 22 16 17
0 14 21 11 20
0 15 13 19
0 16 0 26 27
0 17 27 18 5 9
0 18 3 20
0 19 22 12 23 0 8 18
0 20 27 26 23 14 18 10
1 2 23 13 4 8 17 21 6 19 9 22 33
1 11 5 11 13 10 19 14 27 20 17
1 7 6 14 17 1 3 2
1 1 4 9 22 31
1 9 16 22 24 28 39 23
1 0 9 0 19 13
1 5 16 9 31 34
1 4 24 18 1 6 35 34 15
1 12 12 22 18 13 1
1 8 20 1 21 7 19 5 8 22 18 0
1 3 4 23 20 10 19 5 11 15
1 13 8 1 11 12 23
1 10 3 15 21 0 11 9 5 25 14
1 16 4 18 16 2 7 21 15 24 17 27
1 17 22 2 7 18 11 4 28
1 15 3 10 2 11 1 9 13
1 14 16 11 12 24 23
1 6 8 19 16 14 20 9 10 33 3
0 18 32 38
0 19 0 36 6 18
0 20 38 1 12
0 21 34 29 30 39 23 21
0 22 4 36 37 14
0 23 5 22 15
0 24 6 35 37
0 25 1 19
0 26 7 16
0 27 1 12 17
0 28 7 26 18
1 3 5 7 9 6 2 10 8
1 11 8 9 6 13 11 4
1 21 2 6 3 1
1 15 8 12 4 2 6
1 12 3 4 6 10 8 22
1 10 9 2 11 10 6 1
1 2 11 10 9 1 8 6
1 17 12 2 9 11 20
1 14 9 4 2 1 11 3 16
1 0 8 3 5
1 22 6 3 7 0 4 15
1 24 9 12 20 8
1 23 0 9 2 6 13
1 13 8 9 6 5 0 1 22
1 8 6 10 3 13 0 8 11 9 14 21 5
1 18 12 1 0
1 20 13 0 12 3 4
1 5 7 1 9 2 4 16
1 19 6 2 12 8 15 3 11
1 7 9 7 1 8 3 0 17 22
1 1 12 7 8 10 20
1 16 3 6 12 2 13 8 20
1 9 3 0 10 7 6 4 8 12
1 4 5 7 4
1 6 7 1 0 6 8 22 5
0 25 17 9 4
0 26 5 15 1 11
0 27 11 22
0 28 16
0 29 17 13 12
0 30 19 18
0 31 7 17 13 8
0 32 13
0 33 3 22
0 34 11 4 6 12
0 35 6 1 20 7
0 36 5 0 14
0 37 21 0
0 38 16 4 6
0 39 1 17
1 9 14 23 8 21 20 15 1 7 2 40
1 4 2 0 24 26 9 21 12 18 8 5 1 16 43 42
1 6 3 22 19 9 7 1 5 24 34 35 32 31 30 2 42
1 11 13 17 4 16 10 0 24 19 6 12 3 31 35 30
1 10 13 25 18 6 16 19 12 14 10 22 4 26 37 5 39
1 5 8 10 9 1 3 6 36 26 27 5
1 13 10 7 17 2 1 16 11 21 14 20 8
1 1 11 22 8 15 4 27
1 3 9 1 6 22 25 26 7 5 16 14 15 24 20 40
1 8 18 19 9 20 17 14 5 29 43 31
1 0 5 4 21 15 20 11 9 13 12 3
1 7 20 25 10 8 14 4 16 26 19 13 12 5 0 21 37 38 35
1 12 12 16 22 23 24 17 0 4
1 2 15 26 23 9 10 21 7 27 18
0 14 30 20 10
0 15 2 22 9 19 1
0 16 41 40
0 17 13 32 33 41 12 15
0 18 10 38 1 2
0 19 39 27 42 0
0 20 40 4 23 30 29 16
0 21 28 6 16
0 22 15 43 5 1 10
1 11 2 8 4 0 11 15 29
1 18 3 15 4 2 7
1 12 8 17 3 12 13 10 2
1 3 16 4 9 18 12
1 7 13 8 4 28 20 19
1 5 10 1 17 18 9 7 19
1 8 7 14 17 15 16 13 10 3
1 22 5 0 2 11 30 21
1 16 8 11 6 18 2
1 6 14 6 17 15 9 3 16 5
1 25 7 5 18 3 24 21
1 0 9 18 30 21 12
1 20 16 7 9 14 22
1 17 18 14 5 0
1 26 5 18 12 3 1 16 15
1 1 11 10 20 6
1 21 1 0 2 13 29
1 24 14 18 5 9 8 28 4
1 10 8 4 12 18 6 1 5 7
1 19 3 14 10 7 11 5 12 23 18
1 9 11 0 12 9 8 3 1 16 22
1 14 1 9 17 14
1 23 8 6 5 2 13 16
1 15 11 4 12 7 2 10
1 13 18 2 5 10 14 13
1 4 3 9 17 4 14 10
1 2 18 4 17 2
0 27 11 0 27
0 28 16 20
0 29 23 19
0 30 28 6
0 31 16 5 21
0 32 17
0 33 23 26 16
0 34 10 21
0 35 25 26
0 36 2 27 15 26
0 37 3 21 22
0 38 1 30
0 39 0 5
0 40 6 0 19
0 41 16 8
0 42 14
0 43 23 28
1 1 6 10 8 7 3 15 19 22
1 17 3 8 11 13 9 0 21 6
1 14 5 0 1 3 6 10 7 8 12
1 9 10 9 4 5 13 12 2
1 5 7 8 1 6 9 2 10 3
1 18 2 3 0 1 7 11 19
1 4 7 9 3 6
1 13 3 10 7 4 13 8 11
1 16 7 8 0 9 3 12 18
1 2 1 9 8 2 3
1 0 4 13 2 11 6 15 16 22
1 10 3 2 0 8
1 8 11 9 4 8 1 10 6 12
1 3 12 7 2 11 0 6 4 14 20
1 15 3 2 7 0 9 10 6
1 11 13 8 9 2 7 11 5 3
1 12 11 0 8 13 6 5 15 16 22
1 6 1 5 3 6 10 2 11 8 7 13
1 7 13 2 8 10 5 12 7 3
0 19 8 20 19 17 1
0 20 12 5
0 21 3
0 22 11 2 10 7 17
0 23 1
0 24 19 4
0 25 10 13
0 26 1
0 27 21 18 8
0 28 3 17 15 21
0 29 22 14 17 10 19 15
0 30 18 2 1
1 12 5 1 17 16 12 8 7 6
1 11 7 9 12 10 1 3 4 14
1 2 16 4 9 5 15 10 0 1 3 11 6 17
1 5 15 2 6 8 14 5 4 10 0
1 0 15 1 11 13 5 4 10 9 16 28 0 3
1 4 5 15 7 6 17 3 2 20 0 13
1 1 17 1 16 9 5 7 11 4 15 8 19 6
1 10 13 0 9 16 2 12 11 10 26 23 5 25
1 3 13 11 8 14 6 5 12 16 9 7 2 19 18
1 7 0 13 12 7 15 4 16 9 10 3 11 23
1 8 7 11 9 15 1 14 4 13 12 0 16 27 20
1 9 3 9 10 4 17 14 5 2 23 26 19
1 6 10 7 16 4 13 9 2
1 13 0 12 17 7 4 3 14 8 9 20 23
0 14 6 11 12
0 15 24 20 5 11
0 16 13 8 7 26
0 17 24 9
0 18 15 21 28 7
0 19 8 28 25 16 2
0 20 18 7 6 20
0 21 25 6 9
0 22 19 22 1 2 14
1 13 5 16 15 4 7 3 8 1 0 11
1 9 4 18 7 25 13 20 16 29 28 41 0
1 16 15 18 9 19 30 6
1 7 5 24 15 13 18 11 22 16
1 6 3 20 6 10 4 1 25
1 1 25 22 15 18 1 14 21 37 17 3 20
1 2 0 18 15 23 5 12 1 4 25
1 15 20 16 19 15 6 0 12 17 4
1 10 1 9 14 24 8 19 30 38 16
1 4 10 13 17 3 7 9 21 23 1 2 33 27
1 12 2 12 18 13 11 16 34 38
1 5 18 11 2 14 19 0 32 40 17 36
1 14 5 12 20 1 8 18 16 27 33 9 3
1 3 23 11 5 4 24 22 9 13 25
1 17 8 6 5 10 16 12
1 0 20 19 17 4 10 2 1 12 11
1 8 19 7 21 24 14 17 3 5 37 32
1 11 8 3 10 24 7 13 23 5 15 25 40 33
0 18 4 39 10 38
0 19 25 40 16 31
0 20 17 10 1 20
0 21 22 0 36
0 22 11 41 34 5
0 23 31 28
0 24 14
0 25 12 36 35 18 33
0 26 29 35 24 21
0 27 26 3 31 14
0 28 34 8 18 31
1 4 2 23 19 16 28 1
1 0 23 15 22
1 14 9 2 14 16 21 11
1 19 15 11 5 16 14
1 9 12 4 36
1 11 6 24 17 14 2
1 23 16 4 22 5 10
1 24 3 7 9 5 10 38
1 25 18 5 15 25
1 21 10 22 6 13 26
1 6 11 1 6 8 0
1 13 24 9 1 36
1 20 8 3 5
1 2 20 0 24 37 11
1 5 24 11 15 14
1 18 15 13 9 14 19 22 32
1 22 12 22 7 13
1 1 3 13 23 11 32 4
1 16 0 13 11 14 16 7 30
1 12 12 14 16 3 2 1 23 17 20
1 10 6 21 27 36 22
1 15 19 5 24 16 35 23 39
1 7 24 20 9 19
1 3 11 12 16 23 4 24 31
1 17 0 17 5 14 3 33
1 8 0 7 23 19 4 20 17 32 27 29
0 26 22 2
0 27 33 31 26
0 28 14
0 29 15 27 6
0 30 39 5 0
0 31 29 19
0 32 23 26
0 33 20
0 34 1 11 0 30
0 35 38
0 36 34 36 38
0 37 24 8 23
0 38 8 25 11
0 39 25
0 40 3
0 41 25 15 18
1 8 19 20 0 25 14 26 22 43 8
1 13 14 3 19 11 44 2
1 0 22 23 10 12 40
1 9 2 10 27 8 23 33
1 4 14 12 18 7 21 24 11 2 39 23
1 18 17 9 0 12
1 7 15 24 22 8 37 0 1
1 24 13 39 0 22
1 17 11 10 2 20 8 16
1 19 5 20 7 11 2 4
1 22 17 27 26 9 14
1 1 21 0 3 8 16 2 12 26 23
1 15 16 26 21 3 5 27 40
1 5 21 13 22 17 42 31
1 20 24 23 22 20 1 18 40 2 42
1 11 14 19 26 17 22 29 40 13 27
1 21 9 25 11 8 38 33
1 12 24 6 12 14 16 2
1 23 15 23 17 8 9 20 1 11 34 38
1 10 15 27 23 17 12 3
1 6 11 7 18 13 0 10 28
1 14 1 27 20 21 2 3 5 0
1 16 4 25 16 23 20 0
1 2 21 20 6 22 28 43 35 19 7
1 3 2 22 0 16 13 10 11 27
0 25 5 13 29
0 26 4
0 27 41
0 28 25 33
0 29 33 36
0 30 36 32 5 41
0 31 32 7 17
0 32 5
0 33 35 30 1
0 34 9 24 14 21
0 35 5
0 36 31 42 25
0 37 5
0 38 18
0 39 8 35
1 4 26 28 4 5 21 20 40 34
1 25 27 29 28 20 22 7
1 6 5 9 15 27 39 23
1 3 16 12 20 0 38 3
1 17 18 4 17 21 28 27 32 42
1 27 6 35
1 7 24 16 3 5 19 9 1 37 17
1 1 8 1 15 9 21 38 4
1 14 6 20 23 7 4 3 1 27 28
1 24 0 17 23 12
1 10 8 19 16 5 10 2
1 21 10 5 27
1 2 20 2 14 12 37 39
1 20 24 17 26 27
1 15 3 5 17 18 16 2 45 34
1 9 13 22 12 26 25 14 2 29 9
1 22 23 24 25 29
1 19 5 22 7 29
1 11 7 27 28 5 24
1 16 9 29 11 0 46
1 26 0 28 3
1 5 25 12 2 13 5 41
1 0 20 13 1 17 7 30
1 13 24 15 4 3 44 47 2
1 23 9 18 24 0 15 8 46 22
1 8 21 12 27 10 11 9 29 17
1 12 16 11 2 3 39
1 18 3 14 2 15 22 19 34 18
0 28 36 35
0 29 31
0 30 30 15
0 31 20 15
0 32 33 15 9
0 33 5 34 27 46
0 34 46 42 25
0 35 2 3 27
0 36 26
0 37 46 4 32
0 38 7 47
0 39 43 0 4
0 40 19 38 13
0 41 41 43 14
0 42 1 14
0 43 18 23
0 44 19 34
1 28 0 5 1
1 8 6 0 1
1 25 6 7 10 5 8 14
1 15 4 3 9 5 15 13
1 11 9 0 8 2 6 7 3
1 1 6 7 3 9
1 26 5 3 10 17 7
1 12 1 9 13
1 3 8 6 2 7 3
1 6 10 2
1 22 1 8 7 9 10
1 0 7 6
1 4 6 9 0 17 16 14
1 5 4 1 3 7 6 0 12 14
1 2 7 6 1
1 13 5 0 2 9 12
1 20 5 3 17
1 9 9 3 0 7 5 6 4
1 24 1 2 5 0 7 10 8 11
1 18 0 9 4 8 2 12 1
1 7 3 7 8 9 0 2
1 10 6 3 1 8 9
1 23 2 1 8 5 0 14 11
1 16 5 3 1 11
1 21 9 6 5 10 8 7 0 12
1 17 5 4 6 8
1 19 10 6 8 3 4 7
1 27 8 4 9 6
1 14 2 0 7 8 4
1 29 4 10 12
0 30 2 17 0 8
0 31 3 8
0 32 15 9 11 14 13
0 33 6 16 0 11
0 34 5
0 35 8 15 6 5
0 36 13
0 37 8 14
0 38 13 17
0 39 6 2
0 40 14
0 41 3 17
0 42 9
0 43 1
0 44 2 12 3 7 11 15
0 45 11
0 46 1 14 9
0 47 4
1 7 17 1 2 19 0 8 20 5 4 12 3 18 27
1 5 4 6 20 14 1 0 5 2 31 13 24 18 3
1 0 8 5 9 3 11 17 13 16 14 26 19 4 18 33
1 2 11 10 3 8 5 12 20 16 18 27 13
1 6 3 10 9 11 19 15 1 14 20 17 25 33 29
1 9 9 3 11 13 10 12 2 17 15 5 18 19 4 23
1 1 16 15 5 19 13 2 11 7 10 14 0 9 26 3 8 17
1 3 18 7 13 14 19 11 16 10 2 15 0 17 6 3 5 21 12
1 10 20 12 18 7 14 4 27 28 17 8
1 4 3 0 12 19 18 10 8 22 25 30
1 8 18 10 3 20 16 12 17 14 15 6 24 28 11 2 13
0 11 17 27 0 14 26 16 33 19
0 12 11 23
0 13 26 27 28
0 14 22 29 31 32 27 6
0 15 21 30
0 16 33 8 26 6
0 17 25 24 17
1 2 0 2 5 1 12
1 6 4 2 0 5 3 1 7 9
1 14 0 2 5 4 1 8
1 13 7 3 6 2 4 1
1 20 0 4 6 5 3
1 3 0 1 7 4 5
1 19 4 0 2 8
1 7 7 6 0 5 2 3 1
1 4 1 5 4 2 3 7 8 11
1 15 7 6 2 3 12 5 8
1 8 7 2 0 1 6 4 5 9
1 10 2 4 0 7 5 3 11
1 11 2 4 6 7 5 3 1 10 8
1 9 1 6 7 5 4 2 0
1 0 5 7 2 12 10
1 17 4 7 2 0 6 9
1 1 3 5 2 1 7 8
1 5 2 0 5 7 6 1 4
1 18 0 7 4 6 2
1 12 2 3 7 6 1 4 5 0 11 8
1 16 1 6 3 7 4
0 21 5 12
0 22 0 3 7
0 23 9 7 1
0 24 4 9 7 8 12
0 25 12 7 5 1 11
0 26 4 12 10
0 27 5 12 3
0 28 9 0 7 10
0 29 7 11 0 3 1
0 30 8 12 5
0 31 6 10 2
0 32 1 10 11
0 33 12 2 5 11
1 4 3 4 14 8 9 12 10 6 15 11 5 0 7 13 1 24 25 16
1 1 2 3 12 11 8 5 0 13 7 9 10 14 1 16 24 21 22
1 3 11 10 13 14 8 5 9 15 1 4 12 0 3 6 7 21 18 19
1 5 1 15 0 10 4 9 11 2 7 12 14 6 17 24 8 25
1 6 12 9 14 8 15 7 5 6 13 10 2 21 16 3 22 20 11 24 4
1 2 6 9 3 7 4 15 14 5 2 0 8 12 1 11 13 10 19 25 23
1 7 0 8 5 12 1 4 7 15 6 13 9 14 11 10 22 20
1 0 7 5 3 4 10 6 2 0 1 11 9 13 19 21
0 8 18 20 16 2 4 22 19
0 9 22 20 9 1 3
0 10 2 15 5 18 9 10 25 0
0 11 22 8 21 24 12
0 12 25 23 5 16 6 15 4
1 8 14 10 16 15 6 26
1 3 6 2 11 0 5 4 15 10 20
1 7 9 3 11 8 15 6 13 22 18
1 6 16 8 2 0 13 5 12 15 3 4 10 22 27
1 15 1 0 15 12 14 7 6 2 13 18 5 23
1 4 13 10 11 16 4 9 24 8
1 10 9 14 15 6 3 8 5 19 24 0
1 9 1 3 4 11 13 2 17 22 6
1 14 14 5 3 4 10 9 27 8 7
1 1 16 12 7 11 0 5
1 0 5 8 2 15 9 7 20 10
1 2 4 7 16 8 12 2 11 6 14 3
1 12 1 12 10 4 6 11 2 9 13
1 5 6 12 0 16 5 11 15 22
1 11 15 0 3 10 14 12 5 13 8 27 22
1 13 13 10 8 6 2 14 9
0 16 5 20 8 7 17 1 14
0 17 2 17 26 23
0 18 26
0 19 23 26 1 5
0 20 21 4
0 21 24 3 9 13
0 22 25 21 17 6 2 22 4
0 23 24 19 20 15
0 24 12 21
0 25 18 5 20
1 6 22 23 25 19 5 6 12 40
1 16 7 5 25 23 1 18 16 13 8 9 11
1 7 8 3 24 13 26 22 23 5
1 10 12 21 5 18 3 0 22 35 38 39
1 4 21 2 13 23 5 22 15 19 37 9 10
1 8 1 5 16 13 34 20
1 11 14 18 13 7 20 24 2 3 42
1 3 20 26 24 10 3 14 43 34
1 0 4 11 10 7 20 22 32
1 12 7 23 17 24 26 14 10
1 9 21 9 15 16 24 19 17 18 0 25 5 43
1 1 20 6 10 26 13 0 15 8 2 21
1 15 0 8 1 13 20 12 14 7 3
1 13 20 14 6 7 15 18 12 33 43
1 14 17 15 1 20 38 40 0 13
1 5 19 11 0 13 25 14 39 17 18 31
1 2 19 12 9 23 6 14 13
0 17 26 32 36 14 3
0 18 27
0 19 21 24
0 20 16 30 41 0
0 21 29 35 40
0 22 37 31 4 7
0 23 11 25 10
0 24 33 5
0 25 15 7
0 26 18 15
0 27 29 28 10 1 15 31
1 22 14 13 7 2
1 19 4 5 13 7 2
1 6 13 7 8 3 9 23
1 14 10 8 6 5 0 21 1
1 4 1 10 9
1 8 1 9 13 4 12 5 8 0 10 17
1 5 4 8 1 5 11 13
1 25 14 4 6
1 12 14 0 1 23 19
1 21 10 5 14 6 12 22 8 19 7 2
1 2 0 5 9 2 7 11 13
1 0 7 1 8
1 11 7 10 6 1 21 17
1 10 7 2 6 0 9
1 20 13 10 7 6
1 13 3 1 2 6 10 0
1 17 7 8 10 3 6 0 4 14 9 2
1 18 14 2 7 0 20 21
1 24 10 13 3 19
1 1 11 12 9 10 1 22
1 16 3 7 0 6 11 4 13
1 3 6 1 9 2
1 26 10 14 23
1 15 5 3 2 6 0 4 12 19
1 9 10 12 5 7 9 0 18 13
1 23 5 14 13 12 22 4
1 7 2 12 6 1 3
0 27 20 8
0 28 10 18 13
0 29 6
0 30 11 14
0 31 3 21 14 9
0 32 7 15 4
0 33 9
0 34 1 18
0 35 1
0 36 10 7 16 21
0 37 5 17 18
0 38 8 16 19 0
0 39 2 3
0 40 22 16 7 21 14
0 41 13 22 20
0 42 14 6
0 43 8 1
1 8
1 1
1 5
1 9
1 13
1 7
1 11
1 6
1 2
1 3
1 12
1 0
1 4
1 10
1 14
0 15
0 16
0 17
0 18
0 19
0 20
0 21
0 22
0 23

