20
18 36 39 21 39 28 37 44 34 29 16 26 15 15 12 32 18 21 32 47 
1 4 12 17 21 5 20 14 10 3 6 2 31 27 11 33
1 1 20 7 8 13 16 4 25 0 12
1 5 5 10 8 3 14 9 12 15 17 4 7
1 2 1 18 2 11 0 20 13 16 5 4 19 17 26 30
1 10 10 12 2 16 17 13 22 32 3 30
1 0 19 0 8 5 9 15 21 23 3
1 9 10 11 7 6 21 4 2 9 20 25 35
1 3 0 6 11 13 17 7 18 8 4 9 14 27
1 8 2 4 17 7 20 21 9 12 11 26
1 7 15 3 6 9 14 11 17 4 18 19 7 28
1 6 5 3 16 10 11 19 7 0 1 29 8 25
0 11 7 26 14 1 12
0 12 1 26 34 20 18 25
0 13 28 23 32
0 14 24 1 9
0 15 33 27 32
0 16 12 14 28 15 33
0 17 4 30 35 24 22 0 15
1 1 19 14 16 0
1 10 18 22 19 21 11 23 17 0
1 9 22 11 13 6 2 21 18
1 14 19 17 13 16 12 25
1 16 21 0 23 1 19
1 6 4 3 17 13 7 20 32 10
1 7 9 8 0 22 4 35
1 8 15 22 1 3 0 34
1 5 21 9 12 7 14 13
1 15 8 1 13
1 20 17 7 23 6 5 37
1 18 9 5 3 8 15
1 21 23 0 15 12
1 19 8 9 21 10 26
1 12 2 12 20 1 13
1 3 14 20 0 1 9 4 32
1 4 14 18 1 4 21 11
1 2 22 7 13 20 5 34 11
1 11 6 16 20 12 13 0 25
1 17 1 10 23 7 6 16 2 5 8 31 20 24
1 0 22 1 14 11 12 9 3 13
1 13 2 9 15
0 22 4 29 33 28 13 25
0 23 8 2 6
0 24 14 5
0 25 19 20 6
0 26 15 24
0 27 27 9
0 28 7 30 33
0 29 13 24 36 2
0 30 3 30
0 31 9 35 13 21
0 32 28 5
0 33 11 26
0 34 9 38 32
0 35 10 1
1 18 11 7 12 8
1 6 7 4 18
1 20 12 15
1 11 7 0 4 15
1 9 4 6 10 11 12 9 8 5 0
1 22 8 9 1 7 15
1 13 1 4 3 6 5 12 8
1 2 6 2 11
1 21 12 1 4
1 1 10 12 2 6 17
1 17 12 11
1 0 6 2 10 3
1 16 6 3 0 8
1 10 10 11 6 2 12 8 0
1 12 4 8 1 5 0 6 14 18
1 14 3 1 11 4 5 0
1 5 4 9 10 7 6 3 20
1 23 8 18 7
1 8 5 1 2 4 7 16 3
1 7 2 0 6 9
1 4 6 12 7
1 19 0 9 6 1 8 3 12
1 3 5 9 2 17 11
1 15 7 1 3 5 9 0 13
0 24 16 18 13 12
0 25 0 19 17
0 26 5
0 27 14
0 28 8 20 18
0 29 10 14
0 30 5 7 19 17 0
0 31 9
0 32 0 13
0 33 5 15
0 34 12 14
0 35 16 3 9 15 18
0 36 5 0
0 37 4 5
0 38 5 2
1 10 7 10 2 14 21 0 13 30 32 33 23
1 12 14 3 6 11 1 22 35 16 28 38 10
1 3 0 22 21 12 18 5 19 11 36 14 25
1 9 1 16 23 15 9 21 17 7 25 27
1 5 19 4 2 0 10 3 12 13
1 1 9 12 20 8 6 22 23 0
1 0 2 17 1 13 8 34 30
1 4 18 2 22 6 14 3 34 23 19
1 11 1 8 21 6 15 5
1 6 20 5 9 26
1 2 11 8 18 22 9 7 17 37 3
1 7 13 5 9 3 21 0 14 29 22
1 8 15 21 7 23 8 16 30 35
0 13 22
0 14 31 24
0 15 1 27 28 31 9
0 16 24 18 6
0 17 22 16 13
0 18 38 28 7 13 17
0 19 12 19 30 38
0 20 29 26
1 5 14 6 0 3 16 27 10 11
1 11 15 2 14 6
1 4 0 16 4 1 11 2 13
1 14 16 5 8 13 10 1 20 14
1 8 15 9 0 13 12 3 10 21 25
1 18 7 15 13 3 6 5
1 17 7 14 2 3
1 23 5 22 0 6
1 3 16 9 12 5 22
1 16 3 10 8 14
1 22 10 15 5 3 8 19
1 13 14 10 5 1 22 18 9
1 9 10 4 14 6 11
1 10 5 4 8 16 0 2 12 13 7
1 15 0 13 15 8
1 19 15 7 10 6 19
1 0 15 9 14 16 1 17
1 1 12 6
1 12 10 12 16 8 6 5 9 4 15 1 14
1 20 13 7 0
1 2 0 9 14 6 11
1 6 3 9 25
1 7 1 11 9 15 4 24
1 21 3 11 5
0 24 16 25 0
0 25 13 27 7 20
0 26 14
0 27 19
0 28 11 26 5
0 29 23 26
0 30 0
0 31 15
0 32 17
0 33 24
0 34 14 24
0 35 1 21 14 9
0 36 18
0 37 0 15 1
0 38 4 7
1 7 22 10 11 16 17 12 3 13 21 6
1 0 21 17 20 19 16 32 28
1 9 8 19 13 11 17
1 10 1 3 9 14 17 4 25 8 29
1 5 22 13 10 20 35 1 8 27
1 15 0 18 22 1 10 13 17 9 15 16 2 21 36
1 6 15 4 11 20 8 16 1 21 31
1 16 5 16 9 15 14 27 26
1 12 2 16 10 22 5 13
1 3 1 5 22 4 27
1 13 13 16 12 21 15 18 11 33 9 26 10 19
1 14 18 3 16 2 19 11 15 13 27 20
1 2 21 7 1 15 20 22 10 8
1 8 6 12 5 4 22 0 10 9 15 8 29 14
1 4 17 3 15 25 22
1 11 19 16 10 2 9 4 21 18 24
1 1 22 20 17 3 8 9 19 7 21 34
0 17 15 4
0 18 14 9 6
0 19 36 30 3
0 20 3
0 21 31 4 33 34
0 22 19 8 25
0 23 29 14 1
0 24 26 28 29 32
0 25 30
0 26 22 24 3 31
0 27 26 23 24 7
1 16 17 4 15 33
1 10 19 11 5 6 37 43 35
1 22 22 11 23 39
1 5 15 6 8 13 19 34 14
1 12 17 14 13 12 5 3 8 30 19
1 13 0 8 14 13
1 8 2 21 0 16 1 24 42
1 3 10 0 8
1 7 6 24 11 42
1 17 9 2 22 40
1 18 18 3 8 21 22 15
1 21 5 17
1 6 16 26 7 21 27 31
1 20 22 4 26 5 1 38
1 19 4 23 3 17 11 40
1 15 20 2 21 23 41 18
1 11 17 25 0 13 22 38
1 9 1 12 24 0 17 39
1 14 15 21 20 12
1 2 13 6 9 8 0 36 11
1 0 22 3 9 4 6 41 0
1 4 17 24 2 9 25 19 10 3
1 1 7 20 9 35
0 23 39 40
0 24 32 28 43
0 25 9 40 15
0 26 33 41 37
0 27 25 28
0 28 23
0 29 2 43
0 30 0 28 6
0 31 26 19
0 32 13
0 33 32 29 28 0
0 34 38 39
0 35 39
0 36 31 12
1 5 11 31 29
1 21 3 6 1
1 11 10 4 19
1 0 18 13 30
1 2 16 6 10 14
1 16 8 4 2 15 3 20 26
1 4 19 13 2
1 1 19 2 10 17 14
1 24 6 1 8 9 0 12 3
1 10 14 0 13 10
1 3 10 12 16 5
1 26 12 32 1
1 6 15 11 14 1 10 27
1 8 3 10 13 18
1 19 5 4 9 3 32
1 17 3 17 12 23
1 20 1 3 19 4
1 25 12 7 0
1 14 5 20 10 8
1 7 6 14 3 5 18 19 27 30 33
1 13 4 15 1 25
1 12 15 13 7 14 2 9 3 25
1 23 8 1 3 19
1 22 19 3 0 7 29
1 9 5 10 9 23
1 18 9 15 1
1 15 12 13 7 11 9 1 14 22
0 27 22
0 28 25 21
0 29 1
0 30 15
0 31 15
0 32 6 26 5
0 33 8 29
0 34 24 33
0 35 28 11
0 36 6
0 37 31 10 6 16 8 25 14
0 38 2 17
0 39 29 20
0 40 16 33 13
0 41 33 32
0 42 14 3 33 30
0 43 14
1 20 4 16 11 25
1 15 15 11 14 4 8 10 17
1 7 8 1 12 24 25
1 19 5 17 0 11 13 4 16
1 11 3 10 16 15 13
1 3 12 0 2 1 5 17 8
1 12 0 12 1 17 16 27
1 13 6 16 14 13 0 12
1 14 14 8 17 7 0
1 17 17 13 12 9 4
1 9 7 17 15 1 8 11
1 8 15 1 10 7 3 21 28 0
1 18 14 3 27 20 8
1 6 12 9 17 7 0
1 4 8 16 9 4 20 18
1 5 10 8
1 1 2 7 1 16 6 5 17 10 26
1 0 7 17
1 2 14 0 5 9 21
1 10 2 9 4 11 17 23
1 16 12 0 10 4 19
0 21 16 26
0 22 11
0 23 7 6
0 24 22 21 3 15
0 25 2 18 28
0 26 11 24
0 27 6 20 27 13
0 28 19
0 29 11 27
0 30 8
0 31 6 21
0 32 18 2 10
0 33 22 23 9 14
1 10 7 6 9 1 3 2 10 14
1 12 7 0 4 9 5 12
1 1 9 5 6 1 0 3 12 11
1 9 6 7 1 5 0
1 16 8 1 6 9 11 7
1 0 6 2 0 10
1 2 1 5 2 10
1 6 1 8 6 3 0 4 5
1 5 2 3 8 6 9 7
1 3 6 7 5 0 3
1 11 3 6 7 13 15 14
1 15 0 7 8 4 6 9 3 14
1 8 3 1 7 0 5 12 4
1 17 7 1 10 0
1 14 6 1 7
1 4 4 3 6 0 1 9 2 5 15
1 7 3 8
1 13 9 2 4
0 18 4
0 19 6 0
0 20 8 2 1
0 21 4 9
0 22 9 7 0
0 23 6
0 24 14
0 25 3
0 26 2 7 12 3
0 27 0 15 1 5
0 28 0 4 2
1 0 0 13 9 2 11 6 22 1
1 5 8 5 15 13 2 0 22 12 17
1 2 7 15 13 6 4 14 11 1 9 5 18 8 23
1 4 4 9 14 1 6 7 13 12 5 10 15 25 24
1 6 10 1 4 5 8 12 7
1 3 0 3 11 13 14 8 1 6 7 4 9 16 21
1 1 7 0 10 1 24 25 23
1 9 8 7 4 14 12 6 3 15 13 16 17 23 20 1
1 8 7 15 8 9 12 3 11 0 1 19 4 24
1 7 2 6 12 15 0 8 13 9 16
0 10 23
0 11 12 14 11 21 22
0 12 18 23
0 13 11 17 7 9 18 13 4
0 14 20
0 15 18 7 21 6 19 3 8
1 2 6 2 8 3 5
1 3 7 8 1 6 5 2
1 8 0 8 2 6 9 10
1 12 6 0 8 5 7
1 10 1 7 2 6 0 9 4
1 1 1 7 3 5 2 14
1 4 8 3 6 5 4 1
1 11 1 7 5 0 12
1 13 6 5 0 7 8 4
1 9 0 4 6 7 1 3 2 11
1 7 8 5 4 6 1 12
1 5 5 8 7 14
1 14 4 6 7 0 3 1
1 6 0 1 4 2 5
1 0 1 4 2 3 14 12 8
1 15 1 4 6 0 7 2
0 16 4 8
0 17 10 9 5 6
0 18 3 14 9 4 5 1
0 19 13 6
0 20 6 7 14
0 21 3 2 9
0 22 1 11 9
0 23 5 10
0 24 7 5
0 25 0 1 2
1 8 4 2 1 0 5 3 7 8 6 12
1 3 0 7 4 5 1 8 3 6 2 14 12 10 11
1 0 6 1 4 2 7 0 5 8 3 9
1 1 6 7 8 3 4 5 2 1 0 14 10
1 5 5 7 1 0 2 6 4 3 8
1 4 0 3 1 2 5 6 4 8 7 10 12
1 7 8 2 5 7 3 1 6 4 0 12 10
1 6 8 7 6 2 4 0 1 3 5 9 14
1 2 1 4 5 3 7 2 6 8 0 10
0 9 13 9 3 8 7 10 12
0 10 10 9 4
0 11 8 4 11 10
0 12 6 9 13 0
0 13 2 0 6 12 3
0 14 11 5 10 8 2 6 14 7 0 9
1 0 4 0 3 2 5 1 6 11 8 7
1 1 4 1 6 2 0 3 5
1 2 3 4 5 0 2 1 6 11
1 3 1 2 0 5 3 4 6 8
1 4 3 5 6 1 4 2 0 10 11
1 5 4 6 1 0 5 2 3
1 6 5 0 2 1 4 6 3 8 9 10 7
1 7 5 4 1 0 2 6 3 8
1 8 3 4 0 6 5 2 1 10
0 9 8 10 3
0 10 4 5
0 11 4 2 1 9
0 12 11 7 1 0 3 5
0 13 4 10 9 5
0 14 9 11 2 10 5
1 1 18 0 2 3 6 7 9 12 14 13 8 16 15 25 20
1 6 17 19 15 11 1 18 4 7 9 20
1 0 13 5 11 16 0 3 15 4 2 7 19 10 21 23
1 3 8 6 10 12 19 3 7 14 9 15 13 5 29 24 16
1 4 9 4 19 18 12 5 3 14 16 17 27 10 2 6
1 2 15 0 17 14 5 4 10 3 7 22 30 11 25 18
1 5 15 1 7 14 0 18 10 3 9 5 12 4 11 20 22 16
0 7 28 24 19 10 9 7 29 2
0 8 9 20 5 3
0 9 31 23 12 8 19
0 10 28 26 16 7 24 18
0 11 6 10 18
1 14 0 5 8 4 9 1 3
1 9 4 5 9 8 0
1 2 8 4 2 9 13 3 7
1 4 7 5 8 9
1 13 7 0 4 9 3 10 16 8
1 15 6 7 5 0 16 4 9
1 19 5 6 9 11 10 3 1
1 7 8 6 0 12
1 1 8 7 1 5
1 17 5 10 3 7 9
1 6 3 9 8 10 2 1
1 16 4 5 0 6 9
1 5 5 7 6 1 8
1 10 4 2 5 0 10
1 12 1 0 4 10
1 3 2 4 6 9 7 1
1 0 6 4 8 11
1 8 5 7 4 13
1 18 1 9 3 12
1 11 1 4 0 3 16 5
0 20 2 5
0 21 17 14 0
0 22 12
0 23 8 1
0 24 4 15 5 0
0 25 8 0
0 26 4 2 10 14
0 27 14 11 13
0 28 1 10 0
0 29 8
0 30 12 11 9
0 31 10
1 9 2 5 4 7 8 0 1 11 17
1 5 12 4 6 1 11
1 0 5 9 6 10 1 8 7
1 8 11 10 3 8 5 0 2 12 6 18
1 3 11 10 9 6 3 4 7 8 2 20 5 1
1 10 0 11 3 5 8 4 12 10 9 1 18 6 7
1 4 5 3 10 0 6
1 2 8 6 4 1 2 9
1 1 1 7 5 6 9 8 10 20 16 4
1 7 11 0 3 5 1 8 4 7 17 12 14
1 6 1 2 11 3 4 7 19 5
0 11 4 13 18 11 19 1 16 9
0 12 3 14 0 15 4 1
0 13 1 9 15
0 14 9 14 16 6
0 15 16 4 12
0 16 12 15
0 17 9
1 9 0 7 9 3 10 5 17 2 6 25
1 1 3 5 17 19 0 7 1 13
1 8 15 16 19 7 14 8 6 17
1 6 11 18 17 10 9 4 19 29 31 25
1 7 6 4 0 19 17 8 16 14 7 22 10
1 10 10 8 11 7 5 2 9 23 18 21
1 0 0 1 19 15 2 18 6 24 28 22 12
1 5 3 14 1 18 7 19 17 2 24
1 4 11 13 15 6 7 2 10 8
1 3 6 16 18 0 2 12 19 4 15 8 31 25 1
1 2 0 13 15 8 10 7 18 27 23
1 12 12 14 10 8 7 16 4 2 13 27 3
1 11 12 2 16 4 11 7 6 9
0 13 20 8 16
0 14 2 26 31 14 17
0 15 4 20
0 16 4 21 9 24
0 17 23 13 21 14 17 20 9
0 18 12 15
0 19 0
0 20 19 25 30 13 26
1 4 12 19 23 15 21
1 0 16 24 19
1 12 5 7 18 10 27 23 36 2
1 10 5 15 20 0 34
1 11 8 26 23 35 42
1 5 23 6 22 27 10 17 4 18
1 7 25 0 11 18 28 35 42
1 17 20 9 7 28 11 36
1 9 13 3 10 20 2 26 9 6
1 18 13 7 28 5
1 15 8 28 6 3 15 12 27
1 8 16 2 22 13 19 46 41
1 16 20 27 1 14 7 11 33 40 5 8
1 6 21 11 22 18 44
1 19 8 12 7 14 10 35 23
1 2 6 17 26 13 5 27 2 18 15 4 44 14 46
1 14 18 9 14 19 12 7 31
1 13 1 0 15 28 6 3 27 33
1 1 24 25 12 19 0
1 3 4 11 24 17 13 28 5 14 42
0 20 28 33 42
0 21 43
0 22 41 31 8
0 23 16 37 39
0 24 21 20
0 25 29 42 45 12 8
0 26 10 30 37
0 27 38 46 20 40 37 27
0 28 32 6
0 29 21
0 30 21
0 31 34 29
1 16
1 25
1 8
1 19
1 1
1 20
1 10
1 26
1 28
1 22
1 15
1 14
1 21
1 17
1 27
1 6
1 13
1 2
1 11
1 7
1 18
1 4
1 23
1 12
1 0
1 3
1 5
1 9
1 24
0 29
0 30
0 31
0 32
0 33
0 34
0 35
0 36
0 37
0 38
0 39
0 40
0 41
0 42
0 43
0 44
0 45
0 46

