13
42 8 26 47 8 26 47 18 26 10 42 26 13 
1 13 3
1 14 3
1 7 4
1 0 1
1 1 1
1 8 4
1 15 3
1 2 1
1 9 4
1 3 1
1 21 2
1 4 1
1 10 4
1 5 1
1 22 2
1 16 3
1 17 3
1 23 2
1 24 2
1 11 4
1 18 3
1 19 3
1 20 3
1 6 1
1 12 4
1 25 0
0 26 7
0 27 3
0 28 6
0 29 4
0 30 3
0 31 0
0 32 1
0 33 4
0 34 7
0 35 6
0 36 3
0 37 1
0 38 1
0 39 1
0 40 5
0 41 4
1 4 0 20 25
1 0 9 2 11
1 3 8 1 4 10 12 23
1 2 15 3 5 16 24
1 1 14 6 7 13 19 21
0 5 22
0 6 6
0 7 22 17 18
1 14 6 27 46
1 4 20 28 34
1 0 9
1 12 12 10 44
1 13 16 18
1 8 19 3 14 23 30 40
1 6 4 36
1 3 11 43
1 15 21 13
1 1 25 0 2 22
1 11 7 8 17
1 2 5
1 9 7
1 5 21 1 24 38
1 7 15
1 10 15 26
0 16 19
0 17 12
0 18 16 37
0 19 13 31
0 20 29 39
0 21 45
0 22 10
0 23 11
0 24 17 33
0 25 32 35 41 42
1 9 3
1 8 1
1 5 1
1 20 2
1 11 3
1 6 1
1 28 4
1 16 3
1 25 4
1 4 1
1 23 4
1 7 1
1 21 2
1 27 4
1 2 0
1 12 3
1 26 4
1 17 3
1 18 3
1 13 3
1 15 3
1 24 4
1 0 0
1 14 3
1 1 0
1 10 3
1 22 4
1 19 3
1 3 0
0 29 0
0 30 6
0 31 5
0 32 6
0 33 0
0 34 7
0 35 0
0 36 1
0 37 6
0 38 4
0 39 6
0 40 5
0 41 5
0 42 5
0 43 7
0 44 4
0 45 5
0 46 2
1 0 15 2 3 22 24
1 1 8 0 9 14
1 3 6 7
1 2 13 5 10 12 20
1 4 4 1 11 19 23
0 5 9 21
0 6 7 16 25
0 7 7 17 18
1 10 26 0
1 14 11
1 2 21 35
1 3 19 12 43 45
1 15 8 5 24 25
1 11 27 20
1 4 16
1 12 4
1 0 13
1 6 6 22
1 8 28 17 42
1 13 1 23
1 1 13 14
1 7 9 7
1 9 26 2 18
1 5 15 3 10 30 34
0 16 10 36 40
0 17 32 33
0 18 8 31
0 19 0 29
0 20 3 38 44
0 21 20
0 22 46
0 23 37
0 24 11 39 41
0 25 15
1 12 0
1 11 9
1 4 2
1 18 6 16
1 19 6
1 16 4
1 6 8
1 2 1
1 25 3
1 24 3
1 9 9
1 21 6
1 7 7
1 0 1
1 1 1
1 5 2
1 10 9
1 13 0
1 22 3
1 8 7
1 15 4
1 3 10
1 17 6
1 28 5
1 26 3 11
1 27 3
1 23 3
1 20 6
1 14 4
0 29 0
0 30 13
0 31 14
0 32 0
0 33 5
0 34 15
0 35 17
0 36 6
0 37 13
0 38 4
0 39 3
0 40 14
0 41 7
0 42 2
0 43 15
0 44 12
0 45 7
0 46 0
1 6 4
1 0 10
1 2 7
1 9 2
1 7 2 11 14 22
1 10 8
1 8 2 21
1 4 15 1 5
1 3 2 9 12 20
1 5 13 3 6
1 1 10 0 18
0 11 10
0 12 8
0 13 2 24
0 14 12
0 15 23
0 16 17
0 17 19 16 25
1 3 4
1 9 5
1 14 1
1 11 5
1 10 5
1 6 3
1 2 0
1 4 4
1 15 2
1 0 0
1 1 0
1 13 5
1 5 3
1 12 5
1 8 3
1 7 3
0 16 6 8
0 17 2
0 18 7
0 19 9
0 20 7
0 21 3
0 22 5
0 23 0
0 24 5
0 25 2
1 0 21 4 10 16 19 27 32 34 41
1 4 13 11 12 18 26 36
1 5 17 1
1 2 24 0 2 5 9 14 23
1 1 20 6 15 25 33
1 3 3 7 8 22 28 29 30 35
0 6 20
0 7 37
0 8 24 40
0 9 2 31 38 39
1 5 7
1 23 13
1 13 8
1 3 11
1 1 11 19
1 22 13
1 4 7
1 21 10 2 17 22
1 24 3
1 9 9
1 14 14
1 20 15
1 18 12
1 8 5
1 15 14
1 12 8
1 0 4
1 25 6
1 16 14
1 2 11
1 6 5
1 17 12
1 11 1
1 10 1
1 19 12 0
1 7 5
0 26 16
0 27 23
0 28 3
0 29 14
0 30 13
0 31 0
0 32 6
0 33 7 20
0 34 25 18
0 35 21
0 36 8
0 37 9
0 38 0
0 39 8
0 40 1
0 41 24
1 9 1
1 5 4
1 11 3
1 14 5
1 0 2
1 3 4
1 15 5
1 2 4
1 6 7
1 4 4
1 12 0
1 1 2
1 8 1
1 13 5
1 7 1
1 10 7 6
0 16 1
0 17 7
0 18 12
0 19 9
0 20 5
0 21 0 10
0 22 5
0 23 5 8
0 24 9
0 25 11
1 6
1 3
1 0
1 5
1 1
1 7
1 4
1 2
0 8
0 9
0 10
0 11
0 12

