13
18 17 14 20 18 22 11 22 10 24 20 23 9 
1 11 6 16
1 9 0 11
1 13 8 3 1
1 14 11
1 3 4 6
1 8 1 9 5
1 2 10 5 7 8
1 4 1 2 7
1 1 7
1 0 4 3 2
1 7 7 12 9
1 6 2 1
1 12 6 5
1 10 6 8 0
1 5 11 13 2 14
0 15 2
0 16 10
0 17 15 14
1 5 4 8 7
1 13 6 12
1 0 2
1 8 1 0 6
1 1 9 0
1 2 0 2 5
1 10 10
1 4 4 5
1 11 4 3 6
1 9 3 4
1 3 5 0
1 12 3 6 1 11 13
1 7 0 6
1 6 4 7 10 1
0 14 2
0 15 10
0 16 2
1 2 15 13 10
1 6 2 5 12 7 18 19
1 0 11 6
1 10 14 1 9
1 4 11 1
1 5 1 12 11 16
1 9 2 1 7 11 4
1 3 2 10 3
1 8 1 4
1 1 3 0 10
1 7 7 8 9 6 14
0 11 6
0 12 9
0 13 4 17
1 1 7 1
1 10 10 12 9 2
1 14 14 2
1 4 8 11
1 11 9 16
1 3 8 17
1 0 7
1 12 9 4 14
1 13 5 0
1 8 14 13
1 6 1 4 9
1 7 2 3
1 9 6 0
1 2 10 4
1 15 2
1 5 11
0 16 5 15
0 17 2
0 18 10
0 19 8
1 9 17 9 0 16 10
1 5 7 12 2 6
1 14 5 10
1 2 11 0
1 7 5 3 14
1 12 5 1
1 8 8 17 10
1 1 2 13 8
1 4 16 0 14 2
1 10 8 5
1 0 4 9
1 6 17 15 2
1 11 6
1 3 14 10 4 7 8
1 13 15 18 20
0 15 5 12
0 16 21 19
0 17 2
1 8 6 2 10 0
1 7 2 0
1 2 0 3 4
1 4 2
1 0 3 5
1 17 6 8
1 12 2 8 1 5
1 10 0
1 6 5
1 3 2
1 13 7 4 0
1 5 1 3
1 14 1 8 0
1 1 5 3
1 9 0
1 16 0 7
1 15 6 5 1 7
1 11 3 7
0 18 8
0 19 7 8
0 20 5
0 21 9
1 4 13 7 9 11 17 8
1 5 15 10 9
1 2 13
1 0 3
1 1 5 4 6 14 8 17 3
1 3 15 14 5 3 18
1 6 15 0 12 2 21
1 8 1 8 15 19
1 7 8 2 16 5 15 20
0 9 4
0 10 2
1 5 7 0
1 8 4 0
1 10 1 5
1 0 7 5
1 13 3 5 0 1
1 17 1
1 3 4
1 9 2
1 12 3 2 4
1 11 3 0 7
1 6 7 6
1 15 1 0
1 14 1 6 7
1 7 2 7 1
1 1 5 2
1 16 1
1 4 5 6
1 2 4
0 18 8
0 19 6
0 20 1
0 21 1 9
1 4 3 13 4 15 1 23
1 7 4 16 13 20 22
1 3 17 9 8
1 6 12 14 18 13
1 2 6 10 11 15 21
1 0 6 0 19 18
1 5 5 8 14 3 13
1 1 2 1 7 16 5 13
0 8 18
0 9 16
1 4 11
1 0 6
1 3 15 11 7
1 16 13 0
1 19 9 2 18
1 2 5 8 6
1 8 15 7 10 19
1 10 10 4
1 7 6 10
1 11 3 14
1 1 4
1 18 12 1
1 14 14
1 13 14 13
1 17 3 0 1
1 6 7
1 15 13 1
1 12 11 12 5 0
1 9 6 9
1 5 5 14 17
0 20 7
0 21 9
0 22 11
0 23 8 16
1 15 0
1 13 2 15 7 5
1 14 6
1 6 13 3
1 3 12
1 0 1
1 1 7 16 12 9
1 5 18 15
1 9 16 0 3
1 12 5 17 12
1 11 5 8 13 14
1 4 10 9 16 12 20
1 10 3 12 8 2
1 7 14 4 11 15 21
1 8 14 13 12
1 2 18 9
0 16 19
0 17 15
0 18 2
0 19 11 22
1 17 3
1 0 6
1 18 3
1 7 1 2 5
1 1 6
1 15 3 5
1 13 3 0 8
1 5 1 2
1 11 6 3
1 10 5 2
1 9 0
1 4 1
1 6 2 1
1 8 0 2
1 14 4
1 12 5
1 3 1
1 16 4
1 2 1 6
0 19 1
0 20 6
0 21 3
0 22 7
1 3
1 1
1 2
1 6
1 5
1 4
1 0
0 7
0 8

