13
18 36 39 21 39 28 37 44 34 29 16 26 15 
1 8 6 7 14 2 1 0 20 13 15 3 30
1 6 14 0 10 16 17 7 3 4 18 27 12 11
1 7 21 3 18 9 8 12 0 1 13 7 16 10 28
1 5 4 9 3 18 10 7 12 11
1 0 6 9 21 16 8 10 11 0 1 15 5 24 28 35 32
1 2 21 18 10 6 7 4 1 9 33 12 25 30 23
1 3 18 13 5 1 10 4 15 11 24
1 10 12 2 18 15 6 0 19 11 5 7 26 4 27
1 9 20 13 9 8 18 17 6 29 31 32
1 4 5 8 11 15 19 10 4 17 22 23 26 9 7
1 1 1 7 5 12 11 16 34
0 11 19 34 35 5
0 12 15 35 33 31 7
0 13 28 21
0 14 30 29 3
0 15 25 2 7 13 3 32
0 16 18 23 21 0 35
0 17 9 27 10
1 14 8 9 22 14 20
1 2 7 11 14 22 19 1 3 38
1 12 6 16 4 7 32
1 9 18 22 9 19 17 3 29 14
1 10 4 12 13 20 2 22 16
1 4 21 14 19 37 27
1 16 19 17 23 8 27 13 9 22
1 8 19 12 10 2 22 1 23 31
1 5 18 8 16 2 13
1 0 22 5 21
1 1 19 1 20 5 21
1 3 21 16 10 2
1 20 4 0 14 17 12 20 3 11
1 18 9 4 12 0 32
1 7 15 13 2 7 11 4 5 18
1 15 21 17 14 20 2
1 6 8 1 19 7 9 4 13
1 17 17 20 10 21 4 7
1 19 9 17 4 6 11 34 20
1 21 23 10 6 12 17 33 27 38
1 13 8 3 10 20 6 14
1 11 2 7 21 6 17 4 0 20 1 13 8
0 22 20 6 1
0 23 35 30
0 24 25
0 25 22 36 3
0 26 2 30 21
0 27 6 38 0
0 28 24 34 21 3 9
0 29 16
0 30 24
0 31 21 26 31
0 32 12 28
0 33 14 27
0 34 12 18
0 35 8 32 28
1 11 6 5 4 1 9 14 12
1 1 1 2 10 8 11 0 15
1 9 4 3 11 12 7 0 14
1 7 10 4 11 5 0 12
1 21 4 9 7 3
1 8 5 7 11 4 6 1 20
1 20 6 8 12 5 17 13
1 4 11 12 1 0
1 16 7 10 3 8 9 12
1 12 12 10 9 2 1 11
1 14 7 9 1
1 10 4 19
1 23 8 3 6
1 0 1 3
1 18 6 8 12 9
1 19 12 3
1 6 10 5 1 7
1 22 12 5 7 4 20
1 13 6 0 9 3 16 12
1 3 6 1 8 19
1 15 10 9 0 3 8 5
1 2 4 7 6 2 11 10 3
1 5 3 11 1 7 10 5 2 9
1 17 4 1 0 12 8
0 24 18 14 10
0 25 17 10 13
0 26 15
0 27 17
0 28 13
0 29 6
0 30 4 16
0 31 12 8
0 32 11 10
0 33 5 4 3
0 34 7 12
0 35 17 4
0 36 4 6
0 37 1 0
0 38 2 0
1 8 13 21 8 6 0 19 22 16
1 1 12 11 17 21 20 22 16 6 10 0
1 5 12 8 22 15 23 13 16 3 10 19 5 37 14
1 4 10 23 15 22 11 8 0 26 32 19 33
1 6 6 4 15 0 12 5 10 13 7 28 35
1 10 20 22 11 6 8 10 3 21 23 19 24 34 1 28 31
1 2 7 14 17 15 19 9 23 16 18 38 34 21 32
1 7 14 8 2 5 11 6 7 12 30 17
1 9 0 5 21 3 9 12
1 12 1 5 7 23 21 35
1 3 19 18 21 15 23 5 0 25
1 0 9 16 22 2 4 18 15 17 8 32 1 26 37 31
1 11 2 3 10 13 20 21 1 17 5 14
0 13 31 22 36 18 21
0 14 15 33
0 15 27 30 0
0 16 12 23 9 4
0 17 15 36 7 25
0 18 37 29 27 14 6
0 19 14 4 23
0 20 7 9 26
1 18 6 12 24 23
1 22 9 16 5 0 2 27 1
1 21 9 7 13 1 0 3
1 16 2 13 10 4 8
1 4 14 2 11 0 16 15
1 1 15 14 4 5 8 16 9 27 1 2
1 15 0 1 5 16 10 26 2 15
1 12 16 12 8 22 15 9
1 13 15 5 14 7 2 9 23 4 8
1 23 7 13 9 15 1
1 7 7 10 12 8 9 11 16
1 6 5 8 12 22
1 20 16 4 0 2 12 3
1 17 3 8 11 12 4 2 9 16 17 5
1 9 10 8 16 2 26 12
1 0 14 0 11 7 1
1 2 10 8 6 2 15 23 12 18
1 3 5 8 0 11 2 19
1 8 0 6 7 5 12 14 15 24 8 3
1 10 15 13 12 6 8 1 5 4
1 14 15 11 10 5 2 9 13 12 17 18
1 11 12 0 14 5 2 10
1 5 10 13 12 14 7 15 19
1 19 13 5 2 15 1 3 0
0 24 4 24 5 3
0 25 22
0 26 2
0 27 25 19 11
0 28 5 27
0 29 3 12 18 7
0 30 16 4
0 31 13 16 21 22
0 32 17 8
0 33 21 20 27
0 34 5
0 35 7 12 15
0 36 15
0 37 14 4
0 38 16 18 2 0 19
1 9 10 11 20 2 17 3 18 0
1 11 13 3 8 2 22 11 7 26 34 0
1 15 12 7 17 3 0 19 16 2 14 25 13
1 14 12 14 19 3 13 22 10 20 35
1 5 22 10 2 29 19 9 13 35 24
1 6 21 15 11 7 22 5 18 1 31 25 23
1 8 8 16 11 13 20 4 3
1 7 1 4 5 9 21 13 23 33 18 12 6
1 2 22 6 11 10 17 2 1 3 16 18 31
1 16 0 15 19 12 20 7 2 16
1 3 15 9 13 1 6 0 19 20
1 0 5 15 16 18 17 11 20
1 12 2 17 18 0 14 19 15 8 36
1 13 1 19 2 14 4 28 13
1 1 13 10 16 2 11 31
1 4 18 16 0 21 15 11 4 10 35 9 1
1 10 21 19 11 4 15 10 6
0 17 24 6
0 18 21
0 19 36 21 32
0 20 30 11 15 18 22
0 21 12 28
0 22 19 32
0 23 33 32
0 24 6 28 22 25
0 25 22
0 26 24 27 31 25 12 4
0 27 24
1 16 10 6 21
1 1 7 23 8 4 1
1 8 12 7 8 15 5
1 11 25 10
1 15 25 26 20 6 21 18 0 10
1 7 25 8 14 5 30 42
1 6 17 15 6 19 26 16 1
1 19 19 4 23 36 14
1 10 22 41 13
1 3 15 26 17 6 3 7
1 4 17 14 21 22 8 20
1 9 0 19 16
1 20 2 11 9 26 21 34 37 1
1 13 10 5 28 29
1 21 6 24 20 2 22 28 23 1
1 5 9 1 13 17 25 30 34 40
1 2 18 3 1 31 26 5
1 18 5 11 24 19 16 26 8 22 6
1 0 16 7 20 39
1 22 22 2 13 10 12
1 12 4 10 21 26 24
1 17 20 12 7 14 3
1 14 17 23
0 23 12 31
0 24 36 4 18 19 7
0 25 13 25
0 26 27 22
0 27 3 33
0 28 36
0 29 37 29
0 30 42 39
0 31 24 32 35 3
0 32 6 43 24
0 33 0 40
0 34 38
0 35 7
0 36 21
1 3 18 10 26
1 2 8 18 2 17 15 32 5
1 22 5 9 19 2 0 18 14 30
1 15 4 18 19
1 5 1 12 10 2 6
1 17 11 2 19 12 16 10
1 13 3 4 11 16 28 33
1 0 10 20 17 7 9 1
1 4 18 7 2 20 29 30
1 9 16 17 10 0 12 15
1 10 8 3 19 1 20 30
1 21 19 7 18 33 24 20
1 25 19 12 14 30 3
1 23 6 2 18 8
1 8 14 7 10 16
1 6 10 14 15 28
1 14 12 2 8 10 5 0 9 7 4 16
1 1 15 18 7 10 8
1 7 3 8 4 7 17 18
1 18 5 3 9 0 20 11 4
1 24 3 0 13 18 5 12
1 20 1 13 4 18 12 16 15 19 25
1 11 12 2 1 4
1 26 5 17 29
1 19 6 15 18 4 3 16
1 12 4 13 8 17 3 2 22
1 16 15 12 8 19 4
0 27 6 23 11
0 28 24 18
0 29 13 20
0 30 20
0 31 16
0 32 31 30
0 33 31 22 8
0 34 27
0 35 19 0 10
0 36 3 5
0 37 21 6 20 9
0 38 5 19
0 39 11 30 16
0 40 6 7 5
0 41 4 27 9 12 33
0 42 23 15 20 27
0 43 7
1 15 7 14 17 6
1 5 3 15 12 8 1 14 10 0 26 9 7
1 9 6 5 17 12 2 1 7 11 14 13
1 12 6 9 3 0 5 7
1 10 8 12 13 15 24 2 7
1 19 4 16 14 8 6
1 20 15 11 4 9 2 17
1 6 8 1 10 12
1 7 5 3 17 6 27 15 23 10
1 8 3 2 14 4 16 13 10 8
1 2 12 16 13 6 1 7 2
1 3 0 13 14 17 3 7 10 26 23 6
1 13 6 0 2 13 1 9 3 28
1 17 14 16 5 4 6 1 27
1 16 17 3 15 0 4 22 28
1 4 7 17 0 12 2 13 20
1 14 15 16 6 0 8 2 10 4 3 13 11
1 1 14 5 15 12 10 17 3
1 11 12 1 6 14 8 21 13
1 18 8 2 17 7
1 0 10 2 28 12 0
0 21 5 26 24 17 27
0 22 10 14
0 23 23 13
0 24 12 8 27
0 25 15 20
0 26 22 23 1
0 27 7 16
0 28 8 20
0 29 3 14 13 9
0 30 7 0
0 31 15 2 9
0 32 25 18 0 26
0 33 19 4
1 7 6 3 9 5 2 1 4 13
1 12 6 2 0 1 9
1 2 0 4 8 3 2 5 7 1 6 11 10
1 5 9 5 0 2 7 3 8 12
1 17 7 9 0 6 1 11 5 4 3
1 3 7 8 4 1 9 15
1 8 9 5 1 6 0 8 4 7 13 14
1 9 6 8 9 4 3 2 15 13
1 14 8 0 4 5 6 12 10 2
1 15 6 0 7 5 3 9 13 11
1 0 1 8 5 2 10 3
1 16 1 2 6 4 7 5 0
1 1 2 3 8 0 5 1
1 6 6 0 7 5 8 3 15
1 4 3 0 15 10
1 10 0 5 6 4 8 3 9
1 11 3 9 4 6 1 5 2 0
1 13 7 0 9 1 6 8 4 12 14
0 18 8 13 12 9 4 0
0 19 14
0 20 14 9 1
0 21 2 0 12
0 22 9 11 8 13 5
0 23 12 13
0 24 12 8
0 25 10 0
0 26 10 11 9 3 5
0 27 2 7 9
0 28 3 7
1 6 2 7 15 0 1 5 8 4 11 13 9 14 20
1 1 11 12 9 3 7 4 6 2 17 18
1 4 3 1 15 7 9 14 12 20 25
1 2 0 14 6 15 3 5 4 9 7 17 23 8
1 8 8 5 6 2 15 0 14 4 20 24 1
1 3 7 9 15 12 6 13 2 5 11 14 3 1 0 4 17 22 8 23
1 9 4 6 3 5 2 14 13 7 8 10 15 11 20 22 24 25
1 7 10 1 14 15 8 9 13 4 7 11 0 25 22 23
1 0 0 15 4 6 12 9 17 22
1 5 7 13 10 2 8 6 5 0 15 4 11 18
0 10 24 25 21
0 11 12 18 0 16 2 1
0 12 14 16 13 0 21
0 13 21 0 15
0 14 19 11 15 6 25 0 12
0 15 3 23 8 14 25
1 2 1 6 2 0 4 5 9 12
1 6 2 5 8 3 4 7 10 12 11
1 8 6 7 1 5 8 4 3
1 12 7 1 3 4 2 10 11
1 9 0 2 7 5 1 4 3 8 6 13
1 7 6 0 2 8 1 4 13
1 1 1 5 8 3 2 12
1 5 1 4 8 3 6 14 9
1 15 8 0 4 7 5
1 0 1 6 4 2 5 9
1 4 6 1 8 0 7
1 13 0 4 3 7 1 6 12
1 3 8 6 5 2 4 1 0 3 11
1 11 5 3 2 4 8 1 7 0 9 14 6
1 14 4 7 1 0 2 12 5 10
1 10 0 1 6 5 2 3 4 8 7 9
0 16 0 12 2
0 17 8 10 13 5 2
0 18 2
0 19 13 7
0 20 6 11
0 21 7 6 12 10 11
0 22 13 1 12 8
0 23 3 1 13 14
0 24 13 12
0 25 2 4 3
1 7
1 3
1 2
1 5
1 6
1 1
1 0
1 8
1 4
0 9
0 10
0 11
0 12
0 13
0 14

