20
42 8 26 47 8 26 47 18 26 10 42 26 13 31 20 48 32 32 36 18 
1 6 1
1 17 4
1 7 1
1 11 2
1 8 1
1 18 4
1 9 1
1 12 2
1 0 3
1 1 3
1 13 2
1 14 2
1 19 4
1 2 3
1 3 3
1 4 3
1 10 1
1 20 4
1 22 0
1 5 3
1 21 4
1 15 2
1 23 0
1 16 2
1 24 0
1 25 0
0 26 7
0 27 2
0 28 0
0 29 3
0 30 5
0 31 1
0 32 5
0 33 0
0 34 3
0 35 6
0 36 0
0 37 5
0 38 7
0 39 5
0 40 7
0 41 3
1 4 1 19 22
1 1 10 3 9 11 14 23 24
1 2 4 2 5 12
1 0 0 8 13 16 18
1 3 7 6 15
0 5 11 17 20
0 6 9
0 7 25 21
1 0 11 13
1 15 21 17
1 14 25
1 13 7 31 35
1 8 5 3 23 34 41
1 11 7 1 6
1 9 21 20
1 12 15
1 10 15 19 40
1 2 0 4 36 39 44 45
1 6 16 2 26
1 5 12 28
1 1 16
1 4 9 8 22
1 3 27
1 7 14 10 18 24 43
0 16 21
0 17 15 38 42
0 18 9 37
0 19 29 32 33
0 20 30
0 21 4
0 22 10
0 23 27
0 24 46
0 25 20
1 3 3
1 19 4
1 13 1
1 18 4
1 12 1
1 10 2
1 20 4
1 23 0
1 2 3
1 15 4
1 6 3
1 0 3
1 4 3
1 1 3
1 21 4
1 22 0
1 5 3
1 28 0
1 7 3
1 16 4
1 8 3
1 27 0
1 11 1
1 24 0
1 26 0
1 25 0
1 14 1
1 9 2
1 17 4
0 29 6
0 30 1
0 31 5
0 32 6
0 33 1
0 34 0
0 35 6
0 36 4
0 37 4
0 38 5
0 39 6
0 40 5
0 41 4
0 42 6
0 43 6
0 44 3
0 45 7
0 46 6
1 4 3 8 19
1 2 6 2 5 7 10 23 24
1 1 9 13 14 16 20 21
1 0 4 1 11
1 3 15 0 12 17 22
0 5 8 25
0 6 0
0 7 18
1 13 13
1 0 6 46
1 10 28 18 19 21 23
1 15 1
1 11 13 10 12 14
1 8 9 4 39
1 6 26
1 5 15 17 31
1 9 11 20 42
1 2 9 5
1 7 6 2 16 27
1 4 28 8
1 14 0 33
1 3 7 24
1 12 11 3 30
1 1 25 22 29 44
0 16 5 41
0 17 35
0 18 35
0 19 38
0 20 32 40
0 21 45
0 22 35 37
0 23 6
0 24 43 36
0 25 24 34
1 27 3
1 28 3
1 10 9
1 16 6
1 21 7
1 4 1
1 3 1
1 2 2
1 12 9
1 8 0
1 26 3
1 22 7 13
1 5 4
1 19 10
1 15 6
1 0 5
1 23 3 15
1 25 3
1 24 3
1 14 6
1 7 4
1 20 7
1 6 4
1 9 8 16
1 18 10
1 1 5
1 13 6
1 17 10
1 11 9
0 29 6
0 30 7
0 31 14
0 32 2
0 33 11
0 34 12
0 35 7
0 36 2
0 37 4
0 38 9
0 39 9
0 40 8
0 41 3
0 42 9 17
0 43 14
0 44 1
0 45 8
0 46 8
1 4 4 8
1 2 3 10 16 23
1 1 1 25
1 10 11 17
1 3 13 21
1 0 5
1 7 0 7
1 9 14
1 5 2 9
1 6 12 15
1 8 0 6
0 11 11 18
0 12 24
0 13 19
0 14 14 20
0 15 1
0 16 6
0 17 10 22
1 12 5
1 3 3
1 11 5
1 7 3 4
1 1 3
1 2 3
1 9 2
1 8 2
1 14 5
1 5 0
1 0 3
1 15 5
1 6 0
1 4 3
1 13 5
1 10 1
0 16 5
0 17 0
0 18 7
0 19 2 9
0 20 6
0 21 1 8
0 22 7
0 23 3
0 24 0
0 25 3
1 1 22 0 5 10 15 23 39
1 4 21 1 2 8 17 24
1 2 9 19 25 28 32 34
1 0 21 3 12 36
1 3 7 4 13 18
1 5 6 11 14 16 20
0 6 20 29 38
0 7 33 27 35 37 40
0 8 24 26
0 9 0 30 31 41
1 11 9 3
1 6 14 13
1 5 15
1 1 12
1 24 5
1 17 14
1 25 8
1 10 4
1 15 6
1 14 14 2
1 13 11
1 22 5
1 2 12
1 4 1
1 12 1 0 21
1 0 12
1 23 5
1 18 9
1 16 6 20
1 3 1
1 9 4
1 20 7
1 8 4
1 7 7 10
1 21 5
1 19 9
0 26 8 18
0 27 11 16
0 28 1
0 29 23
0 30 12
0 31 4 19
0 32 7
0 33 22
0 34 4 24
0 35 5
0 36 15
0 37 3
0 38 6
0 39 3
0 40 17 25
0 41 14
1 11 0
1 4 2
1 6 1 9
1 3 5 8
1 7 1
1 14 7
1 9 6
1 13 7
1 15 7
1 12 7
1 0 3
1 8 6
1 2 4 11
1 1 3
1 10 0
1 5 1
0 16 6
0 17 7
0 18 1
0 19 6
0 20 0
0 21 10
0 22 10
0 23 7
0 24 2
0 25 12
1 6 13 8 10
1 4 2 12 28
1 3 4 19
1 0 0 20
1 1 5 15 26 27
1 2 11 6 17
1 5 18 1 7 14 16 29 30
1 7 3 9
0 8 25
0 9 5 21
0 10 4 22
0 11 15
0 12 23 24
1 0 5
1 9 2
1 4 10
1 17 3
1 7 1
1 1 5
1 8 2
1 12 7 9
1 5 10
1 18 11 15
1 16 3
1 6 7 6
1 13 0
1 14 0
1 2 8
1 10 2
1 15 3
1 3 4
1 11 0
0 19 11 18
0 20 16
0 21 10
0 22 6
0 23 13
0 24 10
0 25 12 14 19
0 26 3
0 27 17
0 28 0
0 29 16
0 30 16
1 8 5 0 4 12
1 5 29 18 26
1 6 1 3 16 19 42
1 10 6 9 28
1 3 25 31 40
1 0 10
1 2 5 22 27
1 7 21 2 13
1 1 24 32
1 9 23 15 20 45
1 4 17 14 33
1 11 8 7 11
0 12 47 30 41
0 13 16 35 39
0 14 43 36
0 15 6
0 16 7 34 37 44
0 17 38
0 18 16
0 19 24 46
1 27 12
1 11 3
1 5 7 16 29
1 23 9
1 18 5 10
1 0 1
1 28 18 14
1 20 15
1 16 19 20
1 12 3
1 6 5
1 21 15
1 24 9
1 25 12
1 19 9 11
1 2 1 2
1 3 6 25
1 1 1
1 7 5
1 15 19
1 29 18
1 10 3
1 14 19
1 26 12
1 8 7
1 9 13
1 22 4
1 13 8 17 28
1 17 0
1 4 6
0 30 2
0 31 22
0 32 26
0 33 9
0 34 23 30
0 35 13
0 36 31
0 37 19 27
0 38 6
0 39 21
0 40 14
0 41 0
0 42 0
0 43 7
0 44 4
0 45 4
0 46 7 24
0 47 18
1 11 13
1 0 0
1 2 7
1 8 11
1 13 10 29
1 5 2
1 4 2 22
1 6 2 3 26
1 17 16
1 14 14 19
1 18 16
1 9 11
1 15 8
1 7 13 1 5
1 16 8 4
1 12 10
1 3 18 6
1 1 12 28
1 19 17 9
1 10 15
0 20 1
0 21 23
0 22 4
0 23 23 20
0 24 10
0 25 0
0 26 14
0 27 24 30
0 28 14
0 29 2 21
0 30 31
0 31 25 27
1 0 7
1 10 15
1 6 11 16
1 7 17 21 32
1 16 4
1 3 17
1 4 20 12
1 2 9
1 15 6
1 18 0
1 12 10 1 30
1 8 20 25
1 1 9
1 11 15
1 13 10 8 28
1 9 3 2 26
1 17 0 34
1 19 18
1 5 10 5 13 19
1 14 14
0 20 0
0 21 2
0 22 5
0 23 2 35
0 24 16
0 25 11
0 26 22
0 27 33
0 28 29 31
0 29 23
0 30 19
0 31 24 27
1 19 6
1 7 7
1 1 2
1 20 10
1 18 1 5
1 8 1
1 16 8
1 2 4
1 11 1
1 3 0
1 17 8 3
1 13 9
1 6 7
1 9 1
1 15 8
1 12 9
1 4 0
1 5 7 14
1 21 10
1 0 2
1 10 1
1 14 8
0 22 0
0 23 12
0 24 11
0 25 15
0 26 0
0 27 17
0 28 15
0 29 9
0 30 3
0 31 13
0 32 2 16
0 33 2
0 34 12
0 35 13
1 2
1 4
1 0
1 7
1 1
1 10
1 8
1 3
1 6
1 5
1 9
0 11
0 12
0 13
0 14
0 15
0 16
0 17

