6
26 36 16 24 34 47 
1 2 2 14 13 11 17 5 4 0
1 7 0 8 21 7 17 16 10 11 15 3 22
1 11 9 13 10 6 18 14 2 21
1 13 15 19 6 20 9 7 25 22
1 4 6 15 20 4 11 13 1 5 7 24 33 29 26
1 0 17 14 0 5 16 10 27 26
1 10 10 11 7 19 21 0 13 22
1 9 16 6 21 0 10 13 25 20
1 5 19 6 21 14 11 0 29 16 3
1 12 7 18 6 5 13 3 8 11 20 33 24 21
1 3 1 6 11 17 16 5 12 0
1 6 5 12 0 2 6 13 27 4
1 8 20 11 5 21 8 18 14 1 33
1 15 4 3 1 9 20 8 18 27 32
1 1 17 7 20
1 14 7 20 16 3 21 5
0 16 15 10 2 30 35
0 17 34 16 4
0 18 30 23 31 24 29 8
0 19 25 22 34
0 20 26 35 24
0 21 5 26 16
0 22 10 32 34 28 0
0 23 25 28 20
0 24 34 21
0 25 14 6 9
1 3 9 6 8 11
1 0 7 1 9 8
1 4 0 7 8 5 2 1 3
1 21 3 9 2 8 0 5 15
1 11 9 8 2 5 6
1 9 8 4 9 2 7 5 13 3
1 8 6 3 8 9 1 7
1 6 5 3 9 7 8 12 13
1 14 7 9 13 10 12 11
1 20 6 0 9 4 13
1 7 2 8 9 7 1 4 13 14
1 5 7 6 8 4 9 0 1
1 17 0 8 3 5 9 2 13 15
1 13 3 5 0 1
1 2 9 8 5 1 7 0 2
1 15 9 6 8 2 0 4 15 11
1 12 9 2 8 7
1 1 1 8 6 7 5 3 15
1 19 7 9 4 2 14
1 16 2 1 6 7 3 0
1 10 3 8 6 7
1 18 6 2 1 4 3 7
0 22 15
0 23 15 14
0 24 11 8 0
0 25 1 13 0 5
0 26 6 5 14 12
0 27 3 13
0 28 9 1
0 29 15
0 30 10 7 8 14 4 1
0 31 3
0 32 11 0 8
0 33 15 12
0 34 10
0 35 5 2 15 11
1 7 13 5 9 11 8 2 10 0 14 7 21 19
1 1 4 12 3 11 2 10 0 9 14 22 1
1 9 13 5 2 10 7 1 6 8 4 9 12 14 3
1 8 5 13 1 14 6 7 2 3 10 8 12 22
1 4 9 8 2 12 5 7 1 4
1 2 11 2 6 7 3 12 13 9 0 14 19 16
1 5 0 3 7 1 9 10 8 15 14 6 17
1 3 13 14 10 4 8 6 12 0 7 18 20 21 9
1 0 7 8 12 3 0 4 17 23
1 6 1 3 10 9 6 4 20 2 15
0 10 11 19 3 9 13 12 10
0 11 12 15 0 23 10
0 12 11 20 2 9 16
0 13 14 5 22 10
0 14 16 17 8
0 15 10 0 9 3 11 5
1 6 17 16 18 4 2 6 15 10 8 7 13 29
1 10 8 7 28 9 13
1 9 1 3 13 7 4 18 10 19 8
1 0 0 10 6 2 13 30 22 8
1 1 0 13
1 13 9 15 3 5 14 11 27 23 18
1 12 10 17 18 7 20 26
1 5 7 2 15 3 17 18 16
1 7 13 20 4 10 3 28
1 8 19 4 5 6 3 7 21
1 14 13 7 5 1 6
1 2 0 11 3 6 16 8 14 15 2 18 32
1 4 1 3 20 15 12 6 17 10 0
1 11 14 13 4 16 24 6
1 3 12 6 3 7 11 23 13 27 26
0 15 21 31 10 33 25 8
0 16 6 25 20 9
0 17 33
0 18 3 13
0 19 26 16 31 4
0 20 22 11
0 21 16 26 20
0 22 24 5 6
0 23 16 25 8
1 5 15 2 19 10 22
1 18 14 27 11 20 1 6 23 35
1 0 4 12 3 0 25 10
1 1 16 3 27 24
1 16 11 20 26 13 14 10 6
1 15 9 15 23 31 28 10
1 2 0 17 27 23 16 14 31
1 19 11 28 7 4 44 5
1 4 5 4 6 27 15 46
1 20 18 13 2 28 7 16 30 23
1 9 2 8 28 0 12 9 25 14 42
1 11 5 16 27 8 14 26 18 7 0 3
1 3 6 21 26 41
1 6 14 22 4 24 5
1 17 7 13 4 8
1 12 23 5 28 34
1 8 1 3 24 28 12 10
1 7 10 9 27 33
1 10 11 25 9 16 28 21
1 13 19 15 8 13 22 14 26 0
1 14 0 26 1 7 8 28 30 41 35 43 12
0 21 25 7
0 22 6 39 42 23 32
0 23 27 26
0 24 5 41 38
0 25 40 8 26 0
0 26 25 2 8 18
0 27 17 30 21
0 28 43 46
0 29 35
0 30 36 38
0 31 37 32
0 32 5 45 14
0 33 8 29
1 6
1 19
1 18
1 2
1 9
1 7
1 14
1 27
1 17
1 21
1 5
1 25
1 3
1 26
1 23
1 15
1 13
1 0
1 24
1 8
1 28
1 1
1 12
1 20
1 10
1 4
1 16
1 11
1 22
0 29
0 30
0 31
0 32
0 33
0 34
0 35
0 36
0 37
0 38
0 39
0 40
0 41
0 42
0 43
0 44
0 45
0 46

