20
18 17 14 20 18 22 11 22 10 24 20 23 9 35 21 21 32 33 29 23 
1 5 1 13 5 7 2 9 3
1 12 7 5 11 16
1 14 4 11 5 0 10
1 10 7 10 8 2 9 0 12 4 6
1 7 2 9 13 11 5 0
1 8 6 0 3 11 2 8 1
1 6 6 13 1 8 5 0 12 7 10 14
1 0 11 9 12 8
1 2 11 8 12 1 0 2 14
1 4 11 1 5 12 8 7
1 1 11 8 13 2 1
1 13 4 6 10 0 3 11 9
1 3 12 10 9 8 7
1 11 6 8 3 10
1 9 3 11 12 5 0 4 13 8
0 15 9
0 16 7 12 15 1
0 17 16 15 5 1
1 10 4 7 8 6 5
1 1 4 2 8 6 9 5
1 9 3 6 0 5 2
1 5 5 3 4 9
1 12 3 2 10 6
1 13 0 9 7 13 4 5
1 8 4 9 3 1 7 2 11 13
1 7 1 4 5 10 0 9 6 2
1 6 2 4 0 7 8 1
1 0 9 8 1 2
1 11 1 7 4 3 8
1 3 5 1 7 6 2 13
1 2 5 6 8 10
1 4 10 7 2 5 6
0 14 12
0 15 0
0 16 7
1 9 1 14 8 15 11 7 10 0 13 12
1 4 3 9 10 12 1 5 7 11 8 4 18
1 1 7 6 2 8 1 12 3 14 15 17
1 10 7 8 9 10 11 5 2 4 3 12
1 6 8 1 6 14 13 9
1 0 7 4 5 1 14 3 9 6
1 8 4 13 3 15 12 11 2
1 7 12 0 6 10 2 3 8 14 13 9 16
1 2 2 3 6 1 9 12 19
1 3 15 13 8 7 3 17 6
1 5 11 5 7 6 2 14 0 12 10
0 11 13 16
0 12 4 5 14
0 13 9 16
1 14 14 2 13 7 10 9 12 16
1 3 1 13 8 3 12 7 14 10 4
1 13 2 9 8 13
1 4 6 8 9 11 13
1 9 10 7 14 9 5 2
1 2 2 1 4 8 12 11
1 5 11 13
1 1 0 7 13 8 10 1
1 11 3 5 13 11 9 7 4
1 12 13 0 12 8 2 6 14 7 3 15 17
1 7 10 11 2 17
1 15 3 7
1 0 10 8 14 1 11
1 6 12 14 13 6 3 10 7 0 16
1 8 3 4 2 14 1 9 12 8
1 10 4 9 8 7 13 11 2 3
0 16 8 10
0 17 3
0 18 13 9 16
0 19 8 5
1 4 2 5 1 11 4 0 17 7 16 14 10 19
1 0 16 2 5 0 15
1 14 8 4 15 21 11
1 13 4 7 9 5
1 3 17 7 13 10 15 16 0 14 3
1 1 6 10 17 0
1 6 14 9 16 15 18
1 12 15 0 1 5 12 13 8
1 5 2 8 0 16 9 6
1 11 15 12 16 11 8 21
1 2 14 6 16 13 10 17
1 8 3 15 8 1 0
1 10 15 11 7 6 5 4
1 7 6 0 11 16 7 4 9 18
1 9 2 9 5 10 3 8 13
0 15 19 13 16
0 16 20
0 17 15
1 4 2 3 7 6
1 8 0 5 2 8 6
1 0 5 2 7
1 9 2 9 7
1 17 7 1 0
1 15 1 2 0 3 7 4 6
1 5 1 2 3 7 0
1 1 5 3 2 8 7 6
1 14 0 7 1 8
1 16 0 4 5
1 7 6 8 3 1
1 12 3 6 2 4 1 5
1 13 5 6 4 8 1 7
1 11 2 0 3
1 2 4 3 5 7
1 10 6 4 5 1 8 7 10
1 3 1 5 9
1 6 7 2 0 3
0 18 7
0 19 9
0 20 8 10 3
0 21 3 9 10
1 7 8 2 12 10 13 5 4 3 7 9 6 17
1 6 10 12 8 4 1 5 2 19 20 21 14
1 4 6 15 3 8 4 14 13 0 10
1 1 5 17 1 7 3 9 6 14
1 8 0 7 14 15 17 5 1 12
1 0 11 14 10 7 17 1 8 9 0
1 5 1 4 5 14 0 7 3 16
1 2 13 9 14 11 5 12 0 4 15 2 16 17 10 6
1 3 3 9 16 17 0 8 11 15 6 2 18
0 9 4 10 12 13
0 10 18 2 5
1 10 2 0 4 5 7 9
1 7 3 1 6 7 2 4
1 5 3 4 7 5 2 0 9
1 14 7 6 3 4 1
1 3 1 7 2 6 3 5 8
1 17 1 7 4 8
1 1 2 5 4
1 12 5 0 2 7 4 6 8
1 8 1 3 6 4 2 8 9 5
1 6 5 0 7 6 2 3 4 8
1 11 4 3 2 1 7 0 6 5
1 4 6 5 2 1 4 7 3
1 13 1 5 6 7 2 0
1 15 3 0 7 1
1 0 3 5 1 2
1 16 1 7 4 0 5 6 9
1 9 0 6 3 7 4 2
1 2 7 3 6 5 1 2 4
0 18 1 6
0 19 1
0 20 6 4
0 21 5 8 0
1 7 6 8 15 1 12 0 4 20
1 6 6 3 14 18 16 15 1 2 0 5 4 7
1 0 5 3 14 12 16 2 17 15
1 1 2 9 12 11 6 16 10 0 3
1 5 15 4 7 10 5 3 18 1 19 0 2 22 12
1 2 6 13 17 19 15 3 4 2 10 18 9 5 21 23 20
1 4 15 1 16 18 10 7 17 5 6 8
1 3 14 0 11 18 2 7 17 1 9 19
0 8 8 20 23 22
0 9 16 13
1 14 15 3 1 8 7 2 9 13 10
1 17 13 8 6 15 0 19
1 13 9 2 7 4 1 8 3 5
1 0 5 1 3 7
1 18 15 14 1 7
1 2 10 13 9 1 3 0
1 7 6 0 4 3
1 3 3 1 13 15 11 10 5
1 12 4 9 0 15 10
1 4 12 2 0 13 3 9 6 19
1 5 14 1 12 11 5 15
1 9 14 11 15 0 5
1 1 3 13 5 0 9 16
1 16 7 8 3 16
1 6 13 7 8 5 0 3
1 19 11 8 15 14 7 6
1 15 6 9 14 2 13
1 8 5 1 11 15 4
1 10 13 11 4 10 18
1 11 7 0 8 3 13 9
0 20 3 17
0 21 11 16 9
0 22 9
0 23 0
1 4 12 11 16 17 2 18 13
1 2 1 15 13 9
1 10 7 16 14 1 12
1 1 18 5 13 3 7
1 12 16 4 10 6 0
1 0 5 18 11 3 15 7 1 20
1 9 5 4 8 0 12
1 15 10 6
1 14 3 9 8 10 14 21
1 8 14 2 12 0 13 4 16 5
1 6 14 12 15 13 0 5 4 10
1 7 18 4 7 8
1 3 5 10 1 16
1 5 15 0 6 17 13 16 18 10
1 11 3 8 13 2 11 12 6 17 16
1 13 14 6 11 0
0 16 0 19
0 17 17 0
0 18 12 18 6
0 19 22
1 12 6 1 2 5 4
1 3 3 1 5 0 4 7
1 4 3 1 5 6 4 2
1 14 1 4 2 7 0
1 10 6 2 1 5
1 1 5 1 6
1 17 0 6 1 3
1 6 1 2 4 5 0 6
1 11 2 6 4 0
1 18 0 3 2 7
1 15 4 6 2 1 0 3 8
1 7 5 4 0 2
1 13 1 5 3 0 6
1 2 4 1 0 5 6
1 16 1 0 2 6 3 4
1 0 4 3 6 1
1 8 3 4 2 0 1 5 6
1 9 2 0 3 4 5
1 5 3 4 1 2 5 0
0 19 7
0 20 7 3 4
0 21 1 7
0 22 3 8
1 5 19 4 7 14 16 21 10 9 6 18 23 17 28 22 27
1 4 28 3 27 19 8 6 11 9 10 7 24 26 21 14 22 23 2
1 6 24 9 11 7 13 12 8 1 25 4 17 31 18
1 3 13 17 18 25 26 11 2 6 12 7 32 28 8
1 0 20 0 5 10 12 18 28 3 6 19 16 34
1 1 28 6 8 12 1 3 11 24 4 27 20 30
1 2 1 2 15 22 23 8 14 0 27 26 3 7 16 29 28
0 7 33 13 4
0 8 5 0 31 25
1 4 6 10 15 2 12 4
1 20 6 9
1 7 0 6 9
1 0 10 12
1 22 12 16 4 7 5
1 12 3 14 15 4 19
1 10 2 16 12 7 0
1 8 16 12 20 17 18
1 9 10 1
1 23 12 7 9 11
1 18 0 7 12 9 15
1 19 0 7 11 1 12
1 15 5
1 11 8
1 27 8 7 9 18
1 16 3 1 12 8 0 4 6
1 13 15 11 3 6 5
1 3 6 14 12
1 28 4 13 7 0
1 14 0 8 4 10 16
1 1 2 0
1 5 2 13 14 12 17
1 25 4 9 5 16 11
1 24 0 7
1 21 6 13 2 3 11
1 17 5 6 9 19
1 26 9 11
1 2 6 15
1 6 2 0 1 6 18
0 29 18 20
0 30 6
0 31 7
0 32 2
0 33 0
0 34 4
1 5 0 2 3 12 16 1 8 5 20 6 9
1 10 15 3 13 9
1 1 15 13 14 3 6 8 0 11 1 18 9 17
1 13 3 16 0 2 9 1 12
1 14 16 11 1 8 4
1 8 12 15 2 9 14 16 3 13 7 20
1 6 12 0 3 7 16 19 15
1 16 12 10 9 15 2 7 0 1 6
1 7 0 11 10 7 5 12 6 16
1 12 3 7 14 9 10 15 5 6 2
1 4 16 3 11 0 4 12 1 9
1 11 10 9 0 8 3 12 7 2
1 2 5 3 12 11
1 15 12 4 8 9 7 20 15
1 3 5 1 8 13 14 3 11 10 6 15
1 0 4 3 6 1
1 9 10 6 9 13 5 12 3 16
0 17 4 10
0 18 17 12
0 19 3 13
0 20 17 5
1 5 23 3 16 10 22 20 24 15
1 10 16 7 18 12 25
1 4 23 0 16 18 19 13 25
1 3 4 22 9 3 5 23 15 26 11
1 7 17 19 18 3 2 4 27 10 0
1 11 5 17 7 13 0 25 9
1 1 8 10 6 9 15
1 12 5 21 7 4
1 9 25 1 4 10 19 13 29 20
1 16 13 20 15 4 27 8
1 13 2 9 24 5 13 14 22 11 1 23
1 8 8 11 15 0 14 16 17
1 6 12 5 1 11 30
1 0 22 3 6 21 1 23 2
1 2 16 14 5 9 7 3 19 27 28
1 15 18 24 20 11 4 5 15 14 13
1 14 5 14 4 19 31 28
0 17 16
0 18 3
0 19 20
0 20 13 28
1 5 17 2 8 13
1 6 15 21 4 5 19
1 20 6 9 3
1 4 4 25 2 17 7 1
1 15 13 14 18 26 22
1 19 0 2 10 25 3
1 10 15 20 7 13
1 21 11 5 23 25 20
1 25 9 25 31
1 0 19
1 1 14 16 19 32 20
1 14 14 5 26 8 10 22 28 30 3
1 8 3 19 31
1 18 26 16 8
1 16 14 24 9 31
1 13 3 13 20
1 2 4 12 20 15 16 5 21
1 11 18 0 24
1 9 2 1 15 14 23
1 12 19 3 10 9 13
1 23 7 8
1 3 22 10 9
1 17 10 8 29
1 7 22 8 19 3
1 22 19 11 25 14
1 24 25 9 15 23 8
0 26 10 27
0 27 6
0 28 6
0 29 11
0 30 15
0 31 16 27
1 24 22
1 7 17 18 7 14
1 2 16 12 23 6
1 19 0
1 10 1 16 10 22
1 11 5 6 10 23 9
1 13 10
1 17 0 6 21 3
1 21 19 1 24
1 20 3 19 10 0 17
1 9 20 10 7
1 26 3 0 14 8
1 3 9 6 13
1 15 2 20 15
1 18 6 15 21 17 1 27
1 14 5 17 21
1 0 12 18
1 4 13 16 8 18
1 12 10 2 13 1
1 6 16 10 20 26
1 8 23 11 5 17
1 16 4 7 20 3 16
1 1 16
1 22 22
1 5 0 13
1 23 19 14 4
1 25 19 8 21 2 5
0 27 15
0 28 28 2 13
0 29 15
0 30 19
0 31 25
0 32 25
1 14 10 4 17 18
1 12 12 4 7
1 15 17 18 13 1 10
1 23 13 10 18
1 21 8 12 19
1 7 4 14 18 22 11 10
1 4 1 7 10 11
1 5 14 3 16 10 4 9 12 8 11 1
1 22 7 5 18 2 8
1 13 9 1 5 13 3 14
1 11 12 7 1 16
1 6 14 2 4 18 12
1 1 15 14 17 10
1 0 9 1 11 0 6 2 4 22
1 16 13 2
1 20 6 13 16
1 3 16 0 2 6
1 8 11 17 5 15 2 14 13 8 21
1 2 12 15 13 6
1 18 15 13 3 16
1 9 17 4 5
1 19 2 3 18
1 17 6 18 2 13 9
1 10 12 11 8 16 6
0 24 18 19
0 25 11
0 26 20 3
0 27 13 18
0 28 1
1 0
1 5
1 7
1 15
1 6
1 12
1 8
1 14
1 16
1 2
1 11
1 1
1 10
1 18
1 3
1 4
1 13
1 9
1 17
0 19
0 20
0 21
0 22

