13
36 24 35 8 27 24 18 31 32 10 35 23 8 
1 4 14 1 9
1 23 9 16 14 19 11 12
1 19 0 16 3
1 1 1 17
1 15 3 5 19 6 1
1 11 6 19 17
1 10 4
1 14 7 2
1 28 15 7 12 1
1 22 15 18 17 19 13
1 12 17 11 2 20 14 15
1 6 5 10 1 14
1 8 10 14 19 3 0
1 20 13 15 3 14 5 12
1 9 18 10 14
1 27 18 6 3 11 0 8 1
1 7 17 1 4 10
1 0 17 2 22 6
1 29 7 16 3
1 5 17 14 9 10 16 2
1 16 9 14
1 18 15 18 17 8
1 26 17 18 9 11
1 25 5 15
1 13 8 12 14 20
1 21 11 17 5 15
1 24 13 4 19 0 12
1 3 2 14 3 1 4 9
1 2 2 14 19
1 17 16 8 14 6 7 20
0 30 0
0 31 21
0 32 6
0 33 16
0 34 6
0 35 23
1 12 11 20 4 19 0 21 22 1 5 8
1 6 20 5 9 28 31 16
1 1 22 7 25 23 12 9 8
1 5 3 16 15 5 23 6
1 7 28 7 25 9 11 14 8
1 10 26 13 6 12 22 20 1
1 11 23 14 19 4 0
1 16 4 1 15 13 26 29
1 4 19 22 7 0 2 1 14 8 10 20
1 9 17 18 0 16 22 6 15 9
1 0 4 16 22 5 2 14
1 19 11 2 9 4 6 29 7
1 17 12 21 13 28 10
1 15 3 11 14 26 10 19 7 33 12
1 3 5 13 0 12
1 14 10 26 12 23 13 6 7 29 32 34
1 13 2 0 11 14 16 17 12 3
1 2 8 14 26 13 20
1 18 10 6 15 24 27 14 17 28
1 8 23 9 27 28 19 20
0 20 17
0 21 33 15
0 22 23
0 23 8 30 11
1 17 4 2 1
1 25 2 4 5
1 2 0 1 5
1 10 0 1 4 2 7
1 16 1 0 3 4 2
1 6 1 3 5 6
1 26 5 2 4 3
1 3 0 1 2
1 0 1 0 5
1 24 0 2 4 3
1 21 1 4 3 2
1 23 5 2 3
1 18 0 2 5 4
1 9 0 1 4 2
1 15 0 3 6 1
1 8 4 0 5 1
1 13 4 5 0 1 3
1 27 3 4 0 7
1 5 3 1 0 5
1 20 5 4 1 3
1 1 1 5 2
1 19 4 3 1 5
1 4 3 5 0 1
1 7 3 2 0 1 7 5
1 14 0 5 1 3 4
1 12 5 4 1 0 3
1 28 3 4 5 0
1 11 3 0 5 6
1 22 1 4 2 3
0 29 4 0
0 30 0
0 31 7 6
0 32 0
0 33 1 5
0 34 2 7
1 1 3 0 4 13 10 7 17 20 11 6 5 8 9 1 21 22 2
1 0 15 18 8 1 9 0 2 20 4 3 19 5
1 3 11 10 14 16 13 15 6 2 18 5 20 17 21 12 8 9 0 23 24 19
1 4 6 1 8 3 21 13 15 20 4 0 2 12 11 9 17 16 5 19 25
1 5 20 7 12 16 17 21 0 9 4 8 2 11 19 18 6 5 15
1 2 5 2 9 19 17 11 21 14 20 8 12 16 7 0 6 4
0 6 19 0 12 8 14 20
0 7 7 26 5 18
1 13 17 18 4 14 9 19
1 16 11 12 9 5
1 10 7 10 0 17 20
1 1 6 7 23
1 4 1 2 14 0
1 7 4 7 10 1
1 6 0 19 17 14 12 16 8
1 8 12 14 15 7 11 4 2 21
1 15 18 1 19 17 9 8
1 17 2 3 11 19 14 18 10 0 23 15
1 14 5 12 6 8 10 20
1 18 8 3 12 19 11 13
1 2 9 18 8 5 0
1 11 3 4 14 8 6 1
1 3 15 18 2
1 9 0 6 17 7 11 9 16 1
1 19 12 2 10 6
1 5 7 10 12 17 18 15
1 12 7 1 10
1 21 16 2 10 23
1 0 15 0 7
1 20 13 15 3
0 22 22
0 23 13 19
0 24 22 14
0 25 2
0 26 6
1 1 0 4 10 8 7 2 3
1 8 11 10 4 12 9
1 19 4 14 3 2 6
1 17 13 2 8 4 11 10
1 7 13 1 5 2 7 3 9 14
1 9 7 11 14 10 5 4 8 9
1 11 12 0 3 4 5
1 0 7 3 10 5 9 14 16 0 1
1 6 14 7 1 8 12 13 0
1 12 11 0 2 5 13 1 14 10
1 18 12 1 6 13 8
1 16 13 6 2 10 11 5 1
1 4 6 7 9 2 10 5
1 13 1 14 7 2
1 2 1 7 9 5 12 13 11
1 10 8 5 13 11 3 0
1 5 10 3 13 0 14 2 16
1 15 14 9 10 4 8 6 17
1 3 2 0 5 9 3
1 14 6 10 4 12 8 14
0 20 1
0 21 6
0 22 15 3 11
0 23 11
1 2 11 2 15 23 16 14 7 21 10 12
1 5 3 6 4 7 12 18 11 9 20
1 13 13 0 24 21 14 22 23
1 7 1 5 3 4 19 7 21 6 24 9 30
1 12 13 9 22 21 10 17 15 3 7
1 3 1 5 18 2 24 12 6 23 9 22 29
1 14 3 20 5 10 16 14 0 7 17
1 1 19 12 21 5 2 1 24 6 23 10
1 8 16 22 6 4 24 1 15 14
1 4 16 7 19 17 15 11 1 20 6
1 0 23 20 6 12 0 8 18 22 26 27 30 19
1 9 9 10 8 17 22 24 0 21 1
1 6 13 7 9 23 18 27 6
1 10 14 4 19 22 17 5 20 21 9 15 29 7
1 11 8 6 17 1 0 22
0 15 12 23
0 16 24 29
0 17 28 25
1 19 6 25 12 1 13
1 15 12 7 13
1 11 5 1 6 10 0 23 31 30
1 21 4 13 16 23 8 14
1 23 19 6 17 22
1 24 8 13 1 7 27 30
1 1 9 25 0 21
1 13 14 25 1 21 18
1 12 15 0 21 12
1 9 14 7 12 16 24 9
1 16 16 20 19 17 25 6 14 9
1 3 3 9 24 22 10 19 5 25
1 0 21 7 25 22
1 22 18 0 17 1 15 24 22
1 20 6 19 9 18 0 12
1 8 1 10 22 25 17
1 14 11 23 2 14
1 18 13 2 7 3 6 26
1 10 7 22 10 4 2
1 4 16 15 25
1 6 11 2 24
1 5 14 22
1 17 12 24 17
1 2 11 24 25 2
1 7 23 2 5 0 11 3
0 25 24
0 26 28 7
0 27 13 7
0 28 7 22
0 29 6 1
0 30 29
1 15 0 5 4 6 3
1 13 0 3
1 10 1 0 5 8
1 8 2 0 7 5 1 4 6
1 19 4 0 3 2 7 5 8
1 1 1 7 3 5
1 18 2 6 0 4 3
1 11 6 4 2 0 7 3 9
1 20 4 3 5 6 2
1 4 4 3 0 6 7
1 7 3 7 5 4
1 12 7 5 4 0 9 6
1 16 3 0 7
1 24 2 4 5
1 14 5 6 1
1 17 3 0
1 6 1 0 2 7 4
1 21 4 2 5 0 7
1 25 2 0 6 8
1 22 5 7 2
1 23 0 5 2
1 0 7 1 6 4 0 9
1 3 1 2 6 3 0 7
1 9 1 4 5 0 3 7 8
1 5 1 6 7 3 4 2 5
1 2 6 3 7 2 1 4
0 26 7 1 4
0 27 0
0 28 7
0 29 4
0 30 8
0 31 0 6
1 5 20 2 3 12 17 24 26 15 23 7 28 11 10 8 25 0 18 16 22 5 1 19
1 0 21 28 10 17 16 3 25 9 23 1 34 0
1 7 23 8 13 15 18 19 11 25 7 21 27 24 3 4 1 31 14 17
1 3 22 25 14 11 16 8 10 21 13 27
1 4 0 6 11 14 27 3 12 20 18 23 19 8 1 10 5 7 22 30
1 6 27 5 16 22 14 17 13 25 12 15 24 8 9 2 30 11
1 2 22 7 9 10 26 5 12 28 3 15 4 14 17 8 24 1 23 29 32 25
1 1 1 4 21 14 18 10 3 19 33 11 31
0 8 18 27 26
0 9 18 11 14
1 17 2 17 4 11 8 5
1 12 16 17 11
1 25 6 17 7 18 19
1 16 17 8 7 11 21
1 14 9 5 18 16 1
1 6 3 18 10
1 20 15 10 18 17
1 0 11 10
1 19 1 5 14
1 13 2 10 14
1 4 0 5 9
1 21 6 10 14 7 13
1 9 13 3 9 11 5
1 22 4 14 12
1 2 0 12 9 3
1 28 14 17 4
1 3 9 12 19 4
1 1 2 11 0
1 26 9 17 6 19
1 11 12 8 7 3 15
1 24 5 14 4 2 12
1 8 5 9 3 0 8 7
1 27 17 9
1 10 3 15 18 0
1 23 0 13 14 17
1 5 7 2 10 1
1 15 7 16 14 3 9
1 18 8 11 17 13 9 15
1 7 17 3 12 2 1 20
0 29 22 4
0 30 9
0 31 12 15
0 32 7
0 33 2
0 34 4
1 0 5 4 3 2 0
1 5 1 0 2 3 4 5
1 6 0 3 4 5 2 1
1 4 5 1 2 0 4
1 15 2 0 4 1 3 5
1 10 1 3 4 2 5 0 7
1 16 1 0 3 2 5
1 9 1 3 5 0 2 4
1 12 3 0 1 5 2 4
1 7 4 3 2 1 5 0 7
1 3 3 4 5 2 1
1 1 2 1 5 4 7
1 2 5 4 3 1 2
1 13 2 3 5 0 4 1
1 18 4 1 3 0 5 6
1 14 0 3 1 2 4 5 6
1 8 0 4 1 2 3 5 7
1 17 1 4 3 0 5
1 11 2 0 1 4 6
0 19 0 4 2 7 5 6 1
0 20 3
0 21 2 0
0 22 4 6 1
1 4
1 5
1 0
1 3
1 1
1 2
0 6
0 7

