13
31 47 34 31 10 36 34 15 34 36 31 36 8 
1 11 11
1 18 18 25
1 17 19 3 42
1 7 16
1 3 21 7 28
1 2 8 15 26
1 15 13
1 5 8 22
1 12 2 0 9 20 33
1 0 24
1 1 17
1 14 23 6 12
1 13 10 1
1 10 5 32
1 9 13 14
1 6 21
1 16 13 31
1 4 27 4
1 8 2 35 41
0 19 19
0 20 27
0 21 39 34
0 22 43
0 23 30 45 46
0 24 1
0 25 5 36
0 26 25 29
0 27 28 44
0 28 43
0 29 15 40
0 30 38 37
1 18 20
1 21 15 3 12
1 14 2
1 27 8
1 9 18 25
1 15 2
1 25 16
1 3 1
1 12 14
1 24 16
1 17 17
1 16 17
1 23 9
1 22 9
1 7 0
1 4 19
1 13 14
1 1 10 32
1 28 8
1 20 7 6
1 19 20
1 10 5 13 26
1 5 19
1 11 18
1 0 10
1 26 16 22
1 2 10
1 6 0
1 8 4 11
0 29 18
0 30 14 30
0 31 33
0 32 20
0 33 28 21
0 34 1
0 35 10 31
0 36 29
0 37 27
0 38 6
0 39 23
0 40 29
0 41 14
0 42 29
0 43 1
0 44 24
0 45 10
0 46 28
1 4 12
1 1 6
1 11 17 1 27
1 15 2
1 9 4
1 5 15
1 20 18
1 8 0 28
1 19 14 24
1 17 11 7
1 0 6
1 2 3
1 13 5 16
1 7 10 13
1 10 9 30
1 16 2
1 18 14
1 12 8 21
1 6 15
1 3 10
1 14 11
0 21 16
0 22 7
0 23 10
0 24 22
0 25 16
0 26 22
0 27 16
0 28 15 29
0 29 25
0 30 13
0 31 23
0 32 20 26
0 33 18 19
1 6 5
1 5 5
1 15 0
1 1 3
1 7 2
1 14 0
1 0 3
1 18 4
1 11 1
1 8 2
1 2 3
1 12 1
1 3 3
1 10 1
1 16 0
1 4 5
1 9 2
1 13 0
1 17 0
0 19 4
0 20 6
0 21 9
0 22 3
0 23 0
0 24 3
0 25 8
0 26 7
0 27 0
0 28 1
0 29 3
0 30 8
1 4 18 3 14 17 24 35
1 3 9 15 20 34
1 2 7 6
1 0 21 2 4 5
1 5 19 10 11 16 27
1 1 13 0 1 8 12 25
0 6 33 31 32
0 7 8 26
0 8 17 22 29
0 9 30 23 28
1 17 15 14
1 5 18
1 11 2
1 12 4 20
1 1 7
1 13 4 5
1 6 6 17
1 14 12 21
1 9 7 11
1 15 12
1 3 7 27
1 16 3 10 26
1 0 9 1
1 10 13
1 19 4
1 7 3
1 18 0
1 20 8
1 2 7
1 21 4 19
1 8 16
1 4 18
0 22 24
0 23 0
0 24 6
0 25 29 22
0 26 32 28
0 27 30
0 28 32
0 29 25 23 33
0 30 16
0 31 16 31
0 32 11
0 33 15
0 34 4
0 35 17
1 15 4
1 0 3
1 10 4
1 7 6
1 17 0
1 6 6
1 11 4
1 3 2
1 18 0 11
1 2 2
1 20 7
1 13 4
1 12 4
1 9 8
1 14 4
1 16 0
1 8 8
1 1 2
1 4 1
1 19 5
1 5 1
0 21 5
0 22 6
0 23 3
0 24 0
0 25 4
0 26 8
0 27 13
0 28 0
0 29 9 10
0 30 6
0 31 9 12
0 32 13 14
0 33 4
1 6 13 6 20
1 2 8 2 3 9 21
1 1 17 24 27 30
1 0 11
1 5 1 10 25
1 7 16 12 18 33
1 3 19 7
1 8 5 4 14
1 4 15 0 28
0 9 10
0 10 2 23
0 11 32
0 12 29 31
0 13 5
0 14 10 22 26
1 3 3 1
1 7 16 25 31
1 1 4 11 35
1 9 21
1 11 9
1 19 10
1 17 10 5
1 10 9
1 16 20 24
1 5 14
1 14 20 32
1 2 8 2 27
1 8 14 0 12
1 0 19
1 12 13
1 15 20
1 13 6 15 28
1 4 20 7
1 20 18
1 6 20 17
1 18 10 34
0 21 29
0 22 33
0 23 22
0 24 30
0 25 26
0 26 10
0 27 19 23
0 28 30
0 29 1
0 30 6
0 31 6
0 32 4
0 33 26
1 15 14
1 11 16 20
1 8 0
1 2 11
1 5 9
1 17 8 17
1 13 12 6
1 0 5
1 4 9
1 14 3 10 28
1 19 13
1 6 4 23
1 7 1
1 16 3
1 9 16 7
1 20 8
1 10 16
1 1 5
1 21 8 29
1 3 18
1 18 13
1 12 2 15 30
0 22 7
0 23 7
0 24 16 24 26
0 25 4
0 26 10
0 27 18
0 28 25
0 29 1
0 30 14
0 31 16 21
0 32 22
0 33 27
0 34 13 19
0 35 5
1 7 9 31
1 5 2
1 6 19 8
1 14 2 12 22
1 4 1 33
1 0 0
1 15 20 17 35
1 8 20 3
1 18 13
1 3 1 6
1 11 18
1 1 7 15 25
1 9 9
1 16 11
1 13 18
1 17 14
1 10 20 4 16 27
1 12 1 5 10
1 2 21
0 19 28 29
0 20 9
0 21 20
0 22 12 32
0 23 10
0 24 19 26
0 25 34 30
0 26 11
0 27 4
0 28 2
0 29 23
0 30 17 24
1 0 2
1 7 1
1 9 1
1 5 2
1 15 3
1 14 0
1 6 1
1 1 2
1 11 0
1 12 0
1 18 3
1 16 3
1 20 3
1 21 3 4
1 17 3
1 2 2
1 3 2
1 10 1
1 13 0
1 8 1
1 19 3 5
1 4 2 6
0 22 0
0 23 7
0 24 0
0 25 0
0 26 3
0 27 4
0 28 3
0 29 3
0 30 4
0 31 7
0 32 2
0 33 2
0 34 1
0 35 3
1 2
1 1
1 0
1 3
1 4
0 5
0 6
0 7

