20
33 16 22 31 17 33 23 17 22 32 31 34 36 14 26 10 20 21 33 18 
1 0 10
1 2 11 6
1 23 1
1 11 11 5 7 6 3 4
1 20 1 2 9
1 17 1 9 5 12 4 2 7
1 8 9
1 18 12 8 1 9
1 22 12 4 2 6
1 15 0
1 4 6 9
1 19 11 3 2
1 5 1 5
1 9 9 1
1 10 9
1 3 10 5 0
1 25 7
1 6 9 8
1 13 5 3 14
1 7 1 10 9
1 24 9 12 2
1 14 9 6 3 8
1 26 9 2 3 12
1 16 9 8 12
1 1 11
1 12 8 4
1 21 7 1 4
0 27 5
0 28 10
0 29 10
0 30 2 15
0 31 13 6
0 32 3 8
1 7 7 0 13 11 12 17 10
1 8 12 3 15
1 10 8 1 3 13
1 11 15 3 0 13 8
1 6 4 16 1 17 10 5 9
1 0 14 11 12 7 21
1 3 2 1 12 15 19 5
1 9 2 9 1 0 11 7 21
1 4 10 0 1 14
1 5 6 17 9 5 15 10 1
1 1 15 1 13 6 8 12 18
1 2 5 4 6 13 11
1 12 8 2 7 0
0 13 5
0 14 20 21 0
0 15 1
1 13 23 13 4 8 17 21 6
1 2 5 11 13 10
1 15 6 14 17 1 3 2
1 17 4 28
1 14 16
1 6 9 0 19 14
1 5 16 9
1 16 24 18
1 12 12 27
1 9 20 1 21 7 19 5 29
1 11 4 23 20
1 0 8 1 11 25 13
1 3 3 15 21 0 11
1 8 4 18 16 2
1 1 22 2 7 18 11
1 7 3 10 2 24
1 4 16 11 12
1 10 8 19 28
0 18 20
0 19 15
0 20 30
0 21 26
1 9 5 7 9
1 12 8 9 6
1 4 2 6 3
1 8 8 12 16
1 18 3 4 6 10 8
1 2 9 15
1 22 11 10 14
1 3 12 2 9
1 7 9 4 2
1 5 8
1 19 6 3 7
1 1 9
1 13 0 9 2
1 11 8 9 6
1 17 6 10 3
1 15 12 1
1 14 13 0 12
1 23 7 1
1 6 6 2 12 4
1 16 9 7 1 8
1 20 12 7
1 10 3 6 12
1 21 3 0 10 7
1 0 5 3
1 24 7 1 0 6
0 25 13 6
0 26 7
0 27 11
0 28 12
0 29 9
0 30 2 16
1 12 14 23 8 21 20
1 7 2 0 24 26 9 21 12 30
1 2 3 22 19 9 32
1 3 13 17 4 16 10 0 24
1 10 13 25 18 6 16 19
1 0 8 10 9 1 27
1 8 10 7 17 2 1 16 11 29
1 13 11
1 5 9 1 6 22 25 26 7 27
1 4 18 19 9
1 11 5 4 21 15 20 31 6
1 9 20 25 10 8 14 4 16 26
1 6 12 16 22 23 24 17
1 1 15 26 23 9
0 14 2 28 7
0 15 17
0 16 17 29 28
1 9 2 8 4 0
1 15 3 15 4 2
1 13 8 17 3
1 25 16
1 8 13 8 4
1 21 10
1 12 7 14 17 15 16
1 3 5 0 2
1 2 8 11 6
1 0 14 6
1 10 7 5 18 3 21
1 26 9
1 20 16 7 17
1 5 18 14 5 15
1 17 5 18 12 3 4
1 6 11
1 22 1 0
1 4 14 18 5
1 18 8 4 12 18 20
1 11 3 14 10 7 11
1 19 11 0 12 9 8 3
1 23 1 9 17
1 1 8 6 5 2 3
1 16 11 4 12 7
1 7 18 2 5
1 24 3 9 19
1 14 18 2
0 27 6
0 28 2 13
0 29 12
0 30 15
0 31 1
0 32 22 19
1 9 6 10 8
1 17 3 8 11 13 9
1 4 5 0 1 3 6 10 7 12
1 14 10 9 4 5 13 15 0
1 11 7 8 1
1 1 2 3 11
1 2 7 9 3 6
1 8 3 10 2
1 6 7 8 0
1 16 1 9 8
1 13 4 13 2 11 1
1 5 3
1 18 11 9 4
1 0 12 7 2
1 3 3 2 7 0 9
1 12 13 8 9 2 7 14
1 15 11 0 8 3
1 7 1 5 3 6 10
1 10 13 2
0 19 13
0 20 5
0 21 16 12
0 22 5
1 3 5 1 17 16
1 7 7 9 12
1 2 16 4 9 5 15 10 21
1 5 15 2 6 8 14 5 20 4
1 8 15 1 11
1 9 5 15 7 6 17
1 0 17 1 16 9 5
1 1 13 0 9 16 19
1 12 13 11 8 14 6
1 10 0 13
1 6 7 11 9 15 1
1 13 3 9 10 4 17
1 4 10 7 16 3
1 11 0 12 17 7
0 14 14
0 15 6 5
0 16 18 9
1 4 5 16 15 4 7
1 5 4 18 7
1 1 15 18 9
1 16 5 24 15 13
1 11 3 20 6
1 0 25 22 15 18 26
1 6 0 18 15 23 20 10
1 9 20 16 19 15
1 7 1 9 14 24 8 19 28
1 3 10 13 17 3 7 27
1 10 2 12 18
1 8 18 11 2 14 29
1 13 5 12 20
1 14 23 11 5 4
1 17 8 6 5 10
1 12 20 19 17 4
1 2 19 7 21 24 14 17 3 30
1 15 8 3 10 24
0 18 16 3
0 19 31
0 20 24 10 16
0 21 11
1 10 2 23 19
1 9 23
1 22 9 2 14 26
1 0 15
1 16 12 4
1 17 6 24
1 24 16 4 22 29
1 7 3 7 9
1 18 18 5
1 3 10 22
1 23 11 1 6 8
1 15 24 9 11
1 8 8 3
1 20 20 0 24
1 4 24 11 15
1 11 15 13 9 14 19 25
1 5 12 22 7
1 2 3 13 23
1 13 0 13 11
1 21 12 14 16 25
1 19 6 21
1 12 19 5 24
1 1 24 27 12
1 14 11
1 25 0 17 5
1 6 0 7 23 19
0 26 1
0 27 24
0 28 8
0 29 30
0 30 28
0 31 5
1 15 19 20 0
1 20 14 3
1 13 22 23 10
1 4 2 10 27 12
1 17 14 12 18 7 21
1 19 17 9
1 22 15 24 19
1 2 13
1 14 11 10 2 20 8 12
1 21 5 20 7 11
1 0 17
1 12 21 0 3 8
1 10 16 26 21 3
1 3 21 13
1 16 24 23 22 20 1 30
1 1 14 19
1 23 9 25
1 18 24 6 12
1 8 15 23 17
1 6 15 27 23 29
1 24 11 7 18 28
1 7 1 27 20 33
1 11 4 25 16
1 9 21
1 5 2 22 0 21
0 25 6
0 26 4
0 27 19
0 28 31
0 29 32
0 30 0
1 19 26 28 4 5 30 34
1 11 27 29 28 20 22 7
1 8 5 9
1 22 16 12 33
1 18 18 4 17 21 31
1 2 6
1 21 24 16 35
1 25 8 1
1 3 6 20 23
1 27 0
1 23 8 19 16
1 14 10 5 27
1 6 20 2 14
1 7 24 17
1 10 3 5 17 18 16 2
1 16 13 22 12 26 25
1 9 23 24 25
1 5 5 30 0
1 24 7
1 1 9 29 11 32
1 26 0
1 13 25 12 2 13
1 4 20 13 35
1 17 24 15 4 3
1 20 9 18
1 15 21 12 27 10 11
1 12 16 11 2
1 0 3 14
0 28 29 17
0 29 34
0 30 29
0 31 4
0 32 32
0 33 10
1 29 0
1 28 6
1 15 6 7
1 4 4 3 9 5
1 24 9 0 8
1 8 6 7 3
1 6 5 3 13
1 26 1 9
1 27 8 6 2
1 11 10
1 23 1 8 7
1 2 7
1 17 6 9
1 9 4 1 3
1 3 7 4
1 19 5 0 2 9 10
1 21 5
1 1 9 3
1 25 1 2 5 0 7
1 12 0 9 4 8 3
1 7 3 7 8 9
1 20 6 3 1
1 14 2
1 5 5 3
1 16 9 6 5 10
1 13 5 4 6
1 22 10 6 12
1 10 8 4
1 18 2 0 7 8
1 0 4
0 30 2 5
0 31 13 6
0 32 10 9
0 33 11
0 34 4
0 35 5
1 9 17 1 2 19
1 10 4 6 20 21 23
1 5 8 5 9 3 11 17
1 0 11 10 3
1 1 3 10 9 11 19 15 24 13
1 6 9 3 11 13 10 12 2
1 8 16 15 5 19 13 2 11 7 25 6
1 2 18 7 13 14 19 11 16 10
1 7 20 12 18
1 3 3 0 12 19 20
1 4 18 10 3 20 16 12 17
0 11 5
0 12 4 23
0 13 22
1 5 0 2
1 12 4 2 0 5
1 20 0 7
1 8 7 3 6 8
1 18 0 4 7
1 16 0 1 7 4
1 19 4 0
1 17 7 6 8
1 10 1 5
1 2 7 6 2 3
1 4 7 2 0 1 9
1 3 2 4
1 11 2 4 6 7 5
1 15 1 6 7
1 1 5 7 2
1 9 4 7
1 0 3 5 2
1 13 2 0 5 7 6
1 14 0 7
1 6 2 3 7 6 1 4 5
1 7 1 6 3 7
0 21 5
0 22 3
0 23 1 0 8
0 24 5 9
0 25 6
1 6 3 4 14 8 9 12 10 6 15
1 3 2 3 12 11 8 5 0 18
1 0 11 10 13 14 8 5 9 15
1 1 1 15 0 10 4 9 11 2 16
1 5 12 9 14 8 15 7 5 17 19
1 4 6 9 3 7 4 15 14 5 2
1 7 0 8 5 12 1 4 18 19
1 2 7 5 3 4 10 6 2 0 1 11
0 8 12 11
0 9 1 17 2 7
1 15 14 10 20
1 4 6 2 11 0 5
1 3 9 3 11 8
1 6 16 8 2 0 13 5 12
1 14 1 0 15 12 17
1 5 13 10 11
1 13 9 14 15 6 11
1 8 1 3 4 20
1 9 14 5
1 1 16 12 7
1 2 5 8 2 15
1 0 4 7 16 8
1 12 1 12 10
1 10 6 12 5
1 11 15 0 3 10 14 12
1 7 13 10 8 6 2
0 16 11
0 17 15
0 18 18 19 16
0 19 0 12
1 15 22 23
1 14 7 5 25 23 1 18 16 32
1 3 8 3 24 13 26 22 28
1 7 12 21 5 18 3
1 4 21 2 13 23 5
1 5 1 5 16 13
1 10 14 18 13 7 29
1 2 20 27 31 1
1 6 4 11 10 7
1 13 7 23 17 24
1 9 21 9 15 16 24 19 30
1 1 20 6 10 26 13 30
1 12 0 8 1 13 20
1 11 20 14 6 7
1 16 17
1 8 19 11 0
1 0 19
0 17 22
0 18 12
0 19 15
0 20 24 31
1 26 14
1 22 4 5
1 2 13 7 8 3 9
1 15 10 8
1 10 1 10 9
1 8 1 9 13 4
1 17 4 8 1 5 11
1 23 14 4 15
1 13 14 0 1
1 24 10 5 14 6
1 4 0 5 9 2 7
1 12 7 1 9
1 3 7
1 5 7 2
1 6 13 10
1 14 3 1 2
1 11 7 8 10
1 20 14 2 6
1 18 10 9
1 0 11 12 9 10 5
1 7 3 7 0 6 11 4 13
1 19 6 1 9
1 16 10
1 21 5 3 2 6
1 9 10 12 5 7
1 25 5
1 1 2 12
0 27 8
0 28 9
0 29 10 6 3
0 30 16
0 31 17
0 32 10 2
1 0
1 10
1 6
1 7
1 11
1 12
1 14
1 5
1 8
1 3
1 9
1 4
1 1
1 2
1 13
0 15
0 16
0 17

