6
24 23 18 26 24 29 
1 11 2
1 13 3
1 7 3 9
1 3 1 6 13
1 5 3 6
1 2 12 9 6 14 18 22
1 0 8 0 16
1 1 6 8 9
1 10 0 13 1 10 3
1 9 8 11 3
1 14 11 5 3
1 4 4 8 13 7
1 6 1 7 4 19 16
1 12 10 4 15
1 8 1 3 9 19
0 15 11
0 16 8
0 17 1
0 18 2
0 19 10 11
0 20 21
0 21 17 20 12
0 22 12
0 23 2
1 1 7 2 1
1 7 4 2 11
1 8 1 10 8 17
1 9 4 9 10 7 1
1 4 2 8 1 0 16 7
1 12 8 5
1 2 2 6 8
1 6 4 2 11
1 0 6 0 11
1 3 2 5 6 10
1 13 1 3 8
1 11 9 7 13
1 5 0 10
1 10 10 11
0 14 0 11
0 15 9 15 1
0 16 0 14 16
0 17 13
0 18 17
0 19 12
0 20 3
0 21 0
0 22 15
1 2 10 12 14 7 8 19
1 3 9 3 1 21
1 1 7 0 1
1 10 13 4 2
1 7 6 10 2 17 23
1 5 13 1
1 0 8
1 4 5
1 8 15 13 11 4
1 9 2
1 6 11 3 22
0 11 6
0 12 2 18
0 13 13 16
0 14 0 20
0 15 25 24
0 16 12
0 17 0
1 5 7 9 14
1 1 3 2 10 14 7 21 0
1 13 0
1 9 3
1 15 6 12 13 11 8
1 7 9 14 10
1 12 11 6
1 3 14 1 18
1 2 7 11 21
1 4 10 11
1 6 14 4 5
1 8 8 4 7 2 1 16 6
1 11 9
1 14 8
1 0 7 10
1 10 9 3
0 16 2 23
0 17 13 9
0 18 9 19
0 19 1
0 20 19 1
0 21 6
0 22 6 15 16
0 23 20 22
0 24 5
0 25 2 17
1 10 8 0 7 17
1 3 11 2 28 10
1 4 15 3 11
1 6 0 2 8 18
1 8 16 17 5 9
1 2 10 12 14 17 23
1 13 6 13 0 9
1 0 1 15 27
1 11 0 4 9
1 9 9 4
1 1 10
1 7 17 16 0
1 14 7 5 19 25
1 12 5 16
1 5 11 8
0 15 12 13
0 16 12
0 17 2
0 18 21 0
0 19 1 24
0 20 22 17
0 21 27
0 22 20 21
0 23 22 26 1
1 13
1 0
1 6
1 8
1 11
1 16
1 14
1 17
1 9
1 12
1 3
1 5
1 1
1 15
1 2
1 4
1 10
1 7
0 18
0 19
0 20
0 21
0 22
0 23
0 24
0 25
0 26
0 27
0 28

