6
32 6 20 35 6 20 
1 0 1
1 8 0 1
1 19 0
1 22 0 2
1 14 4
1 23 2
1 15 4
1 5 3
1 6 3
1 9 4 3
1 11 1 2
1 1 1
1 16 4 0
1 4 3 1
1 2 1
1 17 4
1 12 1 2
1 20 2 4
1 13 1 2
1 18 4 0
1 3 1
1 21 2 4
1 7 3
1 10 3 0
1 24 2
1 25 2
0 26 4
0 27 5
0 28 1
0 29 5
0 30 5
0 31 3
1 3 10 11 1 13
1 0 11 2 12 10
1 4 8 1 7 9 14 2 5
1 1 11 3 4 5 13 15 17 19
1 2 0 6 15 13 10 4
0 5 12 16 18
1 7 14 3
1 14 7 17 29
1 10 9
1 3 13 25 30
1 12 8 31
1 1 23 0 1 22 27
1 6 13 10
1 9 6
1 5 20 5 26
1 11 9 15 18
1 2 12 24 28
1 4 16 10
1 0 19
1 13 4 17
1 15 11
1 8 21 2
0 16 2
0 17 34 32 33
0 18 24
0 19 23
1 1 4 2
1 2 4
1 20 2
1 19 1 4
1 23 2 1
1 5 4
1 16 3
1 26 1
1 24 1
1 21 2
1 12 3
1 28 1
1 0 4
1 11 3
1 4 4
1 27 1
1 7 4 3
1 25 1
1 22 2
1 6 4 3
1 15 0 4
1 10 3
1 18 4 1
1 13 3
1 9 3
1 8 3
1 14 3
1 3 4
1 17 0
0 29 3
0 30 3
0 31 2
0 32 2
0 33 5
0 34 0
1 2 4 0 6 8 14 7 3
1 4 9 2 7 11 12 4 8
1 3 5 14 1 18
1 1 13 1 9 15 7
1 0 15 3 10 0 17
0 5 13 16 19
1 3
1 5
1 13
1 4
1 10
1 12
1 6
1 7
1 11
1 8
1 2
1 14
1 15
1 0
1 9
1 1
0 16
0 17
0 18
0 19

