20
13 20 21 15 21 39 44 26 21 16 10 36 12 12 10 39 34 36 39 28 
1 6 1 5 6 11 13 12
1 4 8 11 9 10 6 3 12 19
1 1 7 3 4 11 2 17 0
1 2 9 6 11 10 1 0 16 5 15
1 0 4 0 2 10 11 8 12 16
1 3 7 11 0 8 9 5 10 1
1 7 3 9 12
1 5 9 10 5 4 8 1
0 8 14
0 9 2 18 11
0 10 6 19
0 11 4 15
0 12 9 11
1 0 10 7 2
1 7 8 11 6 9 17 20
1 3 0 9 6 12 20
1 8 3 2 1
1 4 12 10 3 6 2 16 7
1 11 3 5 4 11
1 10 11 7 9 3 0 10
1 5 2 9 8 11 3 7 0
1 6 6 9
1 9 11 3 4 9 0 14 19
1 2 4 5 8 9 12 2
1 1 12 1 0 10 13
0 12 3 12 13
0 13 20 2 0
0 14 16 18
0 15 10 14
0 16 3
0 17 4 10
0 18 9
0 19 20 15 18
1 5 7 3 2 1
1 8 7 8 6 5 0 11
1 1 2 8 4
1 12 0 7
1 9 1 7 0 2
1 7 8 0
1 10 7 6 11 8
1 6 4 3 1 7 6
1 3 4 5 7 2 1
1 4 7 2 5
1 2 4 8 7 12
1 11 0 6 5 2
1 0 2 4 8
0 13 6 4
0 14 4 9 1
0 15 5
0 16 13 9
0 17 10 8
0 18 12 14
0 19 8 6
0 20 14
1 8 7 3 9 6 8 12 20
1 6 1 8 9 6 14 18
1 2 3 0 5 11
1 4 12 5 7 8 10 0 11 15
1 0 10 17 19 0
1 3 11 0 4 9 12
1 7 10 6 8 9 0 12 3 1
1 5 7 3 6 5 10 9 14 0
1 1 9 2 11 4 18
0 9 13 12
0 10 5
0 11 10
0 12 8 15 16 18
0 13 3 16 14
0 14 1 11 7 6
1 9 0 23 8 16 13 28
1 5 15 19 29
1 10 0 3 5 6 13 22 19 12
1 7 16 17 5 7
1 1 4 21 20
1 0 11 19 26
1 11 14 12 22 1 18 6 35
1 12 9 2
1 6 20 6 1 5
1 4 21 18 23 19 25
1 2 10 36
1 3 0 8 3 1 33 16
1 8 7 1 23
0 13 14
0 14 37 38
0 15 13 31
0 16 35 30 9
0 17 27
0 18 5 32 34
0 19 14 37 22
0 20 24 21
1 20 19
1 4 0 17
1 12 24 6 4
1 0 17 14 10 22
1 8 9 23
1 22 25
1 10 4 15 13
1 13 16 28
1 9 0 2 10 8 3 25
1 23 25 35
1 7 1 18 16
1 5 11 5
1 21 19
1 11 9 12
1 14 22 13 3 2 42
1 16 4
1 3 3 21 26
1 6 7 33
1 15 5 13
1 2 8 21
1 17 21 12 20 31
1 1 21
1 19 26 20 1
1 18 25 24 4 21 40
0 24 37
0 25 12
0 26 42 36
0 27 14
0 28 5 39
0 29 21
0 30 34
0 31 6
0 32 3
0 33 12
0 34 32
0 35 30 36
0 36 31 27 38
0 37 41 43 12
0 38 29
1 16 12 11 5
1 12 10 13 0 3
1 19 15 19
1 1 12 1 15
1 17 2 6 8
1 13 13 20
1 3 8
1 10 5 8 9
1 9 5 1
1 14 8 3
1 8 15 7 14
1 7 12 9 6 18
1 22 5
1 20 4 11 14
1 2 8
1 4 8 19
1 15 5 0 13
1 0 4 12
1 6 8 13 0
1 23 6 14 15
1 25 14 5 11
1 5 3 1
1 21 3
1 11 7 3
1 26 6
1 24 5 14
1 18 11 4 15 14
0 27 17 24
0 28 5
0 29 10 25
0 30 21
0 31 11
0 32 1 18
0 33 11 22 10
0 34 9
0 35 10
0 36 0
0 37 8 11
0 38 16
0 39 17
0 40 4 6
0 41 21 23 16
0 42 1
0 43 12
1 6 2 10 4 12
1 0 11
1 9 2 9 4 8 19 0
1 11 9 7 6 15
1 4 6 11 15 5
1 12 5 0
1 14 8 16
1 2 9 12 20
1 5 12 6
1 1 12
1 8 1 7 9
1 15 8 3
1 3 2 11 1 17
1 7 4 9 0 12 10
1 13 8 3 7 12
1 10 1 0 8 3 5 2
0 16 3
0 17 9
0 18 8 13
0 19 5
0 20 13
0 21 18
0 22 7 16
0 23 7 13
0 24 1 14
0 25 8
1 10 7 6 12
1 0 8 5 3
1 8 2 9 6 4
1 12 6
1 6 6 2 8 0
1 4 4 3 0 8
1 7 7 0 9
1 11 4
1 9 6 4 9 2 14
1 3 2 7 3
1 5 4 1 5 6
1 1 1 0 5 4 13
1 2 2 9 8
0 13 8 10 1
0 14 10 9
0 15 2
0 16 2
0 17 2
0 18 13 9
0 19 3 11
0 20 15
1 4 2 4 6
1 3 2 4 0 5
1 5 3 4 2 0 9
1 0 5
1 8 1 0 2
1 2 3 7
1 9 1 2
1 7 1 3 0
1 1 5 2 4 9
1 6 1 5 0
0 10 0 8
0 11 2
0 12 2 7 1
0 13 6 9
0 14 8
0 15 6 8
1 3 18 0 1 2 11 21 9 6 10 4 19 27 33
1 5 19 10 17 20 4 0 12 18 26
1 4 5 8 13 6 20 18 2 10 25 30 9
1 2 4 6 7 1 5 23
1 0 9 3 7 12 14 15 21 5 13 28 31 34 18
1 1 16 11 19 24 34 35 4
0 6 15 10 34
0 7 23 29
0 8 7 22 32 17
0 9 12 11
1 19 2 4
1 6 4 6
1 21 1
1 3 3
1 13 6 9
1 20 1
1 12 3 2 6
1 5 0 3
1 7 0 6
1 8 5 3
1 4 5 4 3
1 2 4
1 10 4 1 5
1 9 5
1 0 4 9
1 1 4
1 11 1 3 0
1 16 2 6
1 17 2
1 18 2
1 15 6 2
1 14 5 1 2
0 22 0
0 23 10
0 24 0
0 25 6 8
0 26 8
0 27 10
0 28 2
0 29 1
0 30 1
0 31 2
0 32 7
0 33 9
0 34 7
0 35 11
1 2 6 4 2 3 0 1 10
1 6 1 3 0 2
1 5 0 2 1 3 6
1 1 5 6 0 3 7 1 9
1 0 3 2 4 5 6 1 10
1 3 0 4 1 2 3 7
1 4 2 1 0 3 6 7
0 7 1 7
0 8 9 7
0 9 0 10 11 9
0 10 8 3
0 11 4 3
1 6 5 2 4 3 1 6
1 5 3 0 2 1 4 5 8
1 4 3 4 1 5 0
1 3 1 4 0
1 1 2 4 3 0 9 5
1 0 3 5 0
1 2 3 0 2 4
0 7 5 7
0 8 0
0 9 2 9 4 1
0 10 7 4
0 11 7
1 1 23 17 19 16 3 9 21 27 12
1 5 8 0 10 15 22 11 3 2 9 4 23 24 26 29
1 4 4 3 12 13 18 8
1 3 2 6 7 21 14 12 1 37 29
1 0 5 16 20 2 13 34 35
1 2 9 1 11 14 21 23 13 15 3 12 33 38
0 6 20 25 28 23 6
0 7 18 37
0 8 29 31 32 3
0 9 6 30 36 5 15
1 20 14 10
1 11 16 4
1 12 7 19 2
1 3 11
1 6 5 1 9
1 5 11
1 1 13 19
1 16 12 1
1 22 12
1 15 6 18 7
1 14 7 15 0
1 9 9 29
1 23 18
1 4 13 1
1 13 5 17
1 19 14 3
1 18 10
1 21 12
1 10 4 33
1 7 3 15 23
1 2 20
1 0 8 6 32
1 17 4 17 2 16
1 8 9 0 2 13 4 8
0 24 26 28 14
0 25 18 16
0 26 14
0 27 0 21
0 28 10
0 29 31
0 30 6 7
0 31 8 27
0 32 9
0 33 32
0 34 22 5
0 35 3 30
0 36 24
0 37 22
0 38 25
1 13 4 15 16 17 26
1 7 0 12
1 16 6 1 19
1 11 12 16 11 15
1 10 4 25
1 8 18 9 19 24
1 0 7 23
1 17 5 9
1 2 20 8
1 9 4 2 12
1 14 10 0
1 5 13 14 17 9 32
1 19 5 28 30 31
1 3 13 27 29
1 18 5 6 0
1 6 12 2 33
1 12 4 20 3
1 15 20 11 6
1 20 6
1 1 8 21 14 19 20
1 4 7 3
0 21 7
0 22 25
0 23 25
0 24 6
0 25 19
0 26 10 26
0 27 35
0 28 13
0 29 8 12
0 30 22
0 31 4 26
0 32 2
0 33 34 26
1 14 12 24 28
1 20 14 17 4
1 13 7 20 13 35
1 16 21 11 2
1 11 3 19
1 17 6 18 11 15 12
1 18 10 14 37
1 0 2
1 2 9 29
1 15 23 11
1 12 8 15 5 21
1 21 21
1 4 8 22 4
1 5 23 1 4 16 6
1 3 0
1 19 13 10 21
1 9 8 20 19
1 10 5 16 17 2
1 6 10 3 17 5
1 7 2 0 13 1 14
1 8 9 8 18 34
1 1 20
0 22 11
0 23 16
0 24 2 27 30
0 25 22
0 26 21
0 27 23
0 28 36
0 29 38 33 36
0 30 9 25
0 31 25
0 32 3 31
0 33 32 26
0 34 1 20
0 35 17 11
1 6 11 5
1 7 7 2 13
1 1 5 14
1 4 13
1 0 16
1 2 0 20
1 15 12 2 7
1 18 10 1
1 9 3 15 21
1 5 15 0 24
1 10 11 1 4 3 13
1 21 12
1 14 7 15
1 20 7 17
1 23 8
1 19 6 14
1 12 10 9 0 6 8 19
1 16 7 15 12 21
1 13 15 3 1
1 17 10
1 3 13
1 22 12
1 11 6 4
1 8 7 0 11
0 24 14
0 25 26
0 26 12
0 27 4 27
0 28 4
0 29 0
0 30 0 22 23
0 31 1
0 32 7
0 33 16
0 34 11
0 35 2 21
0 36 6 11
0 37 18 4
0 38 25 19
1 2
1 12
1 4
1 10
1 8
1 1
1 9
1 13
1 15
1 6
1 11
1 7
1 14
1 3
1 16
1 5
1 0
0 17
0 18
0 19
0 20
0 21
0 22
0 23
0 24
0 25
0 26
0 27

