13
24 23 18 26 24 29 15 29 13 32 26 31 12 
1 1 6
1 7 0 19
1 8 8
1 5 11
1 0 4
1 11 1 9
1 14 10 5 14
1 13 1
1 10 7
1 6 4 3
1 12 7 12 17
1 4 2
1 2 6
1 3 6
1 9 11 13
0 15 7
0 16 7 20
0 17 8
0 18 11
0 19 15 16
0 20 22
0 21 21
0 22 1
0 23 18
1 5 4 8
1 11 6
1 2 2
1 8 1
1 0 9
1 13 0
1 1 10
1 7 4 13
1 6 4
1 4 3
1 10 5
1 3 3 16
1 12 0
1 9 4 7 11
0 14 12
0 15 3
0 16 17
0 17 17 15
0 18 7
0 19 2
0 20 17
0 21 10
0 22 0 14
1 10 15 13
1 6 2 5
1 2 11 6 17
1 3 14
1 5 11
1 7 1 12
1 9 2 22
1 8 2 10
1 4 1 4 23
1 0 3 0
1 1 7 8 9
0 11 11
0 12 7 16
0 13 1
0 14 10
0 15 25 18 20
0 16 7 19 21
0 17 24
1 4 7
1 13 10 12 16
1 12 14 20 22
1 2 8
1 1 9
1 3 8 18
1 5 7
1 0 9
1 10 5 15
1 8 14 13
1 11 1 4 19
1 7 2 3
1 9 6 0
1 14 10
1 6 2
1 15 11
0 16 9
0 17 0
0 18 9
0 19 5
0 20 13
0 21 6
0 22 5
0 23 14
0 24 21 17 23
0 25 5
1 14 17 9
1 7 7 12
1 5 5
1 6 11 26
1 10 5 3
1 8 5 1 20
1 1 8
1 3 2 13
1 2 16 0
1 0 8
1 12 4
1 13 17
1 11 6
1 4 14 10 23
1 9 15
0 15 19 25
0 16 28
0 17 27
0 18 14
0 19 18
0 20 10 22
0 21 1 21 24
0 22 5
0 23 15
1 3 6
1 15 2
1 9 0
1 16 2 12
1 13 3
1 5 6
1 12 2 8
1 11 0
1 1 5
1 17 2
1 2 7 4 14
1 6 1
1 7 1
1 0 5
1 8 0
1 10 0
1 4 6
1 14 3
0 18 13
0 19 13
0 20 10
0 21 0
0 22 11
0 23 3
0 24 9
0 25 3
0 26 10
0 27 6
0 28 7
1 6 13 7 9 11 17
1 4 15 10
1 8 13
1 7 3 19 24
1 3 5 4 6 14 23
1 0 15 26
1 2 15 0 12
1 1 1 18
1 5 8 2 16 21
0 9 6
0 10 17
0 11 2
0 12 11 22 25 27 28
0 13 20
0 14 5
1 10 7
1 4 4
1 3 1
1 13 7
1 8 3
1 0 1
1 5 4
1 16 2
1 9 3
1 11 3 0
1 12 7
1 1 1
1 7 1 6 11
1 17 2
1 14 5
1 2 1
1 15 5
1 6 4
0 18 12
0 19 0
0 20 2
0 21 8
0 22 12
0 23 9
0 24 3 10
0 25 5
0 26 5
0 27 0
0 28 6
1 6 3 13
1 0 4 24
1 7 17 9 31
1 2 12 14 18
1 1 6 10 11 15 20
1 5 6 0 19
1 3 5 8
1 4 2 1 7 16
0 8 21 22 26
0 9 19 30
0 10 4 25 29
0 11 6 28
0 12 15 23 27
1 18 11 25
1 9 6
1 6 15 24
1 15 13
1 2 9 2
1 10 5 8 19
1 5 15
1 11 10
1 7 6
1 14 3 18
1 0 4
1 1 12 1
1 12 14
1 13 14
1 4 3 0
1 3 7
1 16 13 17
1 19 11
1 8 6
1 17 5
0 20 14
0 21 21
0 22 8
0 23 7
0 24 8
0 25 5
0 26 23
0 27 20
0 28 5
0 29 21
0 30 22
0 31 16
1 3 0
1 1 2
1 2 6
1 12 13 28
1 0 12 25 26
1 14 1
1 9 7 21 23
1 6 18
1 5 16
1 7 5 17
1 10 5 8
1 15 10 9
1 4 3
1 13 14 4 11 15 19
1 11 14
1 8 18
0 16 20
0 17 9
0 18 22 30
0 19 17 29
0 20 24
0 21 11
0 22 18
0 23 0
0 24 24
0 25 27
1 3 3
1 14 6
1 1 3
1 5 1
1 15 6
1 4 3
1 2 3
1 8 1
1 16 6
1 17 5
1 13 0
1 9 1
1 0 2
1 12 0
1 11 4
1 18 5
1 6 1
1 10 4
1 7 1
0 19 7 11
0 20 3
0 21 8
0 22 3
0 23 9
0 24 2
0 25 6
0 26 5
0 27 0
0 28 1
0 29 10
0 30 4
1 4
1 2
1 0
1 1
1 3
1 6
1 5
0 7
0 8
0 9
0 10
0 11

