6
10 15 16 11 16 29 
1 7 0 8
1 3 1 3 7 14
1 4 10 4 0 2 12
1 5 1
1 0 5 9 7 0 4
1 1 11 9
1 6 8 6 11
1 2 10 2 5
0 8 2 13
0 9 9
1 11 1
1 8 6 0 5 1 13
1 6 3 4
1 4 4 10 3 6
1 1 6 11
1 5 12 0 9 1
1 10 5
1 2 3 2 8 10 11 15
1 7 1 3
1 0 6 2
1 3 7 3 6
1 9 1 9 4
0 12 14
0 13 14 15
0 14 0
1 9 6 2 4
1 12 5 4
1 0 1 10
1 3 8 6 0
1 11 2 4
1 10 2 5
1 2 5 3 7
1 7 5 3
1 8 4 2 6
1 6 6
1 4 2 0 9
1 5 6
1 1 7 0 8 3
0 13 3
0 14 6
0 15 3
1 2 4 0 5
1 0 10
1 6 12 8 0 11
1 3 8 1 4
1 8 2 7 15
1 7 8 12 2 14
1 5 6 0
1 1 10 9 1
1 4 3 11 13
0 9 7
0 10 5
1 7 19 1
1 5 9 6 18 21 22 12
1 9 9 2 10
1 3 3 18
1 4 14 4
1 1 0 15
1 6 8 22
1 11 17
1 8 12 11 1 25
1 2 10 5 0 24
1 0 16 20 23 3
1 10 13
1 12 7
0 13 7 27 28
0 14 11 26
0 15 7
1 4
1 17
1 23
1 6
1 10
1 3
1 7
1 22
1 16
1 18
1 15
1 20
1 14
1 19
1 11
1 5
1 0
1 21
1 9
1 13
1 1
1 8
1 12
1 2
0 24
0 25
0 26
0 27
0 28

