13
32 6 20 35 6 20 35 14 20 8 32 20 10 
1 13 3
1 14 3
1 7 4
1 0 1
1 1 1
1 8 4
1 15 3
1 2 1
1 9 4
1 3 1
1 21 2
1 4 1
1 10 4
1 5 1
1 22 2
1 16 3
1 17 3
1 23 2
1 24 2
1 11 4
1 18 3
1 19 3
1 20 3
1 6 1
1 12 4
1 25 0
0 26 5
0 27 3
0 28 0
0 29 0
0 30 1
0 31 0
1 4 0
1 0 9 2 11 19
1 3 8 1 4 10 12
1 2 15 3 5 16
1 1 14 6 7 13
0 5 1 17 18
1 14 6 27
1 4 20 28
1 0 9 29
1 12 12 10
1 13 16 18
1 8 19 3 14 23 34
1 6 4
1 3 11
1 15 21 13
1 1 25 0 2 22
1 11 7 8 17
1 2 5
1 9 7
1 5 21 1 24
1 7 15
1 10 15 26 33
0 16 1
0 17 26
0 18 32 31
0 19 30
1 9 3
1 8 1
1 5 1
1 20 2
1 11 3
1 6 1
1 28 4
1 16 3
1 25 4
1 4 1
1 23 4
1 7 1
1 21 2
1 27 4
1 2 0
1 12 3
1 26 4
1 17 3
1 18 3
1 13 3
1 15 3
1 24 4
1 0 0
1 14 3
1 1 0
1 10 3
1 22 4
1 19 3
1 3 0
0 29 4
0 30 0
0 31 2
0 32 2
0 33 2
0 34 5
1 0 15 2 3 18 19
1 1 8 0 9 14 17
1 3 6 7
1 2 13 5 10 12 16
1 4 4 1 11
0 5 13
1 10 26 0
1 14 11
1 2 21
1 3 19 12
1 15 8 5 24 25
1 11 27 20
1 4 16
1 12 4 34
1 0 13 32
1 6 6 22 29
1 8 28 17
1 13 1 23
1 1 13 14
1 7 9 7
1 9 26 2 18
1 5 15 3 10
0 16 5
0 17 33
0 18 23 30
0 19 31
1 12 0
1 11 9
1 4 2
1 18 6
1 19 6
1 16 4
1 6 8
1 2 1
1 25 3
1 24 3
1 9 9
1 21 6
1 7 7
1 0 1 13
1 1 1
1 5 2
1 10 9
1 13 0
1 22 3
1 8 7
1 15 4
1 3 10
1 17 6
1 28 5
1 26 3
1 27 3
1 23 3
1 20 6 11
1 14 4
0 29 2
0 30 12
0 31 3
0 32 10
0 33 6
0 34 6
1 6 4
1 0 10
1 2 7
1 9 2
1 7 2 11 14
1 10 8 19
1 8 2 16 18
1 4 15 1 5
1 3 2 9 12
1 5 13 3 6
1 1 10 0
0 11 12
0 12 1
0 13 6 17
1 3 4
1 9 5
1 14 1
1 11 5
1 10 5
1 6 3
1 2 0
1 4 4
1 15 2
1 0 0
1 1 0
1 13 5
1 5 3
1 12 5 6
1 8 3
1 7 3
0 16 5
0 17 5
0 18 5
0 19 7
1 0 21 4 10 16 19
1 4 13 11 12 18
1 5 17 1
1 2 24 0 2 5 9 14 23
1 1 20 6 15 25
1 3 3 7 8 22 28 29 30
0 6 27 31
0 7 4 26
1 5 7
1 23 13 17
1 13 8
1 3 11
1 1 11
1 22 13
1 4 7
1 21 10 2
1 24 3
1 9 9
1 14 14
1 20 15 16
1 18 12
1 8 5
1 15 14
1 12 8
1 0 4
1 25 6
1 16 14
1 2 11
1 6 5
1 17 12
1 11 1
1 10 1
1 19 12 0
1 7 5
0 26 7
0 27 18
0 28 18
0 29 19
0 30 12
0 31 3
1 9 1
1 5 4
1 11 3
1 14 5
1 0 2
1 3 4
1 15 5
1 2 4
1 6 7
1 4 4
1 12 0
1 1 2
1 8 1 8
1 13 5
1 7 1
1 10 7 6
0 16 5
0 17 9
0 18 3
0 19 5
1 6
1 3
1 0
1 5
1 1
1 7
1 4
1 2
0 8
0 9

