13
14 27 29 16 29 21 28 33 26 22 12 20 11 
1 3 6 7 14 2 1
1 10 14 0 10 16 17 7 3
1 9 21 3 18 9 8
1 6 4 9 3 18 10 7 23
1 5 6 9 21 16 25
1 7 21 18 10 6
1 4 18 13 5 3
1 1 12 2 18 15 6 24 26
1 8 20 13 9 8 18
1 2 5 8 11 15 19 10
1 0 1 7 5 12 22
0 11 0
0 12 5
0 13 3 23
1 21 8 9 22
1 10 7 11 14 22
1 8 6
1 20 18 22 9
1 12 4 12 13 20 2
1 0 21 14
1 7 19 17 23
1 1 19 12
1 19 18 8 2
1 4 22 5 21
1 16 19 1 20
1 6 21 16 10 27 18
1 2 4 0
1 13 9 4 10
1 17 15 13 2 7 11 4 5 22
1 3 21 17
1 18 8 1 19 7
1 9 17 20 10 21
1 15 9 17 4
1 5 23 10 6 26 8
1 14 8 3 10 28
1 11 2 7 21 6 17 4
0 22 4
0 23 17
0 24 25
0 25 24 26
0 26 25
1 9 6
1 8 1 2 10 8 13
1 16 4 3 11 12 7
1 12 10 4
1 3 4
1 6 5 7
1 10 6 8 12 14
1 23 11 12 15
1 17 7 10 3
1 21 12 10
1 7 7 9
1 2 4 14
1 0 8
1 18 1 3
1 4 6 8
1 22 12
1 20 10
1 13 12 5 7
1 15 6 0 9 3
1 11 6 11
1 19 10 9
1 1 4 7
1 14 3 11 1 7
1 5 4 1 0
0 24 12
0 25 6
0 26 10
0 27 9
0 28 8
1 3 13 21 8 6 0 19 28
1 4 12 11 17 21 20 26 9
1 6 12 8 22 15 23 13 24
1 12 10 23 15 22 11
1 2 6 4 15 0 12
1 7 20 22 11 6 8 25 17
1 5 7 14 17 15 19 9 23 16 22
1 1 14 8
1 0 0 5 21
1 8 1 5 7 23 22
1 9 19 18 21 15 23 1
1 11 9 16 22 2 4 18
1 10 2 3 10 13 20 21 1 27
0 13 7
0 14 10
0 15 3
1 9 6
1 21 9 16
1 17 9 7 13 1 0
1 8 2 13 10 4
1 0 14 2 11
1 1 15 14 4
1 2 0 1 12
1 16 16 12 8 3
1 10 15 5 14
1 23 7 13 9
1 22 7
1 18 5
1 11 16 4 0 2 12 18
1 7 3 8 11 12 4 16 15
1 3 10 8
1 12 14 0 11 7
1 6 10 8 6 17
1 4 5 8 0 11 2
1 15 0 6 7 5 19
1 19 15 13 12 6
1 13 15 11 10 5 2 9
1 5 12 0 14 1
1 20 10 13 1
1 14 13 5 2
0 24 4
0 25 20
0 26 15
0 27 18
0 28 3 0
1 6 10 11 20
1 4 13 3 8
1 1 12 7 17 3 0 26
1 5 12 14 19 3 23
1 2 22 10 25
1 11 21 15 11 7
1 7 8 16
1 14 1 4 5 9 21
1 3 22 6 11 10 17
1 13 0 15 19
1 8 15 9 20
1 9 5 15 16 18 27
1 12 2 17 18 0 14 19
1 16 1 19 2
1 0 13 10
1 10 18 16 0 21
1 15 21 19 11
0 17 10
0 18 2 0 24
0 19 14 24
0 20 11
1 9 10 6 21
1 22 7 23
1 15 12 7
1 10 25 10
1 14 25 26 20 6 21 18
1 11 25 8 21
1 6 17 15 6 19
1 3 19 4 32
1 20 22
1 8 15 26 17 6
1 12 17 14 21 22
1 17 0 19
1 2 2 11
1 0 10 31
1 13 6 24 20
1 16 9 1 13
1 4 18 3 27
1 7 5 11 24 19
1 21 16
1 18 22 2
1 5 4 10 21
1 19 20 12 28
1 1 17
0 23 4
0 24 20
0 25 0 31
0 26 30
0 27 29
1 21 18 10
1 18 8 18 3
1 14 5 9 19 2
1 4 4 10
1 1 1
1 19 11 2
1 7 3 4
1 23 10 20 17
1 8 18 7
1 20 16 17 10
1 5 8 3 19 1
1 0 19 7
1 10 19 12
1 12 6 2
1 2 14 7
1 9 10 14
1 24 12 2 8 10 5 14
1 6 15 18 7
1 11 3 8
1 13 5 3 9
1 26 3 0 13 18 5 22
1 17 1 13 4 18 12
1 22 12 2 1
1 25 5 25
1 3 6 15 9
1 15 4 13 8
1 16 15 12 8 21
0 27 17
0 28 4 25
0 29 24
0 30 23
0 31 13
0 32 11
1 20 7 14
1 3 3 15 12 8
1 18 6 5 17
1 10 6 9 3 0 4
1 4 8 12 19
1 15 4 16 14
1 1 15 11 4
1 0 8
1 9 5 3 11
1 5 3 2 14 4
1 11 12
1 6 0 13 14 17
1 17 6 0 2 21
1 19 14 16 5
1 8 17
1 7 7 17 0 12 2 13
1 13 15 16 6 0 8 2
1 12 14 5 15 11
1 14 12 1 6 14
1 2 8 2 13
1 16 10 2 18
0 21 10
0 22 20
0 23 12
0 24 3
0 25 15
1 12 6 3 9
1 1 6 2
1 7 0 4 8 3
1 8 9 5 0 2 7 4
1 5 7 9 0 4
1 11 7 8 4
1 17 9 5 1
1 14 6 8 9 4
1 4 8 0
1 2 6
1 16 1 8
1 3 1 2 5
1 10 2 3 8 0 5
1 0 6 0
1 13 3
1 6 0 5 6 4 3
1 15 3 9 4 6 1 5
1 9 7 0 9 1 6 8
0 18 0
0 19 5
0 20 10 11 9 3
0 21 5
1 0 2 7 15 0 1 5 8 4 11 14
1 6 11 12 9 3 7 14
1 1 3 1 15
1 5 0 14 6 15 3
1 4 8 5 6 2 15 19
1 9 7 9 15 12 6 13 19
1 2 4 6 3 5 2
1 3 10 1 14 15 8 9 13 4
1 7 0 15 4 6 12
1 8 7 13 10 2 8 17 16
0 10 18
0 11 4 16 2 10
1 11 1 6 2
1 6 2 5
1 9 6 7 1 5 8 4 3
1 5 7 1 3 4 5
1 0 0 2 7 9
1 4 6 0 2
1 14 1 5 6
1 12 1 4 8 10
1 3 8 0 3
1 13 1 6 4 5
1 15 6 1
1 1 0 4 3 7
1 10 8 6 5 2
1 7 5 3 2 4 8
1 2 4 7
1 8 0 1 6 5 2 3
0 16 1 10
0 17 3
0 18 0
0 19 8
1 1
1 8
1 2
1 3
1 4
1 6
1 7
1 0
1 5
0 9
0 10

