13
42 8 26 47 8 26 47 18 26 10 42 26 13 
1 0 3 1 0
1 5 3 2 1 4
1 1 4 3 1 0
1 13 1 2
1 19 1 0 6 5
1 9 4 3 1 0 6
1 7 3 0 1 6
1 4 1 2 3
1 25 4 0 1
1 2 1 4 3
1 14 2 0 3 1 4 5
1 3 1
1 20 4 1 2 0
1 15 1 2
1 24 2 1 0
1 10 3 4 0 1 6
1 16 3 0
1 21 2 4 0
1 22 2 4 0
1 6 4 1 5
1 11 3 0 1 4
1 18 3 2 0
1 17 3 1 0 2
1 23 1 0
1 8 4 2 3 6
1 12 0 3 1 4 6
0 26 7 2
0 27 5 4
0 28 4
0 29 3
0 30 4 2 7
0 31 2 6 0
0 32 7 0 2
0 33 3 2
0 34 7 1 2
0 35 2 6 7
0 36 0
0 37 7
0 38 5
0 39 0 6
0 40 4 5
0 41 5
1 4 0 12 11 9 3 5 8 15 7 2 1 14 21 24 13 22 18
1 1 9 2 11 1 15 3 10 5 0 7 6 14 4 13 18 22 25
1 3 8 1 4 10 12 0 2 7 9 15 11 13 3 6 5 16 23 22
1 0 15 3 5 9 6 1 2 7 14 0 10 20 25 23
1 2 14 6 7 13 10 15 2 9 3 5 12 1 22 24 23
0 5 3 19 20 14 12 5 9 11
0 6 13 17 10 14 2 23 5
0 7 23 2 4 22 15 10
1 7 6 27 0 1 10 7 28 30 9
1 10 20 28 25
1 14 9 21 12 25 35 17 8
1 12 12 10 28 9 21 42
1 1 16 18 4 19
1 11 19 3 14 23 13 15 40 46
1 0 4 11 28 33 8 42
1 8 11 22 2 37 16
1 6 21 13 16 19
1 4 25 0 2 22 17 16 24 18 1
1 5 7 8 17 15 1 24 41
1 15 5 6 3 16 32 14
1 9 7 25 6 15 26 3 27
1 13 21 1 24 25 43 45
1 2 15 10 8 14 27 17 25
1 3 15 26 14 19 1 0 25 45
0 16 28 34
0 17 22 16
0 18 24 34 39
0 19 9 29 35 10 40
0 20 16 14 12
0 21 23 31 38 10
0 22 24 9
0 23 13 42 44
0 24 1 36
0 25 39
1 2 3
1 25 1 0 3 2
1 7 1 4 3
1 28 2
1 1 3 4 0
1 20 1 2 4 0 3
1 19 4 2 3 6
1 22 3 2 0 7
1 0 4
1 17 1 3 7
1 16 4 2 3
1 11 1 4 0
1 18 2 4 0 7
1 10 4 3 0 1 7
1 21 0 3 2
1 6 3 4 1
1 13 4 1 0 3
1 14 3 1 2
1 15 3 1
1 5 3 4 6
1 27 3 2
1 24 4 1 2 7
1 26 0 1 4
1 23 3 2 0
1 3 0 3 4
1 12 3 2 4
1 9 4 1 3
1 8 3 4 1 7
1 4 0 4 6
0 29 4
0 30 3 7
0 31 1 6 4
0 32 7 4
0 33 0 5
0 34 0 2
0 35 2
0 36 4 2
0 37 6
0 38 2
0 39 4 6 1
0 40 7
0 41 1
0 42 0 5
0 43 2
0 44 5 7
0 45 0 6
0 46 6
1 2 15 2 3 13 11 7 9 14 5 12 6 10 21 19 1
1 3 8 0 9 14 6 10 11 1 3 13 4 5 12 2 15 16 18
1 4 6 7 15 13 12 2 3 5 14 4 0 9 24 11 20 21
1 1 13 5 10 12 11 9 4 2 15 1 7 8 6 19 20 23 25 17 24
1 0 4 1 11 6 10 8 5 9 7 13 21 18
0 5 1 16 22 21 25 19 23 13
0 6 24 17 18 10 20 23 25
0 7 13 17 5
1 11 26 0 3 30 31 18
1 6 11 20 14 8 33
1 4 21 25 3 2 33
1 13 19 12 26 10 23 6
1 7 8 5 24 25 6 10 2 4
1 5 27 20 11 25 18
1 3 16 12 40 44 27 46
1 8 4 14 19 0 29 39
1 12 13 4 28 14 9 26
1 0 6 22 17 16 4 23 43 41
1 9 28 17 23
1 2 1 23 11 2 22 45
1 10 13 14 25 24 35
1 1 9 7 16 27
1 14 26 2 18 9 21
1 15 15 3 10 28 29
0 16 20 14
0 17 13 32 41
0 18 4 34
0 19 6 38 45
0 20 5 46
0 21 36 37
0 22 42 20
0 23 0
0 24 5 34
0 25 35 23
1 8 0 2
1 4 9 10 0
1 22 2
1 17 6 7 13 2
1 7 6 9 12
1 28 4 1
1 5 8 5 0
1 16 1 8 5
1 10 3 10 7 8
1 11 3 10
1 14 9 5 7 10
1 1 6
1 18 7 10 3 5 11
1 20 1 4 10 7 8
1 19 1 10
1 21 2
1 0 9 8 10 15
1 6 0 15 9
1 24 3 1 5
1 27 7 2
1 25 4 2
1 9 10 0 3 8 11
1 3 6 0
1 15 5 9 2
1 13 3 6
1 12 3 6 11
1 23 3
1 2 6
1 26 4 3
0 29 10 8
0 30 17
0 31 0 15
0 32 17
0 33 8
0 34 8
0 35 3
0 36 12
0 37 5 7
0 38 16
0 39 5
0 40 7
0 41 9 2
0 42 11
0 43 5
0 44 17
0 45 4 14
0 46 1 4
1 3 4 10 5 8 14
1 10 10 14 12 15 13 1
1 6 7 6 4 1 14 3 20
1 7 2 15 13 9 4 5
1 9 2 11 14 15 13
1 5 8 4 1 15 10 12
1 2 2 3 0 12 11 23
1 8 15 1 5 2 14 9 0 17
1 0 2 9 12 11 18 22 13 6
1 4 13 3 6 11 23 14 1
1 1 10 0 7 14 3 2
0 11 11 16 19 4 5 7
0 12 7 18 21 5
0 13 22
0 14 1 24
0 15 25 20 6 3
0 16 1 16 23 13 17
0 17 7 14
1 7 4 1 5 0 2
1 15 5 4 7
1 2 1 3 2 6
1 5 5 3 0 2 1
1 11 5 4 0 8
1 13 3 5
1 3 0 4 3 1 2
1 8 4 1 5
1 0 2 6
1 1 0 1 2 3
1 4 0 4 1 3 2
1 12 5 3 4 9 7
1 6 3 1 2 5 4 7
1 10 5 0 4
1 9 3 5 2 0 4
1 14 3 5 4 1
0 16 3
0 17 7 5
0 18 6
0 19 4
0 20 7 6 9 2
0 21 2 0 7
0 22 7 4
0 23 5 3 1 0
0 24 0 3
0 25 3 8 6
1 2 21 4 10 16 19 9 20 17 22 23 32 34 2 11
1 0 13 11 12 18 17 0 3 6 2 9 28 29
1 1 17 1 14 0 20 19 8 6 13 3 15
1 3 24 0 2 5 9 14 23 11 13 10 26 35 36 19
1 4 20 6 15 25 23 17 0 14 18 11 16 5 9 38 36
1 5 3 7 8 22 14 21 15 12 10 1 17 9 33 40 41 38 25
0 6 23 14 35 36 7
0 7 30 36
0 8 15 27 31 39 2 29
0 9 5 29 37 2 38 20 22 19
1 2 7 1 11 4
1 24 13 9
1 3 8 4
1 9 11 7 13 1
1 0 11
1 18 13 11 12
1 1 7 21 1
1 21 10 2 24
1 12 3 11 10
1 23 9
1 11 14 15 7 8
1 17 15 10
1 6 12 6 11 25 20
1 8 5 4
1 22 14 12 18
1 13 8 3 5 4 9
1 10 4 1 10
1 4 6 11 3
1 25 14 18 3
1 5 11 0 5
1 14 5 4 3 14
1 20 12 0
1 7 1
1 19 1 9
1 16 12 0 15
1 15 5 3 7 9 2
0 26 6 17 19
0 27 13
0 28 14
0 29 9
0 30 22 7
0 31 12
0 32 16 20
0 33 3 8
0 34 23 18
0 35 11
0 36 7
0 37 15
0 38 25 21
0 39 22
0 40 19
0 41 22 15
1 9 1 3 0 4 7 6 5 9
1 5 4 7 1 5 2 12
1 8 3 5 2 0
1 12 5 2 6 1 3 11
1 7 2 6 1 7 4 12
1 4 4 2 0 5
1 0 5 7 0 3 12 4
1 3 4 2 1 3 0
1 1 7 2 4 5 9 0 12
1 13 4 0 6 1
1 11 0 4 6 1 2
1 2 2 3 0 1 4
1 10 1 2 3 11 4
1 14 5 2 6 0 7 3
1 15 1 0 6
1 6 7 6 2 10 1
0 16 3 10
0 17 11 0 9
0 18 10
0 19 9 5 12 1
0 20 6
0 21 0
0 22 3 5
0 23 5 4
0 24 7 12
0 25 8 4
1 4
1 5
1 3
1 1
1 2
1 6
1 7
1 0
0 8
0 9
0 10
0 11
0 12

