13
31 47 34 31 10 36 34 15 34 36 31 36 8 
1 10 11 1 14 10
1 2 18 25 1
1 14 19 3 28 11 24
1 13 16 26 20 22 8 27 3
1 8 21 7 28 15 5 6 40
1 6 8 15 26 25 18 9 35
1 18 13 24 17 37
1 4 8 22 15
1 12 2 0 9 20 25 11 1 12 8 32
1 17 24 19 14
1 7 17 2
1 11 23 6 12 5 11 38 37
1 3 10 1
1 0 5 45 42
1 15 13 14 20 17 21 22
1 1 21 18 44
1 16 13 20 7
1 5 27 4 39 17
1 9 2 19 8 20 45 29
0 19 6 21
0 20 17 46
0 21 31 28
0 22 9 17 44
0 23 41
0 24 33 42
0 25 20 27
0 26 46
0 27 2 29
0 28 22 30 34
0 29 20 19
0 30 36 32 39 43
1 27 20 25 31
1 10 15 3 12 20
1 2 2 13 29
1 11 8 19 26
1 6 18 19
1 3 2 10 3 14 24
1 15 16 15 4 10 21
1 5 1 15
1 0 14 3
1 20 16 19 20 8 10
1 7 17 3 5 16
1 18 17 1
1 22 9 5
1 26 9
1 16 0
1 13 19 13
1 9 14 15 4
1 19 10 1 27
1 1 8
1 21 7 6 19 0
1 28 20 11
1 8 5 13
1 17 19 9 18 13 33
1 12 18 0 26
1 25 10 9
1 4 16
1 24 10
1 14 0
1 23 4 11 32 18
0 29 19 1
0 30 30
0 31 19
0 32 5
0 33 6
0 34 22
0 35 24
0 36 16
0 37 8
0 38 22
0 39 7 0
0 40 5
0 41 6
0 42 2
0 43 23
0 44 23 9
0 45 28 1
0 46 23
1 11 12 15 5 6
1 8 6 5 12
1 1 17 1 15 5 0
1 0 2 9
1 18 4 10 26
1 10 15 18 3
1 12 18 15
1 16 0 8 7 13
1 3 14 11 5 9 24 12
1 19 11 7 0
1 17 6 15
1 13 3 7 6 29 17 8
1 9 5 16 0 15
1 6 10 13 17 9 18
1 2 9 3 20
1 4 2 8 0
1 5 14 16 10 21 24
1 15 8 4 11 13
1 7 15 17 25
1 14 10 16 15 22
1 20 11 19 23
0 21 30
0 22 16 28
0 23 8 22
0 24 8 20 4
0 25 0
0 26 2
0 27 18
0 28 14
0 29 18
0 30 27 15 19 10
0 31 0
0 32 18
0 33 14
1 18 5 2 1
1 9 5 1 0 3
1 6 0 1
1 8 3 5 0 4
1 12 2 1 3 0
1 1 0 9
1 10 3 5 2
1 14 4 3 1 5
1 7 1 0 8
1 5 2 4 0 8
1 15 3 5 1 4
1 17 1 4 2
1 13 3 5
1 11 1 2 3
1 3 0 2
1 16 5 2 4
1 2 2 0
1 0 0 4 1
1 4 0 2 3 4
0 19 7
0 20 6 2
0 21 9 8
0 22 8
0 23 4
0 24 0
0 25 9
0 26 3
0 27 5
0 28 8 0
0 29 2 7
0 30 7 2
1 0 18 3 14 17 9 0 15 12 13 7 11 32 8
1 4 9 15 20 14 10 3 0 19 8 5 34 21
1 2 7 6 13 15 1 5 12 19 8 14 3 28 23 31
1 1 21 2 4 5 9 19 6 0 14 3 12 15 29 32 13 16
1 3 19 10 11 16 5 6 17 1 8 7 12 9 24 35 20 27 26
1 5 13 0 1 8 12 11 7 14 6 17 5 18 35
0 6 10 22 23 26 7 17
0 7 21 27 31 33 23 22 5
0 8 9 30
0 9 18 25 28 21 10 16 0 30
1 20 15 14 30
1 16 18 0 32
1 1 2 10 12
1 11 4 20 10 19 17
1 8 7 6 25
1 13 4 5 18
1 4 6 17 14 5
1 3 12 17
1 18 7 11 20 33
1 2 12 6 11
1 15 7
1 5 3 10 15 2 20
1 17 9 1 15 0 24
1 6 13 2
1 7 4 10
1 0 3
1 9 0 17
1 10 8 3 4 17
1 19 7 8 26
1 12 4 19 8 23 30
1 14 16 12
1 21 18
0 22 11
0 23 8 29
0 24 2 24 32
0 25 22 19
0 26 28
0 27 1
0 28 21 8
0 29 22
0 30 31
0 31 19 16
0 32 0
0 33 27
0 34 9
0 35 9
1 6 4 5 3 13
1 11 3 7
1 1 4
1 0 6
1 8 0 6
1 4 6 5 4 14 2
1 3 4 9
1 12 2 3
1 15 0 1 5 6 11
1 13 2 6 1 5
1 7 7 5 3
1 9 4 2 5 3
1 2 4
1 14 8 4 5
1 17 4 2 8
1 19 0 8 10 2
1 20 8 11
1 10 2 4 0
1 18 1 7 0
1 5 5 6
1 16 1 3 14
0 21 5 4
0 22 9
0 23 1 5
0 24 2
0 25 0
0 26 6
0 27 1
0 28 0
0 29 10
0 30 12 1 9
0 31 0
0 32 6
0 33 7
1 6 13 6 20 16 3 19 8 9 0 14 28
1 7 8 2 3 9 16 0 17 23 5
1 5 17 5 12 16 3 2 11 1 24
1 2 11 18 4 19 13 25
1 1 1 10 2 23 25 30 9
1 3 16 12 18 7 28 29 33 24 21
1 0 19 7 2 11 18 15 29
1 4 5 4 14 9 1 2 12 18 31
1 8 15 0 5 30
0 9 21
0 10 22
0 11 18 9 16
0 12 5 18
0 13 32
0 14 7 26 27 23
1 19 3 1 7
1 5 16 17 19 8
1 4 4 11 10 8
1 9 21 22
1 7 9 15 8
1 18 10 7 3 1 25
1 12 10 5 14 6 24
1 2 9 18 19
1 17 20
1 15 14 21 32 10 15
1 8 20 8 26
1 0 8 2 15 19 33
1 10 14 0 12
1 6 19 11 10 18 1
1 1 13 19 15 18
1 13 20 17 6
1 11 6 15 14 28 21 17
1 20 20 7
1 3 18 15 17 21
1 14 20 17 30 33
1 16 10 5 1 7
0 21 11
0 22 16
0 23 7
0 24 34 26
0 25 10 31
0 26 27
0 27 35
0 28 1 15
0 29 7
0 30 12 29 30
0 31 22
0 32 14
0 33 23 31
1 9 14 4 16 0
1 20 16 12 26
1 2 0 15 23
1 14 11 16 27 19
1 5 9 17 2 15 3 5 27
1 4 8 17 10 0
1 19 12 6
1 21 5 0 10 20 27 16
1 1 9 17
1 11 3 10 9 24
1 18 13 16
1 7 4 7 17 2
1 15 1 13 5
1 3 3 9
1 16 16 7 11 29
1 6 8 13 5 4
1 10 16 10 8 15 0
1 12 5 8
1 0 8
1 8 18 7 15 20
1 17 13 16
1 13 2 15 5 3 12
0 22 25
0 23 3 9
0 24 26 28
0 25 24
0 26 22
0 27 21
0 28 21 23 15
0 29 25
0 30 14 30
0 31 14 7 5 17
0 32 29
0 33 19
0 34 3 25
0 35 18
1 9 9 18 13 12 0
1 11 2 10 26 30
1 7 19 8 16 7 15 3 28 13
1 12 2 12 21 20 3 7 4 24
1 3 1 7 8 20 25 28 12 15
1 18 0 20 16
1 15 20 17 10 11
1 16 20 3 2
1 1 13 5 9 10 1
1 0 1 6
1 14 18 14 17 16 0 29
1 4 7 15
1 10 9 16 17 11
1 8 11 5 7 1
1 13 18 5 3 4 22
1 2 14 17 2 19 0
1 17 20 4 16 24
1 5 1 5 10 15 11
1 6 21 10 27 31
0 19 8 32 13
0 20 34 31
0 21 8
0 22 17
0 23 3 1 18
0 24 15 33 21
0 25 35
0 26 35 14
0 27 9
0 28 33 23
0 29 14 30
0 30 21 9 5
1 17 2 0 7
1 1 1 4
1 11 1 2
1 20 2
1 13 3 0 4
1 4 0 4 1 3
1 2 1 0
1 10 2 1 5 6
1 5 0 3 1
1 3 0 1 5
1 14 3
1 19 3 2
1 15 3 1
1 9 3 4 0
1 6 3 0 1 5
1 8 2 1
1 21 2 7
1 12 1 2 3
1 18 0 2 3
1 0 1 0
1 16 3 2 0 6
1 7 2 1 4 0 7
0 22 5
0 23 1
0 24 5 6
0 25 2
0 26 6
0 27 0 6
0 28 3 2
0 29 1
0 30 7
0 31 0
0 32 6 5
0 33 7
0 34 6
0 35 5
1 2
1 0
1 4
1 3
1 1
0 5
0 6
0 7

