6
24 23 18 26 24 29 
1 2 2 7 13 6 10 17 12
1 5 3 6 8 2
1 6 3 9 22 19
1 12 1 6 7 8 19 17
1 11 3 6 1 9 13 22
1 14 12 9 6 5 4
1 3 8 0 2 7 3 5 11 19
1 13 6 8 9 4 5 7 19
1 1 0 13 1 10 3 7
1 4 8 11 3 13
1 7 11 5 1
1 8 4 8 13 7 1 19
1 9 1 7 4 13 9 6
1 0 10 4 0 19
1 10 1 3 9 8
0 15 14
0 16 0 11
0 17 11 15 8 20 1 22
0 18 16 9
0 19 21 18
0 20 8 12
0 21 20 4
0 22 20 7
0 23 4 1 3
1 5 7 2 1 0 4
1 8 4 2 7 8 14 13
1 0 1 10 8 9 4 2 5
1 2 4 9 10 7 1 0 8 5 12
1 7 2 8 1 0 17
1 9 8 5 2
1 13 2 6 8 0 5 10
1 6 4 2 6
1 10 6 0 4 2
1 11 2 5 6 10 0 15
1 1 1 3 8 9 7 2 10 15
1 3 9 7 1 2 8 0 10 13
1 12 0 10 6 2 12
1 4 10 3 7 8 1
0 14 16 11 6
0 15 13 2
0 16 13 4 10
0 17 7 11 15 0 4
0 18 2
0 19 12 1
0 20 8 2 7 5
0 21 13 10
0 22 5 11 10 0 3 2
1 10 10 12 14 7 8 1 24 15
1 1 9 3 1 6 0
1 5 7 0 1 4
1 2 13 4 2 7
1 3 6 10 2 8
1 6 13 1 3 9 20
1 9 8 5 3 14
1 8 5 13 1 4 11
1 7 15 13 11 4 7 0
1 0 2 9
1 4 11 3 8 23 13
0 11 18 19
0 12 1 4
0 13 4
0 14 18 17 22 25 3
0 15 7 5 22
0 16 18 21 5
0 17 15 16
1 8 7 9 14 0 12 21 15 8
1 9 3 2 10 14 7 8 0 20
1 3 0 1 13 6 19
1 2 3 6 14 12 11
1 0 6 12 13 11 8
1 14 9 14 10 2 7 1 0 22 6
1 1 11 6 3 12 2
1 7 14 1 2 3 5
1 4 7 11 8 6
1 6 10 11 12 7 9 22
1 13 14 4 5 3 9 10 2 8
1 11 8 4 7 2 1 9 3 23 11
1 5 9 13 3
1 12 8 10 14 13
1 15 7 10 1
1 10 9 3 10 4 6 12
0 16 19 9
0 17 17
0 18 22
0 19 3 12
0 20 8 13
0 21 18 21
0 22 5 20 7
0 23 3 16 4 7
0 24 17 16 0
0 25 15 0
1 3 8 0 7 17 15 14
1 7 11 2 8 14 16
1 11 15 3 11 13 24
1 4 0 2 8 17 12 26 28
1 8 16 17 5 3 15 8
1 9 10 12 14 17 7 25
1 6 6 13 0 9 10 8
1 14 1 15 3
1 5 0 4 9 12 16
1 12 9 4 8 1 10 2 22 15 28 25
1 13 10 15 28 16
1 0 17 16 0 7 27
1 2 7 5 11 16 2 4 13
1 1 5 16 26
1 10 11 8 9 20
0 15 14 12 15
0 16 18 23 22
0 17 27 20 12
0 18 21 23
0 19 19 20
0 20 3 1 2
0 21 7 24 16 0
0 22 12 20
0 23 11 4 6
1 0
1 17
1 7
1 15
1 9
1 4
1 1
1 2
1 10
1 12
1 16
1 8
1 13
1 6
1 11
1 14
1 3
1 5
0 18
0 19
0 20
0 21
0 22
0 23
0 24
0 25
0 26
0 27
0 28

