6
37 34 13 36 37 37 
1 15 15 22
1 2 9 4
1 3 9
1 6 1
1 14 2
1 10 6
1 4 18
1 21 17 30
1 18 0
1 5 18
1 12 20 33
1 0 16
1 16 15 21 31
1 17 19 12
1 9 8
1 1 11
1 8 16 14
1 11 11 7
1 7 1
1 13 10
1 22 3 5 29
1 19 13
1 20 13
0 23 6
0 24 13
0 25 32
0 26 23
0 27 26 28
0 28 14
0 29 25
0 30 25 24
0 31 10
0 32 32
0 33 9
0 34 17
0 35 27
0 36 11
1 15 6
1 5 7
1 11 3
1 18 1
1 2 4 0
1 20 2
1 7 5
1 13 6
1 6 7
1 3 7
1 9 5
1 1 4
1 12 3
1 16 6
1 10 3
1 14 6
1 0 4
1 19 2
1 4 7
1 17 1
1 8 5
0 21 8
0 22 11
0 23 4
0 24 8
0 25 2
0 26 5
0 27 9
0 28 8
0 29 12
0 30 0
0 31 10
0 32 8
0 33 0
1 1 4 7 29
1 6 1 15 17 19 26
1 7 5 2 11 12 22 23
1 4 13 6 14 32
1 0 20 31 34
1 3 1 9 10
1 5 8 0 21 33 35
1 2 18 3 16
0 8 0 28
0 9 4 30
0 10 9 25 27
0 11 13 24
0 12 0
1 10 10 1 9 22 28
1 11 3 26
1 20 13
1 3 17
1 1 16
1 21 14 11
1 12 12 24
1 5 15
1 7 15
1 8 10 18
1 4 6 29
1 16 20
1 17 20 34
1 2 16
1 15 20 31
1 14 12
1 6 15
1 18 21
1 9 8
1 19 4
1 0 19 2 7
1 13 0 5 30
0 22 27
0 23 1
0 24 25
0 25 2
0 26 21
0 27 15
0 28 35
0 29 27
0 30 32
0 31 20 23
0 32 36
0 33 8
0 34 16 33
0 35 12
1 10 1
1 14 22 4 33
1 0 13 9
1 12 12 36
1 19 8
1 16 17 19 24
1 5 16
1 1 18
1 9 1
1 15 10
1 7 7 26
1 21 11 30
1 13 12
1 20 3
1 22 15
1 6 2
1 3 16 14
1 4 16 35
1 8 0 6
1 2 21
1 17 17
1 18 5 20
1 11 0
0 23 32
0 24 29
0 25 19
0 26 12
0 27 13
0 28 8
0 29 3
0 30 2 28
0 31 15 27 34
0 32 17 25
0 33 4 23
0 34 5
0 35 4 31
0 36 0
1 10
1 9
1 6
1 20
1 12
1 17
1 7
1 8
1 19
1 0
1 14
1 21
1 11
1 1
1 4
1 22
1 5
1 16
1 2
1 15
1 18
1 3
1 13
0 23
0 24
0 25
0 26
0 27
0 28
0 29
0 30
0 31
0 32
0 33
0 34
0 35
0 36

