6
14 27 29 16 29 21 
1 3 20 15
1 5 16 10 13 5 0 4 25
1 9 18 1 2 15 14 5 19 0 22 23
1 10 9 5 18 4 14
1 1 13 8 2 6 10 11
1 0 11 13 10 3 4
1 2 4 0 3 7 14 26
1 8 6 12 9 21
1 7 14 18 4
1 6 21 19 4 18 7 1 3 20
1 4 4 17 20 16 1 2
0 11 21 24 16
0 12 11 7
0 13 21
1 19 10
1 8 19 16 0 3 5
1 3 16 14 12
1 1 2 12 8 14 24
1 4 16 0
1 14 7 5 0
1 7 11 17 2 16 18
1 0 8 22
1 18 7 10
1 17 6 17 21
1 5 18 3 0 19
1 10 4 1
1 16 21 13 20 18
1 2 19 8 26
1 15 19 6 5 17
1 6 18 9 15 19 0
1 9 22 23 7 2 25
1 12 19 8 23 12
1 20 21 23
1 21 4 17 13
1 11 9 0
1 13 15 5 14 10 18 21 27 28
0 22 11
0 23 11 24
0 24 18
0 25 13
0 26 2 18
1 11 8 7 11 1 2 10 12
1 4 7
1 7 11 8 6 0
1 2 6 7 13
1 19 7 5 2
1 16 3 12 2
1 13 12 0 10 7
1 15 10 9 1
1 1 6 11
1 12 1 0 3 9
1 20 4 2
1 9 10
1 10 4 10 11
1 23 5 1
1 8 6 8
1 3 11
1 5 7
1 21 12 0 9 3
1 6 7
1 14 4 11 2
1 17 8 2 1
1 18 1 2
1 0 6 3
1 22 12
0 24 2 14
0 25 15 13
0 26 14
0 27 9
0 28 9
1 5 20 3 8 22 14 17 19 6
1 6 17 22 20 23
1 9 7 21 3 20 9 1
1 1 15 14 0 17 27 12
1 8 4 11 18 23 13 22 16 20
1 12 10 2 13 5 1 22
1 0 17 14 15 12 2
1 3 5 0 6 11 14 9 15 17
1 7 17 19 18 13 0 3 22 28 21
1 10 13 1 17 26
1 4 12 5 20 16 19
1 2 12 9 15 2 4 11 24
1 11 10 16 0 8 11
0 13 14
0 14 12
0 15 25
1 17 11 2 7
1 19 14 2
1 4 11 0 3 7 4
1 13 5 7 14
1 18 13
1 16 2 13
1 9 3 15 14
1 22 14
1 23 14
1 2 6 1 8 5
1 20 9 11 10 0
1 5 9 12 14 15 3 19
1 7 2 5 16
1 15 14 3 13 4 9
1 0 15
1 1 0 4 5 18
1 6 16 4 18
1 3 15 5
1 11 7
1 12 7
1 8 5 13 2 4 1
1 14 16 13 4
1 10 3 9
1 21 10
0 24 11
0 25 3
0 26 9 12
0 27 14 17
0 28 20
1 1
1 8
1 11
1 6
1 7
1 5
1 2
1 10
1 3
1 13
1 15
1 14
1 0
1 12
1 16
1 4
1 9
0 17
0 18
0 19
0 20

