6
13 20 21 15 21 39 
1 4 0 8 11 4 19 17
1 6 1 3 7 5 8 0 10
1 0 10 4 0 2 6
1 1 1 5 0 6 4 9 18 19 16
1 3 5 9 7 0 4 1 16 17
1 7 11 9 7 1 2 15 5
1 5 8 6 11 4 16
1 2 10 2 5 0 4 8
0 8 3 7
0 9 18 13
0 10 9 19 16
0 11 4 6 10
0 12 14 12 1 15
1 1 1 5 3 6 11
1 4 6 0 5 1 10 17 16
1 7 3 4 10 16 14 15
1 6 4 10 3 6 1 12 14 5
1 0 6 11 15
1 10 12 0 9 1 8 3 16
1 2 5 0 7 18
1 8 3 2 8 10 11 4 15
1 11 1 3 8 9
1 5 6 2 7 9 11 8
1 3 7 3 6 10 4 5 20
1 9 1 9 4 11 3 12
0 12 19 7 4
0 13 10
0 14 1 18 12
0 15 13 10 7 6
0 16 9 11
0 17 10 4
0 18 10
0 19 20 16
1 7 6 2 4 5 3 10
1 9 5 4
1 12 1 4 13
1 3 8 6 0 3 9 14
1 11 2 4 6 13
1 4 2 5 7 0
1 1 5 3 7 0 8
1 2 5 3 0
1 10 4 2 6 1 13
1 8 6 3 2 8 0
1 5 2 0 3 6 10
1 0 6 5 7 3 13
1 6 7 0 8 3 2 12
0 13 4 8
0 14 8
0 15 0 7 1
0 16 11 14
0 17 1 14
0 18 1 0 10
0 19 1 6
0 20 10 14
1 4 4 0 5 12 10 17
1 5 10 12 11 0
1 7 12 8 0 11 10
1 0 8 1 4 6 9 19
1 8 2 7 3 9
1 2 8 12 2 1 6
1 3 6 0 10 9 5
1 1 10 9 1 6 4
1 6 3 11 8 1 0 2 14
0 9 5 14
0 10 16
0 11 8 19 16
0 12 18 20 1
0 13 4 19
0 14 15 13
1 9 19 1 22 18 13 7
1 2 9 6 18 21 22 12 0 17
1 5 9 2 10 19 12 28
1 12 3 18
1 4 14 4 3
1 0 0 15 20 22
1 1 8 22 20 2 35
1 10 17 14 1 13 19
1 6 12 11 1 17 26
1 3 10 5 0 17
1 8 16 20 23 3 2 18 6 4 19 17
1 11 13 10
1 7 7 19 12 26 38
0 13 30 38 18 23
0 14 14 24
0 15 2 25 27
0 16 29 24 6 22
0 17 33 31 36 1
0 18 32 28 37
0 19 9 2 23 12
0 20 34 3
1 2
1 18
1 11
1 23
1 8
1 9
1 12
1 16
1 1
1 7
1 14
1 6
1 10
1 22
1 13
1 0
1 20
1 15
1 17
1 19
1 5
1 3
1 4
1 21
0 24
0 25
0 26
0 27
0 28
0 29
0 30
0 31
0 32
0 33
0 34
0 35
0 36
0 37
0 38

