6
44 21 29 40 23 44 
1 22 1 5 13 20 2
1 19 9 11 8 6
1 1 0 1 4 7 5
1 14 8 5 12 9 14 18 3
1 20 7 9 1 3 10 12
1 5 10 1 6 7 5 0 2
1 16 12 11 9 6 2 1 4 10
1 4 6 4 11 3 0 7 9
1 13 3 10 6 9 1
1 3 3 7 5
1 17 11 1 7 8 9 3 10 0 14 19
1 6 12 9 11 7 2 5
1 25 9 2 11 1 8 12
1 0 10 6 7 5 11 19 20 14 4
1 7 10 9 11 1 7 0 12
1 2 11 7 4 12
1 8 1 5 9 10 0 6
1 18 11 0 8
1 9 1 4 6 14
1 21 1 6 9 10 3 12 7
1 11 9 10 2 6 11
1 26 12 1 8 2 3 4 20 7
1 24 12 3 10 14
1 10 0 9 12 6 11 10 8
1 12 6 8
1 15 11 8 7 2 20
1 23 1 2 5 12 9 14
0 27 11 3 19 16 1
0 28 3 4 15
0 29 7
0 30 19 10
0 31 7 6
0 32 18 20
0 33 0 2 15
0 34 18 12 14
0 35 17 2
0 36 7 20 13 9
0 37 12 1
0 38 11 15
0 39 11 16 10 8 4
0 40 8 5 13
0 41 1 18 17 4
0 42 5 3
0 43 10 13
1 6 2 7 16 3 8 0 6 1 5 17
1 12 15 7 9 11 6 4 5
1 10 0 13 2 17 12 3 9 10 7 11 4 22 25 26 5 21 20
1 11 1 10 3 12 11 2 13 4 9 8
1 1 1 5 8 12 14 17 0 6 15 27
1 2 17 10 13 7 16 9 15 14 23
1 4 6 9 17 0 5 7 1 14 3 19 16 21 15
1 0 2 13 0 14 17 4 26 6
1 8 3 4 9 7 5 11 15 14 8 24 26 1 21 27
1 5 1 17 14 12 3 11 8 23 25
1 3 17 14 4 0 7 1 12
1 7 3 8 5 11 17 0 21
1 9 4 11 6 2 16 8 12 10 27
0 13 18 5 17 27 14 2
0 14 3 12
0 15 28 12 1
0 16 4 25 2 21 13 28 27
0 17 10 23 2
0 18 27 6 21 7 13 20
0 19 26 19 20
0 20 20 24 19
1 8 14 9 18 7
1 4 5 8 23 12 2 4 15 3
1 3 6 22 19 1 8 9 12 24 10
1 17 16 18 19 7 34 36
1 9 13 0 3 17 21 2 5
1 5 11 12 24 22 16 20 17 6 19
1 12 5 15 14 4 10 12 17 27
1 15 23
1 10 20 0 27 28
1 13 13 17 19 3 32
1 11 6 2 18 17 22 19 21
1 16 22 21 3 2 23 14 16 1 10
1 14 10 23 13 7 20 35
1 6 1 11
1 1 23 12 21 18 6 33 19
1 2 5 7 13 20 8 37 21 34
1 7 6 2 5 22
1 0 4 12 24 3 8 39 23
0 18 2 36 29 5
0 19 14 15
0 20 26 38 0 4 7 25
0 21 31 8
0 22 9 33 18
0 23 1 31
0 24 0 29 37
0 25 12
0 26 39 30 32 36 25
0 27 21 35 17
0 28 25 27
1 13 10 12 7 2 15
1 11 11 4 3 10 19
1 18 9 0 10 4 11 1 6
1 19 11 9 0 7 12 6 2 3
1 9 6 12 3 10 5 16
1 7 0 11 10 7 1
1 0 13 1 11
1 22 1 10 12 3 11 8 2
1 1 5 0 11 7 4
1 6 7 8 17
1 21 5 1 11 8 18 10
1 10 5 6 1 0 22 19
1 4 5 8 2 7 0 18
1 2 8 10 5 14 1 0
1 15 2 11 6 4 10 9 19
1 14 8 13 0 9
1 23 3 12 18 22
1 8 9 3 0 5 10 6 16 21
1 5 11 7 6 3 5 10
1 24 12 11 9 1 0
1 12 9 5 10 11
1 17 8 13 0 2 6 11 1 5 12 17
1 20 6 9 3 8 17
1 16 9 11 1 5 10 0 18 12
1 3 0 4 13 2 10 20 19
0 25 20
0 26 7 10 6 19 16
0 27 0 16 15
0 28 21 14 9
0 29 15 21 14 8 22 19
0 30 1 19
0 31 2 19
0 32 5 3
0 33 18 2 14
0 34 7
0 35 1 6
0 36 22
0 37 21 4 8
0 38 6
0 39 19
1 5 9 1 3 26 18 8
1 13 5 10 22 2 7 1 16 27 32
1 8 14 12 15 16 26 21 1 9 3 41 30
1 7 6 18 21 11 14 4 10 15 19 0 39 32
1 2 25 23 18 26 9 13 11 12 42
1 0 9 4 24 30 2
1 6 20 7 17 3 11 33 29
1 1 3 10 21 24 17 12 25 22 11 26 28 34 13
1 9 11 22 15 0 13
1 10 14 1 20 13 2 11 17 29 38
1 4 8 13 23 11 18 4
1 11 0 17 19 22 15 8 10
1 12 14 8 22 25 0 11 26 9 6 5 1 30 33 24
1 3 2 17 12 22 15 37 42 18
0 14 11 34 22 0 37
0 15 15 4
0 16 32 6 10 8 36
0 17 43 10
0 18 35 31 23 42 21 40
0 19 36
0 20 40
0 21 41 8 15 19 32 17 3 37
0 22 6 18
1 22
1 23
1 15
1 6
1 2
1 26
1 19
1 20
1 25
1 14
1 13
1 9
1 1
1 12
1 21
1 11
1 24
1 8
1 5
1 16
1 17
1 3
1 18
1 4
1 0
1 7
1 10
0 27
0 28
0 29
0 30
0 31
0 32
0 33
0 34
0 35
0 36
0 37
0 38
0 39
0 40
0 41
0 42
0 43

