13
15 36 32 15 36 31 16 9 32 15 15 31 6 
1 10 6 11 17 31
1 5 21 12 26 5 4 27
1 0 2 21
1 4 7 15 19 8 1 13 5 18 22 0
1 11 27 4 8 34
1 1 23 1
1 8 6 0 13 7 32 35
1 6 2 28 10 0
1 7 13 10 14 24 28 1 3 15
1 2 20 5 25 0 1 22 29
1 9 7 3 18 4 15 11 30
1 3 16 9 22 29 10
0 12 25
0 13 10 24
0 14 4 33
1 20 0
1 22 7 1
1 1 23
1 23 21 1 22
1 29 21
1 2 17 13 16 25 23
1 18 18
1 26 8 10
1 27 7
1 13 2
1 24 15
1 15 22 2 1
1 9 15 23
1 8 9 13 26
1 4 24
1 12 7 23 28 1
1 14 2
1 28 15 6
1 10 2 7 14
1 11 2 1
1 5 25 12
1 16 9 4 11 24 14 27
1 3 5 16
1 0 14 23 24
1 19 12 3
1 21 19 7
1 6 20 22 16
1 25 12 21 19
1 17 8 24
1 7 19
0 30 12 30
0 31 9
0 32 31
0 33 18
0 34 12
0 35 29
1 14 7 1 11
1 10 0 10 5 9
1 12 1 3 8 4
1 5 1 5 8 11 6
1 16 7 8
1 8 6
1 25 3 7
1 20 1
1 19 1
1 17 2 9 3
1 21 1 12
1 23 10 9 7
1 22 7 5 9
1 2 4 6
1 0 0 4
1 18 9 5
1 1 8 2
1 4 11 8 10 7
1 13 5 10 11
1 9 4 3 11
1 11 5 13 14 0
1 24 1 7
1 15 6 5 9 10
1 3 5 6 11
1 6 8 5
1 7 8 4 1
0 26 11
0 27 3
0 28 7
0 29 3
0 30 9
0 31 11
1 0 13 23 19 21 12 30
1 8 19 1 0 33
1 1 8 5 2 28 6 27 7 13 34
1 11 1 7 9 3
1 3 8 12 20 24 28 0
1 6 10 9 22 12
1 5 6 4 17 18 26 25
1 10 27 18 17 29
1 4 10 11 16 8
1 9 6 2 3 14 29
1 7 0 26 12 31
1 2 21 15 25 5 26 0 12
0 12 8 32 22 5
0 13 24
0 14 25 35
1 20 7
1 23 2 8
1 17 10
1 15 10 13
1 8 20 22 19
1 13 15 9 25
1 12 18
1 28 11 23 28
1 22 7 4
1 19 23 5 4
1 10 21 14 13 27
1 18 12
1 21 4 10
1 2 16 6
1 14 13 17
1 24 11 0 18
1 6 16 15
1 27 9 11
1 25 23
1 7 24
1 11 17 1 2 24
1 0 21 3
1 16 4 3 7 17 26
1 26 23
1 5 20 6
1 4 15
1 9 5
1 1 21 1
1 3 19 6
1 29 0
0 30 2 30
0 31 29
0 32 13
0 33 7
0 34 17
0 35 9
1 23 3 7 5
1 3 10 11
1 18 4 9 2 7
1 2 8 6 12
1 22 2 0
1 9 9 10
1 0 12
1 17 5 9 7
1 21 7 3 5 2 15
1 19 1 3 7
1 15 2 0 8 10 6
1 24 0 2
1 16 8 11 1 13 3
1 11 4 0 5 9
1 13 8
1 5 5 14 10
1 7 6 12 11 7 4
1 14 7 1 4
1 12 9 3 12
1 8 0 8 6 1
1 10 4 5 3
1 4 1 10
1 1 5 12
1 20 0 11
1 6 6 9
0 25 4
0 26 6
0 27 4
0 28 12
0 29 4
0 30 5
1 8 3 1 6
1 5 3 2 6 1 4 7
1 12 1 6
1 9 0 1 5
1 2 4 0 1 3 5
1 4 0 3 5
1 1 6 3 4 0 1 7
1 11 0 6 5 2
1 6 1 4 5
1 7 3 6 4 5
1 3 5 1 3 4 0
1 10 5 2 3
1 0 2 4 0 1
0 13 2
0 14 4
0 15 8 2 7
1 2 23 5 7 8 16 18 3 11 24 22 19 14
1 4 9 4 6 24 23 19 7 5 26
1 3 21 13 17 19 12 14 2 18 5 27
1 1 1 25 17 22 24 13 12 11 29 31 26
1 0 10 3 11 18 15 9 13 28 14
1 5 12 0 2 14 20 21 19 10 11 5 13 23 17
1 6 9 15 22 7 11 10 6 16 14 23 20 4 21
0 7 6 30
0 8 6 14 3
1 9 2 1 9
1 2 4 9
1 4 7 11
1 1 0
1 13 1 0 8 12
1 16 10 5 4
1 24 10 12
1 6 11 7
1 8 0 8 4
1 7 2 7 11
1 12 1 4 8
1 17 9 10 6 11 13
1 11 2 1
1 3 3 7 2
1 20 8 11
1 18 10 11
1 21 2 1 6 10 8
1 22 2 5 8
1 0 4 7
1 15 2 10 1
1 25 6
1 23 10 14
1 14 0 5 3
1 19 8 3
1 5 2 7 3 8 12
1 10 0 7 3 1 5
0 26 1
0 27 2
0 28 14
0 29 8
0 30 2
0 31 0 2
1 2 1 5 0
1 7 5 7 9 2 10 8
1 4 0 1
1 5 10 2 3 0 12 13 1
1 1 3 1 5 9 14
1 11 10
1 10 10 8
1 0 11 0 5 3
1 9 6 10 8 4
1 3 0 9 5 6
1 8 0 8 6
1 6 6 4 0 5
0 12 5
0 13 4
0 14 3
1 3 12 13 21 18 23 27 19
1 6 24 12 6 8 0 11 7
1 4 19 2 14 10 3 24
1 0 23 0 4 16 3 11 20
1 9 12 20 2 29 30
1 1 22 3 7 10 20 24 23 16 1 19
1 7 8 11 10 1 18 0 25 28
1 8 12 6 20 10 13 7 26
1 10 15 1 5 6
1 5 24 17 3
1 11 16 18 10 11 12
1 2 21 9 20
0 12 1
0 13 18
0 14 4 20
1 0 3
1 15 1 0
1 17 1 4 2 3 5
1 9 0 1
1 6 0 4
1 18 0 4 2 1
1 14 0 1
1 13 4
1 22 4 2 3
1 19 1 2 0
1 23 2 4
1 20 4 2
1 21 1
1 12 4 3 2
1 5 4 3
1 16 1 0
1 4 3 4 0
1 24 2
1 11 3 2
1 1 3
1 8 4 3 1 0
1 2 0 3
1 7 3 1
1 3 0
1 10 4 0 1
0 25 0
0 26 5 1
0 27 4
0 28 3
0 29 3
0 30 4
1 1
1 3
1 4
1 0
1 2
0 5

