2
48 32 
1 6 16 2 27
1 11 5 3
1 1 9
1 25 17
1 0 8
1 20 18 7 21
1 9 13 19
1 5 1 2 19
1 14 6 25
1 7 14
1 2 9
1 8 14
1 3 9
1 16 0
1 4 1
1 13 3 12
1 15 6
1 17 4
1 18 7 30
1 23 15 11 31
1 24 15
1 26 17
1 10 5 16 23
1 29 10
1 12 13
1 21 18
1 22 18
1 27 17
1 28 17
1 19 7
0 30 24
0 31 19
0 32 15
0 33 22
0 34 20
0 35 10
0 36 29
0 37 9
0 38 14
0 39 15
0 40 7
0 41 18
0 42 28
0 43 17
0 44 12
0 45 9
0 46 6
0 47 26
1 12
1 2
1 3
1 9
1 13
1 7
1 11
1 14
1 0
1 1
1 19
1 16
1 10
1 8
1 5
1 17
1 6
1 18
1 15
1 4
0 20
0 21
0 22
0 23
0 24
0 25
0 26
0 27
0 28
0 29
0 30
0 31

