13
15 36 32 15 36 31 16 9 32 15 15 31 6 
1 1 6 11 17
1 2 21 12 26
1 3 2 31
1 11 7 15 19
1 8 27 4 8
1 6 23 1 30
1 0 6 0
1 4 2 35
1 7 13 10 14 24 28 32
1 9 20 5 25 34
1 10 7 3 18
1 5 16 9 22 29
0 12 26
0 13 16 33
0 14 19
1 0 0
1 22 7
1 11 23 26 27
1 17 21 1
1 26 21
1 16 17 13 16
1 9 18
1 27 8 10 29
1 23 7
1 18 2 30
1 13 15
1 2 22
1 12 15
1 5 9 31
1 28 24
1 24 7
1 19 2
1 7 15 6
1 20 2
1 21 2
1 29 25
1 4 9 4 11
1 3 5
1 6 14
1 8 12 3
1 15 19
1 10 20
1 1 12
1 25 8
1 14 19
0 30 4
0 31 1
0 32 28
0 33 1
0 34 28
0 35 12
1 0 7
1 10 0
1 18 1
1 17 1 14
1 1 7
1 4 6
1 5 3
1 19 1
1 20 1
1 8 2
1 22 1
1 7 10
1 2 7
1 16 4
1 9 0 13
1 14 9
1 24 8
1 6 11
1 11 5
1 15 4
1 12 5
1 21 1
1 3 6
1 13 5
1 23 8
1 25 8
0 26 8
0 27 5
0 28 8
0 29 10
0 30 6 12
0 31 6
1 6 13 23 34
1 10 19 33
1 5 8 5
1 2 1 7 35
1 9 8 12 20 24 28
1 7 10 9 22
1 1 6 4 17 18 26 32
1 0 27
1 11 10 11 16
1 8 6 2 3 14 29
1 4 0 30 31
1 3 21 15 25
0 12 9
0 13 7
0 14 25
1 12 7
1 11 2 8
1 27 10 30
1 28 10
1 17 20 22
1 14 15
1 1 18
1 8 11
1 13 7
1 5 23
1 15 21 14
1 29 12 27 28
1 25 4
1 23 16
1 18 13 25
1 9 11
1 24 16
1 2 9
1 6 23
1 22 24
1 21 17 1
1 4 21
1 26 4 3
1 7 23
1 19 20 26 29
1 16 15
1 0 5
1 3 21
1 20 19 6
1 10 0
0 30 5
0 31 11
0 32 8
0 33 11
0 34 24
0 35 23
1 7 3
1 22 10
1 13 4
1 20 8
1 18 2
1 0 9
1 24 12
1 11 5
1 8 7
1 2 1
1 19 2
1 5 0
1 23 8 11
1 14 4 15
1 21 8
1 12 5
1 17 6
1 9 7
1 1 9
1 6 0
1 15 4 13
1 3 1
1 10 5
1 4 0
1 16 6
0 25 1
0 26 1 14
0 27 4
0 28 10
0 29 1
0 30 0
1 2 3
1 1 3
1 8 1
1 3 0
1 6 4
1 5 0
1 7 6
1 4 0 7 8
1 9 1
1 0 3
1 10 5
1 11 5
1 12 2
0 13 5
0 14 3
0 15 2
1 1 23 5 7 8 16 18 26 28 31
1 4 9 4 6 24
1 6 21 13 17 19
1 0 1 25 29
1 2 10 3 11 30
1 5 12 0 2 14 20
1 3 9 15 22 27
0 7 19
0 8 21
1 20 2
1 0 4
1 22 7
1 2 0
1 9 1
1 11 10
1 12 10
1 10 11
1 4 0
1 19 2
1 8 1
1 15 9
1 21 2
1 24 3
1 7 8
1 14 10
1 16 2
1 23 2 5
1 1 4
1 18 2
1 25 6
1 13 10
1 5 0
1 6 8
1 17 2 14
1 3 0 13
0 26 1 12
0 27 9
0 28 0
0 29 3
0 30 5
0 31 10
1 1 1
1 3 5 7 9
1 7 0 13
1 9 10 2
1 0 3 14
1 10 10
1 11 10
1 8 11
1 2 6
1 6 0
1 5 0 8
1 4 6 4
0 12 12
0 13 2
0 14 11
1 7 12 13
1 3 24
1 9 19 2 14
1 1 23 0 4
1 6 12 20
1 2 22 3 7 10
1 4 8 11
1 11 12
1 5 15 1 5 6 26 27
1 0 24 17 25
1 10 16 18 29 30
1 8 21 9
0 12 2
0 13 8
0 14 20 28
1 15 3
1 21 1
1 23 1
1 4 0
1 2 0
1 5 0
1 6 0
1 8 4
1 12 4
1 24 1
1 1 2
1 13 4
1 20 1
1 11 4
1 14 4
1 22 1
1 18 3
1 0 2
1 19 3
1 17 3
1 10 4
1 7 0
1 16 3
1 3 0
1 9 4
0 25 3
0 26 3
0 27 4
0 28 5
0 29 0
0 30 1
1 1
1 4
1 0
1 3
1 2
0 5

