13
44 21 29 40 23 44 31 23 29 42 40 45 48 
1 15 6
1 5 3 8
1 10 3 2
1 0 11
1 12 12
1 17 9
1 7 10
1 8 10
1 1 11
1 21 1
1 2 11
1 22 1
1 23 1
1 18 9
1 13 12
1 14 12
1 6 0
1 16 6 18
1 3 11 15
1 24 1
1 26 9 4
1 19 9
1 9 10
1 11 7
1 20 9
1 4 5
1 25 1
0 27 7
0 28 1
0 29 2
0 30 1
0 31 9 20
0 32 2 14
0 33 17
0 34 19
0 35 3
0 36 13
0 37 0
0 38 0
0 39 5
0 40 5
0 41 16
0 42 7
0 43 17
1 4 2 6 10 16
1 11 3 25
1 9 1
1 2 17 22
1 12 3
1 1 4 0 28
1 8 3 11
1 6 7
1 3 12
1 10 8 9 18
1 5 15 5
1 0 4
1 7 14 13 24 27
0 13 3
0 14 11
0 15 1
0 16 4 19
0 17 8
0 18 15 20 23
0 19 26
0 20 10 21
1 4 23 0 34
1 13 20 27
1 0 13
1 16 6 8 10
1 1 22
1 10 10 2 15 32 36
1 11 1 3
1 9 23 31
1 17 5
1 14 6 7 11 17 26 37
1 2 4
1 8 16 14
1 6 9 35
1 15 16 25
1 5 24 18 19
1 7 12 21
1 12 20
1 3 4
0 18 15
0 19 13 30
0 20 38
0 21 39
0 22 20
0 23 33 28
0 24 6
0 25 20
0 26 22
0 27 11
0 28 29
1 1 0
1 11 13
1 7 1
1 22 5
1 5 7
1 24 5
1 23 5
1 16 5 4 17
1 20 8
1 8 2 10
1 18 8
1 21 3
1 13 9
1 0 11
1 4 12
1 14 9
1 19 8
1 10 6
1 15 9
1 2 0
1 17 8 19
1 9 6
1 3 12
1 12 13
1 6 7 15
0 25 8
0 26 7
0 27 21
0 28 4
0 29 16
0 30 6
0 31 4 22
0 32 6
0 33 10 20
0 34 14
0 35 12 18
0 36 2
0 37 12
0 38 1
0 39 9
1 1 25 5 10
1 5 9 12 17
1 4 20 1 7 15
1 12 3
1 7 11 4
1 13 14
1 6 8 22 24 35
1 3 0 37
1 11 14 18 21 31
1 10 2 26
1 8 3 19
1 0 13 42
1 2 13 16 23 27 39 41
1 9 8 6 40
0 14 29 36
0 15 28
0 16 29
0 17 43 33
0 18 30
0 19 7
0 20 25 34 38
0 21 28
0 22 22 32
1 9 7
1 2 5
1 12 13
1 25 10
1 10 7
1 0 6
1 17 14 17 19
1 22 14
1 16 9
1 19 2
1 4 3
1 21 8
1 1 16
1 6 13 15 21
1 26 10
1 7 7
1 3 5
1 20 8
1 24 14
1 8 7
1 14 9 25
1 5 16 0 5
1 13 18
1 15 5 4 12
1 11 11
1 18 1
1 23 14
0 27 12 26
0 28 0
0 29 5
0 30 11
0 31 12 29
0 32 22
0 33 9
0 34 16 27
0 35 0
0 36 6 20
0 37 8 28
0 38 30
0 39 12
0 40 23
0 41 24
0 42 10
0 43 18
1 11 10
1 13 12
1 14 12
1 4 1
1 12 11
1 2 1 9
1 0 6 4
1 6 3 18
1 15 5 13
1 10 10
1 18 7
1 7 2 10 22
1 16 7
1 8 3 8
1 17 7
1 3 1
1 1 4
1 5 3
1 9 11 0
0 19 19 16
0 20 9
0 21 20 17
0 22 0
0 23 14 15
0 24 3
0 25 6
0 26 2
0 27 20
0 28 4
0 29 21
0 30 3
1 6 3 18
1 4 11 6
1 3 0 23 24
1 5 13
1 2 9 8 14
1 10 10 4 28
1 0 2
1 12 5 12
1 7 7 6
1 1 16 25
1 8 15
1 9 15 22
1 11 5
1 13 17 1
0 14 1 21
0 15 0 19
0 16 3
0 17 20
0 18 27
0 19 13
0 20 26
0 21 26
0 22 26
1 4 19
1 17 22 41
1 0 8
1 10 5
1 8 20
1 13 21 6 13
1 9 5 30
1 12 4
1 1 15
1 6 5 11
1 16 3 9
1 2 25 14 38 40
1 14 0 12 17
1 7 20 33
1 5 1 23
1 11 10
1 3 2 7 16 24 32 35
1 15 18
0 18 19
0 19 20 27
0 20 0
0 21 36
0 22 37 31
0 23 11 29
0 24 34
0 25 26
0 26 2 28
0 27 9
0 28 18 39
1 18 4
1 5 5
1 3 16
1 22 1 30
1 16 15
1 12 13 17 29
1 21 1
1 1 19
1 2 22
1 25 2
1 13 23
1 8 9 28
1 17 15 26 33
1 14 12 21
1 0 6
1 4 16 34
1 6 3 14
1 23 18
1 20 10 0
1 7 11
1 11 24
1 19 8
1 24 20
1 10 24
1 15 15
1 9 12 7
0 26 3
0 27 1
0 28 7
0 29 11
0 30 32 37 38
0 31 5 35
0 32 25
0 33 12
0 34 7
0 35 0
0 36 8 39
0 37 22
0 38 20 27
0 39 36 31
0 40 22
0 41 8
1 18 12 20
1 21 7
1 24 4
1 3 15
1 17 12 18 27
1 5 6 23
1 0 1
1 6 14 34 39
1 19 19
1 8 2
1 20 19
1 7 14
1 15 22
1 9 2 0 3 8
1 10 14 26
1 16 17
1 4 15 36
1 14 13 10
1 22 11
1 1 5
1 23 17 9 25
1 12 21
1 2 16
1 13 21 41
1 11 24 43
0 25 18 28
0 26 12
0 27 30
0 28 38
0 29 35
0 30 15 42
0 31 15 37
0 32 6 32
0 33 9
0 34 0
0 35 40 29
0 36 17
0 37 33
0 38 40 31
0 39 44
1 7 27 29 44
1 0 15 36
1 8 16 3 21 7 35
1 4 5 37
1 25 4
1 1 2 1
1 9 16
1 21 11 23
1 18 11
1 26 17
1 17 9
1 23 22 28
1 14 20 39
1 11 7 13 32 41
1 6 26
1 5 27
1 3 5
1 16 16 12
1 19 18
1 20 6 25
1 24 24 14 40
1 12 8
1 15 6
1 2 0
1 10 8
1 27 10 38
1 13 20
1 22 24 19
0 28 7
0 29 18
0 30 25
0 31 7
0 32 42
0 33 10 31
0 34 34
0 35 13
0 36 3 30
0 37 0
0 38 18
0 39 45
0 40 2
0 41 28 33
0 42 28
0 43 46 43
0 44 4 47
1 3
1 1
1 2
1 7
1 26
1 4
1 14
1 9
1 12
1 16
1 29
1 17
1 21
1 15
1 27
1 0
1 10
1 28
1 18
1 19
1 13
1 8
1 24
1 20
1 23
1 22
1 6
1 5
1 25
1 11
0 30
0 31
0 32
0 33
0 34
0 35
0 36
0 37
0 38
0 39
0 40
0 41
0 42
0 43
0 44
0 45
0 46
0 47

