6
36 24 35 8 27 24 
1 2 8 11
1 20 18 16
1 19 13 9 16 8 2
1 1 1
1 22 6 19 17
1 5 14
1 29 9
1 7 14 8 13
1 15 9 19 14
1 25 0 18 6
1 4 1 11 15
1 26 3 2 19
1 12 6 1 2 4 7
1 14 4 1
1 9 7 18
1 6 15 8 1
1 21 15 10 13 3
1 16 17 7 6 22
1 18 5 12 11 18 3
1 28 10 9 13 23
1 13 13 11 6
1 17 18 19 22
1 10 18 19 1
1 24 17 12 15 2 6
1 23 17
1 0 7
1 8 17 11
1 27 9 2 0
1 3 15 7 16
1 11 17 13 11
0 30 21
0 31 10
0 32 10
0 33 16
0 34 2
0 35 20
1 11 23 4 12 10 27 33
1 2 15 2 28 27 11 26
1 15 7 22 4 25 17 26
1 14 19 24 23
1 9 14 10
1 7 11 0
1 16 22 18 26 2 0 29
1 0 11 1 8
1 4 20 2 28 32 34
1 19 22 0 25 10 9
1 18 3 15 0 21
1 1 28 18 34 26
1 17 26 27 14 17
1 10 23 5 3 12
1 3 4 16 11 15
1 5 19 20 6
1 8 17 6 25 30
1 12 4 20
1 13 11 9 21 19 25
1 6 12 13 28 17
0 20 11 31
0 21 0
0 22 2
0 23 19
1 22 1 2 3 4
1 1 0 2 3
1 9 0 2 1
1 23 5 1
1 13 4 0
1 0 2
1 4 0 2 4
1 5 0 4 2
1 11 1 5 2 0
1 27 1 3
1 15 5 1
1 2 0
1 17 1 4 5 2
1 12 0 4
1 14 1 5 2 7
1 20 5 1
1 6 0 5
1 10 0 2 1 5
1 7 0 5
1 8 4 2
1 19 4 2 3
1 21 3 5 0 4 1 7
1 28 3 2
1 18 5 4
1 26 1
1 25 4 3 1
1 24 3 5 1
1 16 3 4 5 0 2
1 3 0 2 4
0 29 4
0 30 4
0 31 1
0 32 5
0 33 6 2
0 34 7
1 1 4 0 5 8 17 1 2 3 18 11
1 4 14 2 21 7 16 1 18 19 20
1 0 3 13 18 9 6 7 25 11
1 5 3 6 10 0 12 14 15 8 20 13 18 22
1 3 15 9 16 19 20 13 17 3 0 4 7
1 2 11 1 7 12 3 4 17 6 14 8 0 26
0 6 23
0 7 20 24 4 10
1 14 2 13 1 8 11
1 9 14 19 8 10
1 5 3 15 13
1 1 17 16 3
1 2 11 17 5 10
1 10 7 11
1 13 6 3 22
1 6 1 11 17 14 2
1 11 4 19
1 0 0 10
1 21 12
1 7 18 3 16
1 8 2 16
1 15 5 18
1 16 8 11 7 13 3 18
1 19 9
1 17 3 13
1 3 15
1 4 0 20
1 20 12 21
1 18 7 19 14
1 12 7 5 15 8 0
0 22 6
0 23 0
0 24 0
0 25 18 0
0 26 10 23
1 5
1 6
1 13
1 7
1 8
1 12
1 14
1 16
1 15
1 18
1 0
1 2
1 19
1 17
1 9
1 4
1 3
1 1
1 10
1 11
0 20
0 21
0 22
0 23

