13
33 16 22 31 17 33 23 17 22 32 31 34 36 
1 1 6 9 8 12 14
1 4 3 8 6
1 14 3 2 4
1 12 11 3 8
1 6 12
1 2 9 6 4 10
1 13 10
1 9 10 8 2 1 6
1 20 11 12 0 3
1 24 1 2
1 22 11 1 4
1 10 1 8 0
1 5 1 6 4 12
1 3 9
1 7 12
1 18 12 9 1 7
1 25 0
1 8 6 1 15
1 26 11 3
1 23 1 7 10 8 11
1 16 9 4 7 5
1 0 9 6
1 11 10 5 4
1 19 7 3 6 1 12 11 8
1 17 9 7 4 5 14
1 15 5 9
1 21 1 10 3
0 27 13
0 28 6 10
0 29 5
0 30 14
0 31 14 7
0 32 5
1 8 2 6 10 16 15 0
1 9 3 4 0 15 8 21
1 7 1 6 9 21
1 5 17 16 9 14 1 8
1 2 3 14 16 9 11
1 10 4 0 9 17
1 0 3 11 1 14
1 11 7 9 13 12 4 10 20
1 1 12 5 6 14 2 15
1 3 8 9 1 11 2 4 14
1 6 15 5 4 9 0 6 13 2 18
1 12 4 0 9 1
1 4 14 13 11 7 16 0 5
0 13 11 19 15
0 14 15 20
0 15 16
1 17 23 0 22 3 26
1 9 20 2 15 0 22
1 0 13 15 18 4 17
1 3 6 8 10 0 24 21
1 10 22 24 5 30
1 1 10 2 15 19 17 25
1 8 1 3 19 10 13 23
1 6 23 21 13 24 7 3 1
1 15 5 22
1 12 6 7 11 17 23 4 9 29
1 16 4 7 2 23
1 4 16 14 10 0 12
1 14 9 23 1 20
1 11 16 6 9 18 22
1 2 24 18 19 12 13 14 28 30
1 7 12 21 3 16
1 13 20 2 5 9 27
1 5 4 1 10 15 17
0 18 3
0 19 17 28
0 20 24 27
0 21 18
1 18 0 13 7 4 9
1 24 13 2 14 7
1 20 1 10
1 23 5 13 4
1 14 7 8 2 0
1 16 5
1 13 5 6 13
1 22 5 4 14
1 10 8 0 11
1 21 2 10 0 3
1 2 8 6 9 12
1 12 3 11 7 13
1 15 9 13
1 1 11 1 9 6 12
1 4 12
1 0 9 6
1 8 8 7 9 2 1 6 16
1 9 6 7 0 1
1 11 9 10 0 8
1 7 0 6
1 6 8
1 3 6 9 7
1 19 12 10 4 5 16
1 17 13 12 15
1 5 7 11 5
0 25 6
0 26 1 5
0 27 4 7
0 28 3
0 29 8
0 30 13
1 8 25 5 10 3 13 4
1 6 9 12 17 23 20 21 18 1 19 24 0 3 13
1 10 20 1 7 15 0 2 26 11
1 9 3 17 13 16
1 13 11 4 25 19 10 31
1 7 14 3 23 1 2 8 22 17
1 1 8 22 24 13 10 16 28 23
1 5 0 26 23 13
1 4 14 18 21 1 24 23 3 0 22 2 30 31
1 2 2 26 21 19 12 16 15 9 13
1 11 3 19 25 22 11 29 24 18
1 0 13 19 9
1 3 13 16 23 0 7 21 20 11
1 12 8 6 22 25 3 21 17
0 14 5 6
0 15 32 27 29
0 16 24 3
1 5 7 0 17
1 23 5 16 4 7 14 17
1 2 13 3 6
1 20 10 0
1 18 7 22 20
1 11 6 10
1 19 14 17
1 22 14 0
1 21 9 21
1 3 2 15
1 9 3 15
1 13 8
1 8 16
1 0 13 15 2
1 10 10 15 0
1 17 7
1 7 5 0 15
1 24 8 1
1 15 14 15 3 16
1 16 7 0 10 1 17
1 12 9 13 3 5
1 6 16 0 5 6 11
1 4 18 2 11 0
1 14 5 4 12 2 15 18
1 1 11 15 0 19
1 25 1 7
1 26 14 1 4 20
0 27 15
0 28 0
0 29 17
0 30 11 16
0 31 17
0 32 1
1 5 10 6 0
1 15 12 1 11
1 8 12 9 7 4 2 16
1 13 1 5 10 6
1 14 11 1
1 12 1 9 5 10
1 1 6 4 13 3 1 15
1 10 3 7 2
1 9 5 13 0 2 12 9 10
1 11 10 9 2 5
1 16 7 2
1 6 2 10 3 8
1 18 7 5 10
1 0 3 8
1 17 7 12 13 15
1 2 1 9 4 8
1 7 4 10 7 3
1 3 3 12 0
1 4 11 0 6 2 15 12 14
0 19 2
0 20 10
0 21 14
0 22 9
1 1 3 10
1 10 11 6
1 7 0 6 3 2 17 11 14
1 2 13 0 6 2 12
1 0 9 8 14 3 7 6 19
1 9 10 4 17 15 9 14 7 18
1 4 2 16 14 3 9
1 13 5 12 4 11 0 7 21
1 5 7 6 12 0
1 3 16 3
1 12 15 1 0
1 8 15 17 14 7 5 16 3
1 11 5 15 16 1 0 9
1 6 17 1 7 10 13 8 4 5
0 14 15 20
0 15 6
0 16 1 21 19
1 5 19 9 23 16 6
1 10 22 24 23 0
1 11 8 23 6 13 9 10 18
1 4 5 0 8
1 14 20 6 22 5
1 16 21 6 13 0 9 24 25 7
1 2 5 9
1 8 4 13 24 22 16 12 5
1 1 15 20 9 2 5 27
1 9 5 11 25 3 13
1 6 3 9 25 6 1 8 16 15 10 19
1 17 25 14 2
1 15 0 12 17 9 29
1 3 20 11 6 16
1 0 1 23 12 11
1 13 10 2 13 17 26 28 4
1 7 2 7 16 24 19 3 18
1 12 18 10 11 2 14 7
0 18 30 20
0 19 0 31
0 20 21
0 21 15
1 17 4 23 5 20 3 10 6 27
1 2 5
1 1 16 9 13
1 7 1 4 24 0
1 11 15 14
1 3 13 17 4 8 3
1 24 1
1 23 19 1
1 4 22 11 3
1 15 2 24 18 13 10 23 6 22
1 16 23 7 5
1 5 9 16 18
1 12 15 14 7 24 21
1 18 12 21 16 26
1 25 6 22
1 8 16 21 20
1 0 3 14 11 2 26
1 21 18 10
1 13 10 0 14 9
1 19 11 22 9 15
1 10 24 9 0
1 14 8 18
1 20 20 24 12 28
1 6 24 5
1 9 15 16
1 22 12 7 15 17 19 1
0 26 30 29
0 27 18
0 28 12
0 29 19 25
0 30 2
0 31 24
1 6 12 20 10
1 20 7 17 21
1 4 4 20 23
1 8 15 13 10 26 5
1 5 12 18 27
1 7 6 23 0 22
1 24 1 22
1 13 14 13 21 0 27
1 15 19 18 6 3
1 17 2 19 31 15
1 23 19 24
1 2 14 23 11 29
1 21 22 7
1 3 2 0 3 8 10 11 18
1 1 14 26 11 12 20
1 22 17 22 19 30
1 0 15
1 10 13 10 12 14 4
1 9 11 24
1 18 5 12 1 22 14 19
1 14 17 9 25 11 27 32
1 19 21 13 16 7 5
1 16 16 26
1 12 21 15 16
1 11 24 14 26
0 25 14
0 26 18 33 21
0 27 10
0 28 16 28
0 29 15
0 30 19 29
1 3 27 29 35
1 23 15 19 10 17
1 8 16 3 21 7 22 23 29
1 12 5 15 0 9
1 13 4 6 29 12 18 5
1 17 2 1 20
1 20 16 25 23 26
1 19 11 23 6 26 9 15 7 25
1 11 11 26 33 6
1 24 17 1 16 15
1 14 9 2 32
1 1 22 28 13 20
1 6 20 18 29 14 26
1 15 7 13 17 32
1 10 26 4
1 4 27 0 29 4 7
1 25 5 25 6
1 18 16 12
1 0 18 35 15
1 27 6 25
1 2 24 14 10 0 13
1 22 8 27
1 26 6 21
1 7 0 7 26 18
1 21 8
1 9 10 3 5
1 5 20 21 3 9
1 16 24 19 7 21 4 8
0 28 19
0 29 31 30
0 30 13 34
0 31 0
0 32 8 10
0 33 18
1 1
1 24
1 17
1 2
1 14
1 19
1 28
1 18
1 22
1 15
1 12
1 16
1 21
1 5
1 9
1 26
1 20
1 25
1 4
1 27
1 11
1 6
1 0
1 23
1 10
1 29
1 13
1 8
1 3
1 7
0 30
0 31
0 32
0 33
0 34
0 35

