13
20 48 42 20 48 40 21 12 42 20 20 40 8 
1 10 6 11 17 39 41 42
1 5 21 12 26 5 4 27 31
1 0 2 21
1 4 7 15 19 8 1 13 5 18 22 17 36
1 11 27 4 8 34 39
1 1 23 1 34 16
1 8 6 0 13 7 32 26
1 6 2 28 10 0 43 45
1 7 13 10 14 24 28 1 3 15 40
1 2 20 5 25 0 1 22 29 47
1 9 7 3 18 4 15 11
1 3 16 9 22 29 10 36 44
0 12 13 33 35
0 13 46 38 20
0 14 16
0 15 12
0 16 9 30
0 17 15 37 26 18
0 18 2 34
0 19 12
1 20 0
1 22 7 1
1 1 23 27 5
1 23 21 1 22
1 29 21
1 2 17 13 16 25 23 37
1 18 18
1 26 8 10
1 27 7
1 13 2
1 24 15
1 15 22 2 1
1 9 15 23
1 8 9 13
1 4 24
1 12 7 23
1 14 2
1 28 15 6 31 40
1 10 2 7 14 11
1 11 2 1
1 5 25 5
1 16 9 4 11 24 14
1 3 5 16 27 29
1 0 14 23 24
1 19 12 3
1 21 19 7
1 6 20 22 16
1 25 12 21 19
1 17 8 24
1 7 19
0 30 7
0 31 22
0 32 18 39
0 33 12 40 34
0 34 17
0 35 28 36
0 36 33 41
0 37 5
0 38 3 26
0 39 34
0 40 15 32
0 41 9
0 42 35 13
0 43 13
0 44 33 39
0 45 15
0 46 30
0 47 38
1 14 7 1 11
1 10 0 10 5 9
1 12 1 3 8 4
1 5 1 5 8 11 6 15
1 16 7 8
1 8 6
1 25 3 7
1 20 1 2
1 19 1
1 17 2 9 3 11
1 21 1 15
1 23 10 9 7
1 22 7 5 9
1 2 4 6 10
1 0 0 4 14 16
1 18 9 5
1 1 8 2 11
1 4 11 8 10 4
1 13 5 10
1 9 4 3 11
1 11 5
1 24 1 7 3
1 15 6 5 9 10
1 3 5 6 11 0
1 6 8 5 13
1 7 8 4 1
0 26 12 9
0 27 6 18
0 28 8
0 29 8
0 30 4
0 31 5 17
0 32 5 4
0 33 18
0 34 2 11 1
0 35 3 11
0 36 6 14
0 37 17 3
0 38 3
0 39 19
0 40 8 13
0 41 8
1 0 13 23 19 21 12 26 16
1 8 19 1 0
1 1 8 5 2 28 6 27 7 13
1 11 1 7 9 3 37
1 3 8 12 20 24 28 0
1 6 10 9 22 12 43 6
1 5 6 4 17 18 26 25
1 10 27 18 17 29 40 10 46
1 4 10 11 16 8
1 9 6 2 3 14 29 30
1 7 0 26 12 39 21
1 2 21 15 25 5 26 0 12
0 12 31 33
0 13 17 41 46
0 14 19 38 13 14
0 15 45 44 6
0 16 34 47 42
0 17 27 32 41
0 18 44 35 42 16
0 19 25 36
1 20 7 37
1 23 2 8
1 17 10
1 15 10 13
1 8 20 22 19
1 13 15 9
1 12 18 25
1 28 11 23
1 22 7 4
1 19 23 5 4 38
1 10 21 14 13
1 18 12 35
1 21 4 10
1 2 16 6 2
1 14 13 17
1 24 11 0 18
1 6 16 15 26
1 27 9 11 32
1 25 23
1 7 24
1 11 17 1 2 24
1 0 21 3
1 16 4 3 7 17
1 26 23
1 5 20 6 30
1 4 15
1 9 5 29
1 1 21 1
1 3 19 6
1 29 0
0 30 31 29
0 31 17
0 32 18 25 35
0 33 8 37
0 34 34
0 35 2
0 36 15
0 37 28
0 38 5 33
0 39 11
0 40 4
0 41 11
0 42 17
0 43 0 27
0 44 36 39
0 45 39
0 46 39
0 47 2
1 23 3 7
1 3 10 19 9 6
1 18 4 9 2 7
1 2 8 6 12
1 22 2 0
1 9 9 10
1 0 12 15
1 17 5 9 7
1 21 7 3 5 2
1 19 1 3 7
1 15 2 0 8 10 6 15
1 24 0 2
1 16 8 11 1
1 11 4 0 5 9 18
1 13 8 10 0
1 5 5
1 7 6 12 11 7 4
1 14 7 1 4
1 12 9 3 12
1 8 0 8 6 1 10
1 10 4 5 3 20
1 4 1 10
1 1 5 12
1 20 0 11 10 12
1 6 6 9 20
0 25 13
0 26 7 12
0 27 1 0
0 28 16
0 29 15 4
0 30 1
0 31 14 12
0 32 3 14 19 9
0 33 15
0 34 3 5 2 9
0 35 5
0 36 17
0 37 4
0 38 18 5 19
0 39 2
1 8 3 1 6 7 0 5
1 5 3 2 6 1 4
1 12 1 6 0
1 9 0 1 5 11 10
1 2 4 0 1 3 5 10
1 4 0 3 5
1 1 6 3 4 0 9
1 11 0 6 5 2 4
1 6 1 4 5 7
1 7 3 6 4 5
1 3 5 1 3 4 0 7
1 10 5 2 11 6
1 0 2 4 0 1
0 13 1 9
0 14 0 9
0 15 2
0 16 5
0 17 8
0 18 6 0
0 19 11 8 1
0 20 6 2 10
1 2 23 5 7 8 16 18 3 11 24 22 19 14 29 35 4 31 15 32
1 4 9 4 6 24 23 19 7 5 28 2
1 3 21 13 17 19 12 14 2 18 5 40 33 22 36 3
1 1 1 25 17 22 24 13 12 11 36 39 15
1 0 10 3 11 18 15 9 13 38 40 33
1 5 12 0 2 14 20 21 19 10 11 5 13 23 29
1 6 9 15 22 7 11 10 6 16 14 23 20 4 21
0 7 5 31 25
0 8 19 41 27 31 17
0 9 6 26 32 37 13 36
0 10 2 27 34 12
0 11 9 30 33
1 9 2 1 9
1 2 4 9
1 4 7 11 14 18
1 1 0
1 13 1 0 8 17 11
1 16 10 5 4
1 24 10 1 3 7
1 6 11 7
1 8 0 8 4
1 7 2 7 11
1 12 1 4 8
1 17 9 10 6 11 0
1 11 2 1
1 3 3 7 2
1 20 8 11
1 18 10 11
1 21 2 1 6 10 8
1 22 2 5 8
1 0 4 7
1 15 2 10 1 0
1 25 6
1 23 10 9 3
1 14 0 5 3
1 19 8 3
1 5 2 7 3 13
1 10 0 7 3 1 5
0 26 10 12 16 11
0 27 0
0 28 17 6
0 29 15 14
0 30 0 19
0 31 17 5
0 32 0
0 33 4
0 34 10 19
0 35 11
0 36 17 14 12
0 37 18
0 38 13
0 39 1
0 40 17
0 41 1 4 12
1 2 1 5 0 14 3
1 7 5 7 9 2 10 8
1 4 0 1
1 5 10 2 3 0 13
1 1 3 1 5 9
1 11 10 5
1 10 10 8
1 0 11 0 5 3 7
1 9 6 10 8 3
1 3 0 9 5 6
1 8 0 8 6 16
1 6 6 4 0 5 15
0 12 0
0 13 10
0 14 2
0 15 18 0
0 16 4 12
0 17 4 19
0 18 17 13 15
0 19 10 14 9 1
1 3 12 13 21 18 23 34
1 6 24 12 6 8 0 11 29
1 4 19 2 14 10 3 24 11
1 0 23 0 4 16 3 11 20 30 6
1 9 12 20 2 34 26 13
1 1 22 3 7 10 20 24 23 16 1 19 33
1 7 8 11 10 1 18 0
1 8 12 6 20 10 13 7 37 27
1 10 15 1 5 6 30 12 38
1 5 24 17 3 19 1
1 11 16 18 10 11 12 20
1 2 21 9 20 18 27 10
0 12 5 27 31 36
0 13 14
0 14 32 33
0 15 38 4
0 16 39
0 17 25
0 18 5 26 28 32 16
0 19 32 35
1 0 3
1 15 1 0 6
1 17 1 4 2 3
1 9 0 1
1 6 0 4
1 18 0 4 2 1
1 14 0 1 6
1 13 4
1 22 4 2
1 19 1 2 0
1 23 2 4
1 20 4 2
1 21 1 0
1 12 4 3 2
1 5 4 3 6
1 16 1 0 5
1 4 3 4 0 7
1 24 2
1 11 3 2
1 1 3
1 8 4 3 1 6
1 2 0 3 4
1 7 3 1 7
1 3 0 1
1 10 4 0 1
0 25 0
0 26 6
0 27 3
0 28 7 1
0 29 3 1
0 30 7
0 31 6 1
0 32 2 4
0 33 7 0
0 34 6
0 35 3
0 36 1
0 37 3
0 38 2 7
0 39 1
1 1
1 3
1 4
1 0
1 2
0 5
0 6
0 7

