6
37 34 13 36 37 37 
1 12 15 4 11 22 19 16
1 6 9 4 13 15
1 4 9 4 13 23
1 18 1 12 20 17 5
1 8 2 3 1 19 5
1 1 6 12
1 3 18 9 6
1 15 17 3 7 8
1 20 0 16
1 9 18 17 12 14
1 19 20 29 17
1 17 16 15
1 14 15 5 16 10 21
1 7 19 12 16 20 7 15
1 2 8 18 29 32 31 12
1 11 11 16 13 15 10
1 22 16 14 0 11 5 13
1 21 11 7 1 5 17 0 27
1 5 1 3 18
1 0 10 3
1 13 3 5 18 16
1 16 13 0
1 10 13 9 20 10 11 4 7
0 23 19
0 24 31 2
0 25 23 13
0 26 30
0 27 24 14
0 28 26 27 7
0 29 3 33
0 30 3 18
0 31 1 27
0 32 25
0 33 8
0 34 4 28 32
0 35 8
0 36 4
1 14 6 3 1 2 12
1 9 7 4 3 0 5
1 19 3 6 7 2
1 4 1 7 11
1 1 4 0 5 10
1 20 2 7 5
1 3 5 1 7 4 12
1 17 6 3 8
1 6 7 1 3
1 10 7 4 12 0 6
1 0 5 0 1
1 18 4 3 2 7 10
1 7 3 7 1
1 8 6 7 1 3 5
1 15 3 4 6
1 11 6 7 4
1 12 4 7 5
1 16 2 7 6 4
1 5 7 6 2 0 1 4
1 2 1 5 7
1 13 5 7 4 6 2 9
0 21 8
0 22 5
0 23 0 1 7
0 24 8 11
0 25 0
0 26 9
0 27 7 5
0 28 11 5 2
0 29 4
0 30 4 2
0 31 3
0 32 11 4 1
0 33 10 11 0
1 1 4 7 21 17 14 6 20 0 32 18
1 0 1 15 17 19 10 6 20 2 7 34 14
1 7 5 2 11 12 9 14 24 28 29
1 6 13 6 14 12 8 11 9 18 30 26
1 3 20 9 14 19 0 11 10 27 32 35
1 2 1 9 10 2 19 17 11 6 25
1 4 8 0 21 13 14 11 2 18 26 31 16 24
1 5 18 3 16 20 22 19 32
0 8 12 9
0 9 25 4 19
0 10 5 12
0 11 1 23 33 18
0 12 4 30
1 16 10 1 9 22 3 15 5 19
1 1 3
1 12 13 7 6 20 27
1 17 17 20 11 6
1 3 16 8
1 20 14 11 18 12 17 19 8 31
1 9 12 15 3
1 5 15 4 11 0
1 19 15 12 17 7 13
1 21 10 18 22 1 33
1 7 6
1 13 20 30
1 18 20 11 12
1 2 16 2 36
1 14 20
1 10 12 5 6 9 8
1 11 15
1 4 21 5 6 8 9 23
1 15 8 7 19 18
1 0 4
1 8 19 2 7 26 34 35
1 6 0 5
0 22 5 4
0 23 16
0 24 11 24 25
0 25 13 5
0 26 19
0 27 17
0 28 23 7 26
0 29 21 30
0 30 11 29 32
0 31 10 8
0 32 6 25
0 33 7 22
0 34 28 18 15
0 35 1 27 31
1 4 1 25 27
1 16 22 4 6
1 3 13 9 29
1 2 12 13
1 0 8 13 18
1 10 17 19 13
1 8 16 15 12
1 7 18 34
1 5 1
1 9 10 3 9
1 17 7 11 19 0
1 13 11 19
1 14 12 19 6
1 18 3
1 20 15 4 33
1 11 2 5 7
1 6 16 14
1 19 16 6 4 29
1 22 0 6 4 19
1 15 21 20 2
1 12 17 1 3 20 7 18
1 1 5 20 22
1 21 0 31
0 23 0
0 24 24 19 0
0 25 14
0 26 32
0 27 26 23
0 28 19 25 29
0 29 21
0 30 22 36
0 31 15 28
0 32 20
0 33 35 23
0 34 19 28
0 35 8
0 36 30
1 20
1 7
1 15
1 17
1 22
1 1
1 21
1 16
1 0
1 8
1 4
1 13
1 5
1 2
1 6
1 14
1 10
1 12
1 9
1 18
1 11
1 19
1 3
0 23
0 24
0 25
0 26
0 27
0 28
0 29
0 30
0 31
0 32
0 33
0 34
0 35
0 36

