20
15 36 32 15 36 31 16 9 32 15 15 31 6 33 20 26 12 12 34 9 
1 8 2 3 9 24 34
1 5 13 5 19 25 26
1 3 20
1 9 7 8 12 30
1 4 16 35
1 11 2
1 6 27 29
1 2 17 23 28
1 7 11 0 6 15 21 31
1 0 1 18 32
1 10 7 10
1 1 4 14 22 33
0 12 20
0 13 1
0 14 21
1 20 8
1 8 7 16
1 28 2
1 24 15
1 0 22
1 16 15 0 3
1 19 9 23
1 29 24
1 13 7 13 17
1 26 2
1 22 15 21 27
1 25 2
1 27 2
1 14 25 4
1 15 9
1 3 5
1 11 14
1 9 12
1 4 19
1 18 20 11
1 10 12
1 21 8
1 5 19
1 1 22
1 2 25
1 6 18 31
1 7 10
1 12 7
1 17 6
1 23 1
0 30 28
0 31 5 30
0 32 26
0 33 29
0 34 5
0 35 26
1 1 3
1 22 1
1 24 1
1 20 2
1 21 1
1 3 10
1 15 7
1 11 4
1 18 0
1 13 9
1 7 8
1 16 11
1 8 5
1 12 4
1 9 5
1 23 1 12
1 4 6
1 10 5
1 6 8 13
1 5 8
1 14 9
1 19 0
1 0 3
1 17 11
1 25 1
1 2 3 14
0 26 5
0 27 8
0 28 6
0 29 4
0 30 2
0 31 1
1 9 27 11 23
1 11 10
1 10 6
1 0 0
1 5 21 1 8 13 19
1 4 12 9
1 2 17 5 7 16 22 26
1 7 15 29 34
1 3 10 4 33
1 6 25 2 20 28 30 31
1 1 0
1 8 18 3 14 24
0 12 5
0 13 28 32 35
0 14 17
1 6 11
1 21 7
1 14 23 6
1 26 21
1 1 12
1 8 4
1 23 16
1 12 13
1 7 11
1 22 16
1 24 9
1 18 23
1 4 24
1 11 17
1 27 21
1 5 4 2
1 17 23
1 0 20 30
1 3 15 26
1 10 5
1 25 21
1 19 19
1 13 0 1
1 29 10
1 20 7
1 2 12
1 9 22 3
1 16 17 14
1 15 8
1 28 18
0 30 12
0 31 24 29
0 32 25
0 33 28
0 34 0
0 35 27
1 8 12
1 19 5
1 4 7
1 2 1
1 7 2
1 9 0
1 13 8
1 17 4
1 14 8
1 21 5
1 24 6
1 6 7
1 1 9
1 11 0 3
1 18 4
1 3 1
1 20 5
1 10 0
1 23 6
1 16 10
1 0 9
1 22 5
1 12 11
1 15 8
1 5 7
0 25 14 15
0 26 4 13
0 27 3
0 28 3
0 29 4
0 30 0
1 5 0
1 1 6
1 3 0
1 6 1
1 10 3
1 11 5
1 12 5
1 2 2
1 8 3
1 0 6
1 9 3
1 7 4 7
1 4 0
0 13 3
0 14 3 8
0 15 5
1 2 12 1 2 8 13 22 29
1 3 9 0 17 25
1 1 20 4 10 14 31
1 5 20 18 24
1 4 9 3 27 28 30
1 6 6 5 15 19
1 0 11 7 16 21 23
0 7 18 26
0 8 19
1 0 10
1 2 10
1 7 11
1 8 0
1 13 2
1 16 1 7
1 24 9
1 10 2
1 17 3
1 18 8
1 4 10
1 11 2 14
1 12 2
1 23 4
1 14 2
1 22 6
1 1 10
1 6 0 5
1 20 8
1 15 2 13
1 9 0
1 21 6
1 3 10
1 5 1
1 25 9
1 19 8
0 26 12
0 27 11
0 28 6
0 29 8
0 30 0
0 31 8
1 4 10 3 12
1 1 11
1 5 6
1 6 0 7
1 9 0
1 2 6 4
1 8 1 5
1 10 0
1 7 1
1 11 0
1 0 8 9 14
1 3 11 2
0 12 6 13
0 13 0
0 14 9
1 11 12 4
1 9 15
1 7 24 5 10 26 27
1 3 16
1 1 21 8 11 14 18 28 29
1 10 19 1 17 30
1 6 19 2
1 5 21 13
1 0 9 22 23
1 4 15 6 20 25
1 8 3 7
1 2 21 0
0 12 19
0 13 19
0 14 5
1 15 4
1 23 1
1 3 2
1 11 4
1 24 1
1 14 4
1 13 4
1 21 1
1 5 3
1 0 2
1 8 3
1 6 3
1 17 4
1 20 0
1 7 3
1 18 0
1 10 4
1 16 4
1 9 4
1 22 1
1 2 2
1 4 2
1 1 2
1 12 4
1 19 0
0 25 1
0 26 5
0 27 3
0 28 4
0 29 2
0 30 0
1 3 23 1 5 8 9 13 15 16 19 22 27
1 4 14 0 6 32
1 0 23 10 18 26 29
1 1 7 2 3 11 12 25
1 2 21 4 17 20 24 31
0 5 0 28 30
1 4 9
1 24 12
1 20 4
1 5 6
1 12 11 16
1 0 2
1 19 15
1 21 10
1 10 2 5 8 18
1 25 7
1 2 9
1 8 1
1 1 9
1 26 7
1 22 13
1 16 14
1 17 14
1 14 3
1 15 14
1 13 11 19
1 23 12 17
1 18 15
1 9 1
1 6 6
1 3 9
1 11 11
1 7 3 0
0 27 14
0 28 4
0 29 3
0 30 14
0 31 11
0 32 5
1 0 1
1 5 20 2
1 1 1
1 7 15 22
1 11 6
1 10 12 14
1 3 17 0
1 15 4
1 4 3
1 2 3 19
1 12 6
1 6 9
1 14 4 5 16
1 13 6 25
1 8 18 7 10
1 9 11 8 13 21 24
0 16 3
0 17 23
0 18 3
0 19 2
1 3 0
1 1 4
1 9 9
1 6 6 1
1 20 2
1 12 9
1 15 3
1 13 5 10
1 7 6
1 8 7
1 19 2
1 16 3
1 11 9
1 17 3
1 18 8
1 10 9
1 14 5
1 4 0
1 2 4
1 0 4
1 5 0
0 21 7
0 22 4
0 23 11
0 24 2
0 25 0
1 1 6
1 2 6
1 9 9
1 7 9 2
1 0 7 11
1 6 9 1
1 3 0
1 4 6 8
1 8 3
1 5 4 5
0 10 2
0 11 0 10
1 3 2
1 4 10 17 23 24 28
1 7 3 21
1 8 11 0 6 26 30 31
1 6 16 1 5 15
1 1 8 4 13 14 25 29
1 2 2 20 33
1 0 18 32
1 5 27 19 22
1 9 7 9 12
0 10 0
0 11 0
1 12 4
1 4 0
1 11 4
1 20 2
1 1 0
1 7 6
1 22 2
1 25 1
1 13 3
1 26 1
1 8 6
1 27 1
1 21 2
1 2 0
1 3 0
1 24 1
1 19 2
1 14 3
1 0 5
1 17 2
1 10 4
1 16 3
1 5 6
1 9 6
1 15 3
1 6 6
1 23 2
1 18 2
0 28 2 8
0 29 4
0 30 7
0 31 1
0 32 3
0 33 6
1 1
1 6
1 5
1 4
1 3
1 0
1 2
0 7
0 8

