6
48 32 47 10 36 32 
1 3 8
1 22 18 16
1 2 13
1 4 1
1 26 6
1 15 14
1 23 9
1 16 14
1 24 9 23
1 1 0
1 5 1
1 18 3
1 27 6 24
1 17 4 22
1 20 7
1 12 15
1 13 15
1 6 17
1 25 5 12
1 0 10
1 11 13 11
1 29 18
1 28 18 19
1 7 17
1 8 17
1 21 7 25
1 9 17
1 19 9 2
1 14 15
1 10 17
0 30 20
0 31 21
0 32 7
0 33 12
0 34 3 27
0 35 7 29 31
0 36 30
0 37 17
0 38 21
0 39 15
0 40 10
0 41 16
0 42 6 26
0 43 28
0 44 8
0 45 28
0 46 6
0 47 20
1 1 23
1 4 15 2
1 10 7
1 11 19 24
1 9 14 10 40
1 13 11
1 16 22 18
1 14 11 1 8 42
1 3 20 46
1 15 22 0 25
1 0 3
1 8 28 30 38
1 19 26 27
1 2 23 5
1 7 4 16
1 6 19
1 12 17 6 44
1 5 4
1 18 11 9 21
1 17 12 13
0 20 25
0 21 20 36
0 22 39
0 23 37 41 43
0 24 4 33
0 25 37
0 26 10 31 35
0 27 14 29 32
0 28 2
0 29 34
0 30 28
0 31 45
1 22 1
1 13 0
1 9 0
1 0 5
1 6 4
1 4 2
1 14 0
1 12 0
1 21 1
1 23 1
1 3 5
1 16 0
1 24 1
1 18 0
1 19 1
1 2 5
1 11 0
1 15 0
1 17 0
1 7 4
1 5 4
1 28 3
1 25 3
1 1 5
1 20 1
1 8 4
1 26 3
1 27 3
1 10 0
0 29 7
0 30 0
0 31 0
0 32 7
0 33 2
0 34 9
0 35 2
0 36 9 8
0 37 0
0 38 7
0 39 4
0 40 0
0 41 9
0 42 1
0 43 6
0 44 0
0 45 3
0 46 5
1 3 4 0 5 8 17 25
1 4 14 2 21 31
1 1 3 13 18
1 5 3 6 10 33 35
1 2 15 9 16 19 20 32
1 0 11 1 7 12 27
0 6 17 30
0 7 4 22 23 24
0 8 6 29
0 9 5 26 28 34
1 8 2 13
1 0 14
1 12 3 23
1 9 17 16
1 13 11
1 14 7
1 21 6
1 1 1
1 16 4
1 5 0 10
1 18 12
1 2 18 27
1 7 2
1 3 5 20 29
1 20 8 31
1 6 9
1 11 3
1 19 15
1 4 0
1 17 12
1 10 7 19
1 15 7
0 22 1
0 23 30
0 24 22
0 25 21
0 26 24
0 27 0
0 28 1
0 29 10
0 30 12
0 31 25
0 32 26
0 33 6
0 34 28
0 35 4
1 4
1 1
1 7
1 12
1 15
1 3
1 19
1 14
1 18
1 6
1 5
1 13
1 16
1 9
1 0
1 17
1 10
1 11
1 2
1 8
0 20
0 21
0 22
0 23
0 24
0 25
0 26
0 27
0 28
0 29
0 30
0 31

