13
33 16 22 31 17 33 23 17 22 32 31 34 36 
1 5 6 9 8 12 14 4 0 5
1 0 3 8 7
1 13 3 2 1 12 5
1 7 11 3 8 2 5 12
1 26 12 5 3
1 9 9 6 4 10 0 3
1 16 10 6 9 12
1 2 10 8 2 1 6 4 9 0
1 15 11 12 0 3 8
1 11 1 2 10 12 3
1 24 11 1 4 14
1 3 1 8 0 6 3
1 22 1 6 4 12 0 5 7 14
1 1 9 6 8 4 2 15
1 10 12 4 1 6 3 10
1 17 12 9 1 7 2 3 11
1 25 0
1 20 6 1 0
1 14 11 3
1 18 1 7 10 8 11 0 9
1 21 9 4 7 5 0 12 14
1 8 9 6 2 1 3 0 5
1 12 10 5 4
1 19 7 3 6 1 12 11 9 5
1 6 9 7 4 5 6
1 23 5 9 12 11
1 4 1 10 9 8 6
0 27 7
0 28 6
0 29 9
0 30 15 12 10
0 31 5
0 32 14 13 5
1 9 2 6 10 16 15 0 1 11 13 19
1 10 3 4 0 15 8 14 6 10 7 13 11 2
1 2 1 6 9 5 15 14 10 12 3
1 1 17 16 9 14 1 5 3 11 21
1 4 3 14 16 9 11 10 13 15 17
1 8 4 0 9 17 10 12 1 11 3 20
1 3 3 11 1 14 5 16 15 9 18 17 6
1 5 7 9 13 12 4 10 5 2
1 0 12 5 6 14 2 10 21 17
1 7 8 9 1 11 2 4 14 16 3 17 12 0
1 6 15 5 4 9 0 6 13 2 14 11 3 16 19 20 8
1 12 4 0 9 11 12 6 1 17
1 11 14 13 11 7 16 0 5 6 15 8 1
0 13 10 4 16
0 14 21 17
0 15 17
1 17 23 0 22 3 20 14 5 26
1 11 20 2 15 0 22 11 29
1 1 13 15 18 4 17 21 19 29
1 2 6 8 10 0 24 21 16 20 5 7 17 11
1 14 22 24 5 12 7 4
1 0 10 2 15 19 17 18 27
1 6 1 3 19 10 13 23 8 22 15 0 12
1 9 23 21 13 24 7 3 16 1 17
1 13 5 22 15 16 20 19 25
1 5 6 7 11 17 23 4 9 19 5 18 27
1 4 4 7 2 23 10 17 30 6
1 10 16 14 10 0 12 8 11 13 22 3 28 18
1 15 9 23 1 20 17 13 18 11
1 16 16 6 9 18 22 15 3
1 7 24 18 19 12 13 5 20 10 23 28
1 8 12 21 3 16 10 1 13
1 12 20 2 5 9 16 21 8 27 1
1 3 4 1 10 15 17 16 12 5 3
0 18 11
0 19 29 19
0 20 29 30 1
0 21 1 16 4
1 17 0 13 7 4 9 12 10 8 6
1 21 13 2 8 16 9
1 8 1 10 13 11 12
1 22 5 13 4
1 20 7 8 2 0 10 9
1 13 5 1 8 9 15
1 9 5 6 13 11
1 11 5 4 3 11 9 7
1 1 8 0 12 3 11 7
1 18 2 10 0 3 8 6 4
1 10 8 6 9 12 0 5
1 5 3 11 7 13 5
1 4 9 13 11 3 8 5
1 6 11 1 9 6 12 4 5 0
1 24 12 5 10 2 13 6
1 3 9 6 1
1 16 8 7 9 2 1 6 10 13 3 11
1 0 6 7 0 1 11 16
1 12 9 10 0 8 3 5 6
1 7 0 6 4 11 12 8 9
1 23 8 2 13 5 10
1 2 6 9 7 11 0 13 1 12
1 19 12 10 4 5 7 11 2 0 15
1 15 13 12 5
1 14 7 11 5 10 3 6 8 13
0 25 4
0 26 14 1
0 27 15 4
0 28 0
0 29 13 15
0 30 0 4
1 1 25 5 10 3 13 4 21 9 12 23 6 16 17 20
1 3 9 12 17 23 20 21 18 1 19 24 0 3 13 29
1 12 20 1 7 15 0 2 26 11 8 22 19 23 17 29
1 2 3 17 13 0 18 10 6 22 16
1 11 11 4 25 19 10 3 16 8 26
1 10 14 3 23 1 2 8 22 11 0 4 12 18 5 32 9
1 7 8 22 24 13 10 16 15 26 1 27
1 9 0 26 23 13 15 20 21 16 1 8
1 8 14 18 21 1 24 23 3 0 22 2 7 32 26 16
1 4 2 26 21 19 12 16 15 9 13 20 17
1 13 3 19 25 22 11 8 6 18 1 9
1 0 13 19 9 25 23 12 20 31
1 6 13 16 23 0 7 21 20 11 17 4 28
1 5 8 6 22 25 3 21 5 14 17 1 12 10 2 31
0 14 14 19 2
0 15 30 19 25 22 18
0 16 3 6 23 9
1 5 7 0 17 18 6 20 8
1 23 5 16 4 7 14 18 8 11
1 21 13 3 6 2 11
1 26 10 0 11 12
1 20 7 13 2 9 10 17
1 3 6 10 17
1 7 14 17 15 8 16 19
1 11 14 0 15
1 24 9 16 6
1 2 2 15 7 14 8
1 8 3 15 2 1
1 19 8 6 22
1 1 16 2 6 9 10
1 0 13 15 2 17
1 9 10 15 0 16 4 18 14
1 22 7 3 9 16 11 4 14 17 10
1 18 5 0 15 1 17 10 11
1 16 8 1 2 12 13 17 5
1 14 14 15 3 16 10 2 12
1 17 7 0 10 1 17 9 2
1 25 9 13 3 5 11 4 14
1 13 16 0 5 6 15 17
1 15 18 2 11 0 12
1 10 5 4 12 2 15 18 10
1 12 11 15 0 6
1 4 1 7 17
1 6 14 1 4 17 6 11
0 27 0
0 28 9
0 29 6
0 30 15 19 21
0 31 3
0 32 18
1 12 10 6 0 12 5 2 3 7 11
1 7 12 1 11 8 2 9 0 16
1 0 12 9 7 4 2 11 13 8
1 18 1 5 10 6 13 12 11 14
1 5 11 1 7 4 3 0 12 2 16 6
1 17 1 9 5 10
1 3 6 4 13 3 1 2 7 9 14
1 10 3 7 4 0 12 2 1 13
1 15 5 13 0 2 12 9 7 1 15
1 16 10 9 2 5 12 1 7
1 13 7 2 12 1 0 8
1 14 2 10 3 8 0 4 12 5
1 11 7 5 10 0 6 8 11
1 8 3 8 9 6 10 12 0 4 11
1 9 7 12 13 2 11 0
1 2 1 9 4 8 3 11 6 0 2
1 6 4 10 7 3 2 8 5 9 6 13 14 12
1 1 3 12 0 9 11 15
1 4 11 0 6 2 7 10
0 19 15
0 20 2 3
0 21 16
0 22 15
1 8 3 10 1 13 5 12 2
1 12 11 6 14 4 16 9 10 17
1 5 0 6 3 2 17 11 10 9 16 14 21
1 3 13 0 6 2 1 14 5 8 4 15 11 17 18 9
1 4 9 8 14 3 7 6 13 16
1 13 10 4 17 15 9 14 7 3 0 2
1 7 2 16 14 3 9 15 10 8 17 6 0
1 1 5 12 4 11 0 7 16 17 3 6 8 19 21
1 6 7 6 12 0 9 2 5 1 11 13 4 17 10 18
1 0 16 3 6 12 14 10 13 17
1 9 15 1 8 13 11 2
1 2 15 17 14 7 5 16 3 12 13 0 6 11 9
1 11 5 15 16 1 0 9 11 10 7 12 21
1 10 17 1 7 10 13 8 4
0 14 13 0 15 14
0 15 9 14 1 20
0 16 0 20 2
1 3 19 9 23 16 25 10 11 26
1 14 22 24 23 17 14 10 6
1 5 8 23 6 13 9 10 18 12
1 10 5 0 3 12 8 18
1 16 20 6 22 5 21 10 1 25 30
1 9 21 6 13 0 9 24 25 7 22 2 12 8 23
1 1 5 9 21 4 2 13
1 11 4 13 24 22 16 12 5 25 20
1 2 15 20 9 2 5 4 11 18 7 1 17 27 31
1 17 5 11 25 3 13 1 14 24 29
1 13 3 9 25 6 1 8 16 15 17 10 28
1 8 25 14 21 12 5
1 0 0 12 17 9 18 19 11 20
1 4 20 11 6 16 3
1 12 1 23 12 11 0 13 15 29 26 28
1 15 10 2 13 17 22 7 26 31 12
1 7 2 7 16 24 19 3 18 9 22 5 30
1 6 18 10 11 2 14 7 5 20
0 18 25 15
0 19 21
0 20 9
0 21 5 11 6 14 3 25
1 21 4 23 5 20 3 10 6 16 8 7
1 25 5 11 7 25
1 5 16 9 13 22 21 15 8 10
1 22 1 4 24 0 13 5 2 12
1 6 15 14 21 6 18
1 16 13 17 4 8 3 14 10 27
1 9 1 13 26
1 17 19 1 18 2 17 4 26
1 14 22 11 3 8 18 17
1 1 2 24 18 13 10 23 6
1 19 23 7 20 16
1 0 9 16 18 23 14 17
1 8 15 14 7 24 8
1 20 12 21 16 11 10 15
1 18 6 22 17 16
1 15 16 21 20 24
1 12 3 14 11 28 30
1 7 18 10 4 16 19
1 4 10 0 14 9 18 15 7 13 21
1 3 11 22 9 15 1 23 16 24
1 10 24 9 0 22 11 19 7
1 2 8 18 2 12 10
1 24 20 24 12 21
1 13 24 5 14 3
1 11 15 16 10 11 29
1 23 12 7 15 17 19 1 6 5 18 24
0 26 15
0 27 4
0 28 5
0 29 27
0 30 3 8 15
0 31 27 21
1 16 12 20 10 0
1 11 7 17 21 8
1 6 4 20 23 16 24
1 12 15 13 10 26 5 25 4 28 7
1 22 12 18 27 1 20
1 24 6 23 0 16 18 22 9 4 3 12
1 15 1 22 4 17 26 15
1 18 14 13 21 0 27 3 18 2 33
1 13 19 18 6 3 4
1 1 2 19 11 8 12 16 26 32 6
1 7 19 24 13 30 22
1 17 14 23 11 2 9 17
1 23 22 7 0 3
1 9 2 0 3 8 10 11 18 16 14 19
1 3 14 26 11 12 20 27
1 10 17 22 19 8 2 10
1 8 15 3 1
1 20 13 10 12 14 4 0 6 19 31 3
1 0 11 24 2 26
1 19 5 12 1 22 14 19 0 27 16
1 21 17 9 25 11 27 23 3
1 14 21 13 16 7 5 27 18 8 22
1 5 16 26 15 13 4 11
1 2 21 15 17 26 20
1 4 24 14 26 7 11
0 25 3
0 26 17 29
0 27 16
0 28 15
0 29 10 8
0 30 33
1 25 27 29 0 3 1 19 12
1 26 15 19 10 17 29 14 24 25
1 8 16 3 21 7 22 23 29 28 9 6
1 11 5 15 0 9 12 18 6
1 10 4 6 29 12 18 5 7 28 20 1 9
1 13 2 1 20 31
1 23 16 25 23 26 9 24
1 22 11 23 6 26 9 15 7 25 24 20 1
1 3 11 26 28 27
1 27 17 1 16 15 29 26 23
1 18 9 2 26 5 7 17 21
1 0 22 28 13 20 33 11 16
1 12 20 18 29 14 26 27 24
1 21 7 13 17
1 16 26 4 8 3 12 31 29
1 9 27 0 29 4 12
1 4 5 25 6 8 16 28 21 0 26
1 14 16 12 5 20 23 25 35 1 29
1 17 18 16 27 3
1 6 6 25 27 13 9 4 1 30
1 5 24 14 10 0 13 22 16
1 7 8 5 13 23
1 20 6 14 20 17 8 15 32 7
1 24 0 7 26 18 3 11
1 2 8 18 28 20 14
1 19 10 3 5 7 12 0 14
1 1 20 21 3 9 11 22
1 15 24 19 7 21 4 8 27 14
0 28 25 2 12
0 29 34 9
0 30 28
0 31 25 24 30
0 32 12 30
0 33 19 14
1 16
1 27
1 10
1 21
1 7
1 8
1 13
1 22
1 14
1 5
1 17
1 4
1 12
1 3
1 11
1 28
1 18
1 26
1 15
1 29
1 6
1 2
1 0
1 23
1 25
1 20
1 24
1 9
1 1
1 19
0 30
0 31
0 32
0 33
0 34
0 35

