6
32 6 20 35 6 20 
1 9 1
1 0 0
1 1 0
1 2 0
1 3 4
1 21 2
1 4 4
1 16 3
1 17 3
1 5 4
1 10 1
1 11 1
1 6 4
1 18 3
1 12 1
1 7 4
1 13 1
1 22 2
1 14 1
1 8 4
1 15 1
1 23 2
1 19 3
1 20 3
1 24 2
1 25 2
0 26 0
0 27 1
0 28 4
0 29 5
0 30 4
0 31 5
1 0 10
1 2 11 2 12
1 4 8 1 7 9 14 19
1 3 11 3 4 5 13 15
1 1 0 6 18
0 5 10 16 17
1 4 14 3 34
1 11 7 32
1 14 9
1 7 13 25
1 9 8
1 2 23 0 1 22 27
1 6 13 33
1 8 6
1 5 20 5 26
1 15 9 15 18
1 1 12 24 28
1 3 16 10
1 0 19
1 13 4 17 29
1 12 11
1 10 21 2
0 16 26 30
0 17 31
0 18 27
0 19 28
1 4 4
1 5 4
1 25 2
1 19 1
1 27 2
1 8 4
1 18 3
1 22 1
1 20 1
1 26 2
1 13 3
1 23 1
1 0 4
1 12 3
1 1 4
1 24 1
1 3 4
1 21 1
1 28 2
1 2 4
1 10 0
1 16 3
1 6 4
1 14 3
1 11 3
1 15 3
1 17 3
1 7 4
1 9 0
0 29 1
0 30 1
0 31 1
0 32 2
0 33 4 5
0 34 3
1 1 4 0 6 8 14
1 3 9 2 7 11 12
1 4 5 16 19
1 2 13 1
1 0 15 3 10 17 18
0 5 6
1 3
1 8
1 10
1 0
1 4
1 15
1 5
1 11
1 6
1 12
1 1
1 13
1 14
1 9
1 7
1 2
0 16
0 17
0 18
0 19

