6
37 34 13 36 37 37 
1 3 15 4 11 1 6 9 13 18
1 0 9 4 13 15 10
1 2 9 4 13 1 28 30
1 10 1 12 20 17 5 11 14 3 30 13 6
1 7 2 3 1 19 0
1 8 6 12 18 17 3 28 26
1 1 18 9 6 14 13
1 19 17 3 7 8 18 16 14 15
1 16 0 3 6 4 27 30 24 23
1 14 18 17 12 10
1 21 20 3 11 16 32 2 4
1 4 16 15 19 0 20 22
1 11 15 5 16 10 14 6 11
1 15 19 12 16 20 8 29 23
1 18 8 18 3 31 22
1 12 11 16 13 15 10 4 28 30
1 20 16 14 0 11 5 3 6
1 17 11 7 1 5 17 0 9 21 12
1 22 1 3 10 4 0 12 27
1 5 10 3 2 18 17 23 4
1 13 3 5 18 16 9 4
1 6 13 0 6 1
1 9 13 9 20 10 11 16 1
0 23 25 9 22
0 24 7 14 10 9
0 25 0 32 22
0 26 30 24
0 27 17 5
0 28 11 13 26
0 29 22 17
0 30 22 33 11 16
0 31 11 8 0
0 32 2 21
0 33 26 29 11 0
0 34 0 24
0 35 31 10 9
0 36 32 0 21 26
1 18 6 3 1 2 12 7
1 8 7 4 3 0 2 6 5 10
1 9 3 6 7 2 1 12
1 10 1 7 2 5 0 9 4
1 12 4 0 5 2 6 10 11 12 9
1 14 2 7 4 1 0 9
1 7 5 1 7 4 2 0 3 11
1 20 6 3 2 0 11 8
1 15 7 1 3 6 0
1 1 7 4 3 6 1 5 0 2
1 13 5 0 1 3 4
1 19 4 3 2 0 1 12 6
1 17 3 7 1 0 2 6
1 4 6 7 1 3 12 11
1 5 3 4 6 1 5
1 0 6 7 4 5 10 11
1 16 4 7 1 3 2 0 6
1 3 2 7 6 4 3 5
1 11 7 6 2 0 1 4 11
1 2 1 5 7 2 8 4
1 6 5 7 4 6 2 0 12
0 21 5 12
0 22 4 8 2 10
0 23 6 12
0 24 9 6 8
0 25 7 6 2
0 26 7 4 8 0
0 27 10 9 11 1
0 28 6 9
0 29 7 8
0 30 1 8 6 0
0 31 5 3
0 32 9 1 3
0 33 0 5
1 7 4 7 21 17 14 6 20 0 18 3 23 27 26 33 19 30 10 2
1 4 1 15 17 19 10 6 20 2 7 13 14 12 5 18 11 4 0 31
1 6 5 2 11 12 9 14 4 10 21 7 13 3 34 27 20
1 5 13 6 14 12 8 11 9 18 7 3 0 35 26 17 29
1 2 20 9 14 19 0 11 10 3 13 6 16 15 8 5 4 31 24 32 18
1 1 1 9 10 2 19 17 11 7 14 3 0 12 15 16 29 27
1 3 8 0 21 13 14 11 2 18 20 9 5 32 15 12 33 10
1 0 18 3 16 20 19 9 8 15 2 7
0 8 30 22 26 23 33 6
0 9 4 34 33 18 13 26 16 23
0 10 18 25 33 21 11 24
0 11 17 24 29 28 30 4 6 3
0 12 21 28 26
1 6 10 1 9 22 3 15 5 19 21 18 35 11 8 2
1 0 3 13 7 22
1 5 13 7 6 20 9 18
1 9 17 20 11 6 22 13 29 8
1 18 16 8 22 11 9 18 5 7 25
1 19 14 11 18 12 17 19 8 22 4 23
1 16 12 15 3 16 18 25 26
1 17 15 4 11 0 20 27
1 7 15 12 17 7 13 1 4 18 5 22 35 26 36
1 2 10 18 22 1 15
1 1 6 15
1 12 20 3 4 0 16 10 8 18 5 36
1 20 20 11 12 10 16 28 4 8 36
1 10 16 2 13 1
1 14 20 5 12 18 34 13
1 8 12 5 6 9 21 7 16 3 22 17
1 3 15 6 7 3
1 13 21 5 6 8 2 0 19
1 15 8 7 19 18 17 3 0 20 26 25
1 4 4 3 9 26 36
1 11 19 2 7 8 5 14 35 22 23 27
1 21 0 5 18
0 22 18 6 1
0 23 27 34 30 31
0 24 32 23
0 25 34 1
0 26 20
0 27 32 3
0 28 13 30
0 29 10
0 30 33 26
0 31 15 0 4 14
0 32 14 36 16 4
0 33 31
0 34 24 13 14 32
0 35 0
1 22 1 3 16
1 4 22 4 6 21
1 8 13 9 5 6
1 7 12 1 0 20 32 5
1 3 8 13 18 20 7 21 9
1 11 17 19 13 20 21 5 16 4 3
1 6 16 15 12 0 6 18 24 35
1 0 18 12 8
1 20 1 18 15 2 9 23 25
1 10 10 3 9 13 2
1 5 7 11 19 0 6 8 5 4
1 18 11 21 20 12 16
1 17 12 19 6 16 11 26
1 12 3 4 32
1 16 15 4 7 11 33 25
1 13 2 5 7 17 25 1 36 24
1 21 16 14 15 6 10 12
1 15 16 6 4 21 7 1 11 8 22 20
1 9 0 6 4 19 17 9 26 7
1 19 21 20 2 3
1 14 17 1 3 20 7 12 5
1 2 5 20 22 7 8 18 29 19 23
1 1 0
0 23 34
0 24 23 28 20
0 25 4
0 26 22 27 18 21 28 15
0 27 9 1 12
0 28 8 36 18 15 23
0 29 30 24 18
0 30 1
0 31 20 13
0 32 5
0 33 35 14
0 34 21 34
0 35 15 25
0 36 31 7
1 4
1 21
1 17
1 16
1 7
1 9
1 11
1 8
1 3
1 14
1 0
1 20
1 5
1 6
1 22
1 18
1 19
1 15
1 2
1 12
1 10
1 13
1 1
0 23
0 24
0 25
0 26
0 27
0 28
0 29
0 30
0 31
0 32
0 33
0 34
0 35
0 36

