6
32 6 20 35 6 20 
1 9 1 4
1 15 0 1 3 2
1 16 0 2 1 3
1 7 0 2
1 0 4
1 17 2 3
1 1 4
1 18 3 2
1 10 3 0
1 8 4 3
1 20 1 2
1 21 1 2
1 2 4 0
1 11 3 1 4 0
1 22 1 2
1 12 4 1
1 23 1 2 3
1 4 2 4
1 24 1 2 4
1 3 4 0
1 25 1 3
1 5 2 4
1 14 3 1 4 5
1 19 3 0 1 4
1 13 2
1 6 2 4
0 26 2 1
0 27 0
0 28 4 5
0 29 3
0 30 1
0 31 3
1 1 10 11 1 13 15 8 7 9 19
1 4 11 2 12 10 4 9 8 3 17
1 2 8 1 7 9 14 2 5 11 10 13 18
1 3 11 3 4 5 13 15 14 9 18 19
1 0 0 6 15 13 10 4 2 8 3
0 5 4 16
1 0 14 3
1 7 7 17 9
1 3 9 12 34
1 12 13 25 23
1 4 8 26 29
1 10 23 0 1 22 27 11 13 12 10
1 13 13 10 2 1 23
1 11 6 18 5 21 33
1 2 20 5 26
1 5 9 15 18 28
1 9 12 24 28
1 14 16 10
1 15 19 23 8
1 1 4 17 3 5
1 6 11 25 27 20
1 8 21 2 28 0 30
0 16 31
0 17 2 11
0 18 32
0 19 19
1 14 4
1 13 4
1 20 2
1 6 1 4
1 3 2 1 0
1 0 4 0
1 28 3 0
1 7 1 4
1 1 1
1 9 2 0
1 25 3 2
1 4 1 0 2
1 11 4 0 2 5
1 21 3 4 0
1 5 4 1
1 2 1
1 22 4 3 2
1 18 1 3
1 26 2 3
1 23 4 3 2
1 10 0 4 2
1 12 3 0
1 17 4 1 2
1 27 3 2 4
1 24 3 2
1 15 3 0
1 19 3 1
1 16 4
1 8 0 2
0 29 5
0 30 0 1
0 31 5
0 32 4
0 33 2
0 34 0
1 0 4 0 6 8 14 7 3 13 11 5 16 9
1 1 9 2 7 11 12 4 8 0 1 5 6 3 13 10 14
1 3 5 14 1 12 11 9 13 7 10 2 17 16
1 4 13 1 9 15 7 12 10 6 14 2 18 4
1 2 15 3 10 0 5 1 4 9 12 13 11 6 18 19
0 5 1 13 4
1 1
1 10
1 14
1 2
1 3
1 5
1 4
1 7
1 0
1 11
1 12
1 6
1 13
1 8
1 9
1 15
0 16
0 17
0 18
0 19

