13
24 23 18 26 24 29 15 29 13 32 26 31 12 
1 6 6 10 11 4 5 18 21
1 2 0 11 6 4 13 19
1 3 8 3 1 4
1 13 11 7 5 8 4
1 7 4 6
1 1 1 9 5 19 20
1 5 10 5 7 8 13 3 1
1 4 1 2 7 8 3 4 9 16
1 9 7 1 18 12 20 22 13 5
1 8 4 3 2 6 7 5 0
1 12 7 12 9 2 8
1 0 2 1 15
1 14 6 8 18 7
1 10 6 8 0 5 4 7 1
1 11 11 13 2 8 3 6
0 15 5
0 16 19 7 15
0 17 20 13 0 5 14
0 18 5 21
0 19 19
0 20 11 14 13
0 21 5 12
0 22 22 2
0 23 17
1 2 4 8 7 9 3 1 15
1 3 6 0 3 7 5 9 14 4
1 7 2 9 6
1 4 1 0 6 5 2 10 14
1 0 9 0 7 1
1 8 0 2 5 7 6 12
1 13 10 4 6 17
1 12 4 5 2 16
1 11 4 3 6 0 10
1 6 3 4 1 7 12
1 1 5 0 8 15 17 11
1 10 3 6 1 2 4 13 5
1 9 0 6 10 2 3 5 7
1 5 4 7 10 1 5 9
0 14 7 11 14 6
0 15 3 16
0 16 1
0 17 6 7 13 5 3
0 18 13
0 19 0 16 6
0 20 9 12 13
0 21 17
0 22 6 11 13
1 4 15 13 10 14 5 1 24 0 4 2
1 1 2 5 12 7 19 4
1 9 11 6 7 2 5 23 25 17
1 5 14 1 9 7 25 20
1 10 11 1 13 2 25 8
1 3 1 12 11 14 4 5 3 18 22
1 8 2 1 7 11 4 15 8
1 6 2 10 3 12 11 14
1 2 1 4 8 12 13
1 0 3 0 10 7 15 12 23
1 7 7 8 9 6 14 1 11 15 4 0 23
0 11 12 7 8
0 12 0 20 24
0 13 10 22 8
0 14 9 17 12
0 15 8 16 17 19
0 16 7 15
0 17 10 21 16
1 4 7 1 12 13
1 7 10 12 9 2 4
1 12 14 2 9 5 3
1 3 8 11 21 6
1 9 9 0 4
1 0 8 13
1 15 7
1 10 9 4 14
1 5 5 0 4 22
1 1 14 13 0 1
1 6 1 4 9 6 0 14 10
1 14 2 3 18
1 2 6 0
1 8 10 4 9 7 14 2 12 15
1 13 2 11 9
1 11 11 12 21 1
0 16 22
0 17 19
0 18 9 8
0 19 3
0 20 15 3 20 2
0 21 3 23
0 22 19
0 23 12 14
0 24 17 16 20 9
0 25 7
1 2 17 9 0 16 10 12 2
1 5 7 12 2 6 15 4
1 11 5 10
1 12 11 0 8 13 27
1 8 5 3 14 6 7 13
1 9 5 1 17 25
1 7 8 17 10 1
1 13 2 13 8 5 18 16
1 1 16 0 14 2 18
1 14 8 5 24 0
1 0 4 9 7 26 3
1 10 17 15 2 12 8
1 4 6 1 14 13
1 3 14 10 4 7 8 0
1 6 15 17 4
0 15 1 20 21 26
0 16 23 1
0 17 22 28
0 18 19
0 19 6
0 20 6 5 13
0 21 24 19 3
0 22 9 27
0 23 12 20 25 11
1 2 6 2 0 10 11
1 3 2 0 8 7 4
1 5 0 3 4 1 2 5 12 10
1 12 2 6 1 3 5
1 8 3 5 4 1
1 16 6 8 1 5 3
1 10 2 8 1 5 3 11 6
1 6 0 5 8 1
1 17 5
1 0 2 3 0 8
1 4 7 4 0 2 6 8 10
1 13 1 3 13
1 11 1 8 0 6
1 15 5 3 1 8
1 1 0 3 7
1 7 0 7 5 13 3
1 14 6 5 1 7 3
1 9 3 7 6 9 11 1
0 18 8 11 5
0 19 7 10
0 20 7 8
0 21 7 8
0 22 8 13
0 23 14 10
0 24 6
0 25 0 11
0 26 1 2
0 27 14 3
0 28 2 11 3
1 0 13 7 9 11 17 8 6 1
1 8 15 10 9 11 20 2
1 1 13 5 6 0 21 24 2
1 2 3 14 9 26
1 3 5 4 6 14 8 17 3 9 0 22
1 7 15 14 5 3 0 10
1 6 15 0 12 2 10 3 9 17
1 5 1 8 15 2 7 13
1 4 8 2 16 5 15 6 14 18
0 9 7
0 10 18 19 27 11
0 11 2 28 7 16
0 12 9 24 26 19
0 13 15 23 26 14 11 0
0 14 27 25
1 4 7 0 5 4 2 3
1 9 4 0 1 6 3 2
1 16 1 5 9 7
1 13 7 5
1 14 3 5 0 1 7 10 2
1 15 1 0 10
1 0 4 1 2
1 3 2 3 4 5 1 6 12 7
1 1 3 2 4 1 7
1 2 3 0 7 1 2 4 9 5 6 8
1 12 7 6 0 1 4 2
1 17 1 0 5 10
1 8 1 6 7
1 6 2 5
1 5 5 2 4 1 6
1 10 1 6 2 5 10
1 11 5 6 3 7 1 2
1 7 4 7 0 1
0 18 9 12 7
0 19 11 3
0 20 8 5
0 21 7 2
0 22 7
0 23 3 11 5
0 24 2
0 25 1 12
0 26 0 12
0 27 7 1 9
0 28 12 8
1 6 3 13 4 15 1 9 14 5 19 24 17
1 5 4 16 13 18 8 10 17 11 22 27
1 0 17 9 8 11 1 28 31 27 26 24
1 3 12 14 18 13 3 10 4 11 7 9 2 26
1 1 6 10 11 15 8 13 7 18 5 26 1 24 28 21
1 7 6 0 19 18 16 13 5 11 8 25 15 17
1 4 5 8 14 3 13 10 11 23
1 2 2 1 7 16 5 13 8 15 6 10 9 21 23 17 25 18
0 8 20 27 15 30 31
0 9 2 29 5
0 10 8 27 0
0 11 12
0 12 26 30 19
1 5 11 6
1 1 6
1 12 15 11 7 6 25
1 19 13 0
1 13 9 2 4
1 11 5 8 6 14
1 15 15 7 10 9 22
1 2 10 4 8
1 4 6 10 4 11
1 8 3 14 5
1 0 4 13 8 6
1 9 12 1 0
1 3 14 15 1
1 16 14 13 10 8
1 10 3 0 1 5 6 9 22
1 6 7 9 12
1 18 13 1 2 15 18
1 14 11 12 5 0 21 22
1 7 6 9 8 2
1 17 5 14 7
0 20 13 17 14
0 21 4 25 20 11
0 22 11 20 23
0 23 10
0 24 23
0 25 10
0 26 12
0 27 5
0 28 22
0 29 22 24 19
0 30 19 10
0 31 16
1 10 0 17 16 15 18 7 12
1 11 2 15 7 5 17 11 14
1 12 6 17 4 16
1 2 13 3 7 2 25
1 0 12 8 0
1 14 1 11 13 0
1 3 7 16 12 9 6 10
1 13 18 15 16 13 10
1 6 16 0 8 15 24
1 4 5 17 12 2 9 1 0 3
1 9 5 8 13 14 25
1 8 10 9 16 12
1 1 3 12 8 2 15
1 15 14 4 11 15 10
1 5 14 13 12 8 4 11 0 27
1 7 18 9 23 28 12
0 16 27 21 30
0 17 19 22
0 18 12
0 19 8 22
0 20 20 10 4
0 21 26 28
0 22 4 29 25 14
0 23 8
0 24 16
0 25 30 4 6
1 0 3
1 16 6 0
1 7 3 0
1 5 1 2 5
1 14 6
1 12 3 5 4
1 10 3 0 8
1 6 1 2 5 4 6
1 2 6 3 1
1 3 5 2 3 0
1 18 0 5
1 13 1 4 5
1 1 2 1
1 4 0 2 10
1 15 4 0 9 10
1 17 5 6
1 9 1 6
1 8 4 6
1 11 1 6
0 19 7
0 20 11 3
0 21 9
0 22 5
0 23 6
0 24 7
0 25 0
0 26 6
0 27 4
0 28 3
0 29 7 5 10
0 30 7 3
1 5
1 2
1 0
1 1
1 3
1 6
1 4
0 7
0 8
0 9
0 10
0 11

