6
28 26 10 27 28 28 
1 15 15
1 2 9 4
1 3 9
1 6 1
1 14 2
1 10 6 21 22
1 4 18
1 21 17
1 18 0
1 5 18
1 12 20
1 0 16 24
1 16 15 25
1 17 19 12
1 9 8
1 1 11
1 8 16 14
1 11 11 7 23
1 7 1
1 13 10
1 22 3 5
1 19 13
1 20 13
0 23 16
0 24 1
0 25 20
0 26 9
0 27 4
1 15 6
1 5 7
1 11 3
1 18 1
1 2 4 0
1 20 2
1 7 5
1 13 6
1 6 7 9
1 3 7
1 9 5
1 1 4
1 12 3
1 16 6
1 10 3
1 14 6
1 0 4
1 19 2
1 4 7
1 17 1
1 8 5
0 21 8
0 22 3
0 23 3
0 24 0
0 25 2
1 1 4 7 24
1 6 1 15 17 19
1 7 5 2 11 12 25
1 4 13 6 14
1 0 20
1 3 1 9 10 23 26
1 5 8 0 21
1 2 18 3 16 22
0 8 3
0 9 20
1 10 10 1 9 22 26
1 11 3
1 20 13
1 3 17
1 1 16
1 21 14 11
1 12 12
1 5 15
1 7 15
1 8 10 18
1 4 6 25
1 16 20
1 17 20 23
1 2 16
1 15 20
1 14 12
1 6 15
1 18 21
1 9 8
1 19 4
1 0 19 2 7
1 13 0 5
0 22 4
0 23 22
0 24 10
0 25 27
0 26 24
1 10 1
1 14 22 4
1 0 13 9
1 12 12
1 19 8
1 16 17 19
1 5 16
1 1 18
1 9 1
1 15 10 26
1 7 7
1 21 11
1 13 12 27
1 20 3
1 22 15
1 6 2
1 3 16 14 23
1 4 16
1 8 0 6
1 2 21
1 17 17
1 18 5 20
1 11 0
0 23 17
0 24 0
0 25 15 25
0 26 17
0 27 24
1 10
1 9
1 6
1 20
1 12
1 17
1 7
1 8
1 19
1 0
1 14
1 21
1 11
1 1
1 4
1 22
1 5
1 16
1 2
1 15
1 18
1 3
1 13
0 23
0 24
0 25
0 26
0 27

