2
36 24 
1 19 16 2 17 3
1 23 5 3 8 4 16 20
1 4 9 17 12
1 3 17 13
1 11 8 13 1 15
1 25 18 7 15
1 7 13 19 9 11 10 1 6
1 8 1 2 19 13 15
1 17 6 14 0 11 8 22
1 15 14 8 3 11 9 1 13
1 6 9 11
1 20 14 3 2 11
1 10 9 14 4 17 13 23
1 14 0 8 10 11 15
1 0 1
1 26 3 12 15 9
1 16 6 14 0 15 18
1 13 4 11 14
1 24 7 3 2
1 9 15 11 13 9 20
1 21 15 7
1 12 17 4 6
1 29 5 16
1 18 10 11 14 12 6 16 2
1 5 13 11 19 15
1 22 18 6 14
1 28 18 5 8 16
1 1 17 19 1
1 2 17 19
1 27 7 0 23
0 30 14
0 31 0
0 32 17 4
0 33 10
0 34 21 19
0 35 3
1 13
1 1
1 11
1 14
1 8
1 19
1 9
1 17
1 12
1 4
1 6
1 5
1 15
1 3
1 10
1 7
1 16
1 2
1 18
1 0
0 20
0 21
0 22
0 23

