13
26 36 16 24 34 47 40 34 16 23 24 45 47 
1 7 16
1 13 19 0 33
1 14 7 8 24
1 2 1 29
1 11 5 2 6 11
1 10 20 18 28 32
1 0 4
1 6 17 13 23
1 12 7 3 21
1 3 1
1 5 1 12 14 15
1 1 4
1 15 9 10
1 4 1
1 8 16
1 9 16 26 35
0 16 10
0 17 8 34
0 18 31
0 19 3
0 20 20
0 21 22 25
0 22 27
0 23 30
0 24 7
0 25 2
1 9 5
1 1 7
1 6 6 12
1 11 2
1 0 7
1 14 0
1 13 3
1 18 9
1 19 9
1 20 9
1 17 1
1 3 7
1 10 2
1 12 3
1 5 6
1 7 5
1 8 5
1 4 8
1 15 1 10
1 21 4
1 2 7
1 16 1
0 22 0
0 23 14
0 24 11
0 25 9
0 26 9
0 27 2
0 28 9
0 29 0
0 30 2
0 31 2
0 32 13 15
0 33 9
0 34 1
0 35 7
1 6 11
1 7 13
1 4 12 6 7
1 5 3 4
1 9 3 22
1 3 13 5 18
1 2 13 8 9 23
1 0 1 14
1 1 10 0 2 17
1 8 13
0 10 9 20
0 11 15 21
0 12 12 16
0 13 1
0 14 2
0 15 19
1 3 0 4 21
1 0 1
1 5 14 2 23
1 13 12 16
1 9 20
1 7 5
1 14 6 32
1 10 10 9
1 6 0 19
1 4 7 11
1 1 8 15
1 11 17 31
1 8 18
1 12 17 13 33
1 2 3 27
0 15 16
0 16 7
0 17 11
0 18 17 29
0 19 28 22 25
0 20 30
0 21 9 26
0 22 24
0 23 1
1 8 14 20
1 0 7 3 45
1 7 23 18
1 5 1
1 4 10
1 12 11 32
1 20 19 13
1 10 0 22
1 1 2 17 31
1 18 25
1 11 24 6
1 2 5
1 19 21
1 16 0
1 6 12 16 27
1 3 28 26
1 17 0
1 15 8
1 13 12 9
1 9 15 38
1 14 10 4
0 21 44
0 22 6 41
0 23 33
0 24 1
0 25 17
0 26 34 37
0 27 25 30
0 28 43
0 29 20 36
0 30 7 35 42
0 31 39
0 32 46 40
0 33 4 29
1 22 5 24
1 11 6 8 28
1 12 12
1 2 17
1 28 15 33
1 6 7
1 14 2 30
1 3 17
1 20 21
1 21 20
1 9 12 18
1 17 21 0
1 15 1
1 26 15
1 7 6
1 13 13 3 9
1 5 7 25
1 0 16 36
1 25 15
1 27 15
1 19 4
1 24 10 27
1 8 6
1 1 22 29
1 16 23
1 23 20 11
1 4 19
1 18 4
1 10 23 14
0 29 16 35
0 30 4
0 31 4
0 32 38
0 33 16
0 34 11 37
0 35 24
0 36 0
0 37 38
0 38 31
0 39 20
0 40 23
0 41 31
0 42 1
0 43 5
0 44 0
0 45 18 26 32 39
0 46 34
1 14 1 28
1 13 1 2 18
1 12 20
1 15 15
1 18 4
1 23 12
1 7 4 14 17
1 5 10
1 11 20
1 8 3
1 21 19
1 22 12
1 9 13
1 10 13
1 0 8 7
1 24 6
1 1 8
1 3 3 5
1 6 16 25
1 4 10
1 20 19 0 23
1 19 4
1 2 8
1 16 11
1 17 16 9 21
0 25 29
0 26 7
0 27 10
0 28 14
0 29 22
0 30 17
0 31 27
0 32 15 26
0 33 8
0 34 30
0 35 33
0 36 20 32
0 37 3
0 38 31
0 39 24
1 16 5
1 11 8
1 7 6
1 8 2 15
1 15 5
1 1 1
1 19 3
1 0 9 10
1 4 7
1 20 3
1 5 7
1 13 5
1 18 0
1 9 2
1 2 1 11
1 12 8
1 6 7
1 3 1 4
1 14 5
1 17 5
1 10 8
0 21 6
0 22 5
0 23 13
0 24 12
0 25 7
0 26 7
0 27 14
0 28 9
0 29 1
0 30 13
0 31 13
0 32 14
0 33 4
1 8 2
1 1 8 5 6
1 5 8
1 9 0 4
1 2 13 9
1 7 13 12
1 4 11 17
1 3 11
1 6 1
1 0 7 3 10
0 10 8 20
0 11 21 15 19
0 12 16
0 13 10 22
0 14 14
0 15 21 18
1 10 10 4
1 9 0
1 11 6 14
1 5 3
1 13 7 12
1 1 11
1 4 13 1
1 2 9
1 7 6 17 22
1 3 9
1 0 8 19
1 6 3
1 12 2 5
1 8 6
0 14 7
0 15 16
0 16 15
0 17 5 18 20
0 18 21
0 19 0 23
0 20 16
0 21 14
0 22 21
1 7 9 2 32
1 4 0 15
1 8 13 5 14 43
1 5 19 3 34 44
1 10 10
1 12 4
1 6 9 11
1 11 17 27
1 0 25 7 16 23 36
1 2 21 18 20
1 9 0 26 33
1 1 0 6 24
1 14 12 22
1 3 1
1 13 8
0 15 7 39
0 16 7 38
0 17 35
0 18 26 42
0 19 37
0 20 26 30
0 21 41 29
0 22 40 31
0 23 9 28
1 13 21 44
1 9 18 19
1 19 4
1 16 9
1 21 14 42
1 18 7
1 3 23
1 2 15 6
1 22 26 11 40
1 14 25
1 20 4
1 12 10
1 26 8
1 23 22 34
1 15 25 29
1 10 24
1 0 13
1 24 22 37
1 6 1
1 8 5
1 11 10
1 7 15 2 3
1 27 16 27
1 1 0
1 5 5 20 28 38
1 4 26 12 17
1 25 8
1 17 9
0 28 14 31
0 29 43
0 30 9
0 31 45
0 32 39
0 33 33 46
0 34 19 35
0 35 30
0 36 15
0 37 1
0 38 41
0 39 32
0 40 27 36
0 41 4
0 42 19
0 43 30
0 44 26
1 1
1 9
1 10
1 11
1 22
1 12
1 2
1 21
1 25
1 20
1 16
1 28
1 3
1 0
1 23
1 6
1 26
1 4
1 13
1 14
1 7
1 17
1 24
1 5
1 15
1 19
1 18
1 27
1 8
0 29
0 30
0 31
0 32
0 33
0 34
0 35
0 36
0 37
0 38
0 39
0 40
0 41
0 42
0 43
0 44
0 45
0 46

