2
44 21 
1 0 0
1 8 7 6 9 4 19
1 14 9 11 5
1 5 9 6 3
1 16 1 4 17
1 11 9 7 8 2 16 20
1 1 0 3
1 3 8
1 9 7 6 9 11
1 15 10 7 1
1 21 12 4
1 7 6 7 2
1 2 3 6
1 4 3 9
1 10 11 6
1 20 12 1 7 0
1 13 9 2
1 12 10 1 6
1 17 10 11
1 18 11 10
1 22 1
1 19 11 5 10
1 24 1 2 11 12
1 23 1 2 15 6
1 6 9
1 25 12 2
1 26 12 5
0 27 5
0 28 2 0
0 29 1
0 30 6 11
0 31 2 18
0 32 0
0 33 1
0 34 13 20 3
0 35 19
0 36 6
0 37 7
0 38 6 18 3
0 39 2
0 40 12
0 41 3 0
0 42 3 4
0 43 12 14
1 0
1 9
1 10
1 1
1 6
1 11
1 3
1 5
1 2
1 4
1 8
1 7
1 12
0 13
0 14
0 15
0 16
0 17
0 18
0 19
0 20

