13
13 20 21 15 21 39 44 26 21 16 10 36 12 
1 2 10
1 7 3
1 0 5 7 19
1 6 2 11 12 16
1 4 5 9
1 3 1 4
1 5 8 6 15
1 1 1 0
0 8 8 13
0 9 2
0 10 14 18
0 11 7 17
0 12 5
1 0 3 13
1 4 1 2 4 5
1 10 6
1 9 7
1 5 1
1 1 3
1 6 12
1 2 10
1 8 8
1 11 0 16
1 3 3 9 11
1 7 12
0 12 0
0 13 20
0 14 8
0 15 7 17
0 16 19
0 17 3 18
0 18 14 15
0 19 2
1 12 5
1 5 4
1 3 6
1 0 2
1 4 6
1 7 7
1 11 1
1 9 7 9
1 8 7
1 1 2 13
1 2 0
1 10 1
1 6 8 3
0 13 11
0 14 8
0 15 5
0 16 10
0 17 5
0 18 2 14
0 19 3
0 20 12
1 1 6 4 11
1 7 10 17
1 0 3
1 3 12 20
1 4 7 9
1 8 10
1 2 7 8
1 6 1
1 5 3 0 2 5
0 9 5 16
0 10 11 15
0 11 13 18 19
0 12 12
0 13 12
0 14 6 14
1 7 0 3
1 11 8 30 31
1 9 17 19 20 21 34 38
1 2 12
1 3 10 32
1 4 16 1 24 25
1 0 13 23 27
1 1 7 18
1 8 0 5 6 11
1 10 15
1 12 0 28
1 6 16 2 9 22 26
1 5 4 14
0 13 22
0 14 11 29
0 15 2
0 16 37
0 17 33
0 18 16
0 19 6 36
0 20 35
1 22 1
1 12 14
1 15 26 18 38
1 8 23 2 5
1 4 3 33
1 18 15 10
1 10 6 28
1 1 19
1 20 0 13 20
1 21 24
1 7 17
1 11 9
1 6 25
1 0 4
1 17 16 37
1 19 0
1 5 25
1 23 1
1 3 11 35
1 13 19 12
1 16 9 21
1 14 22 29
1 9 4 8
1 2 3 7 40
0 24 5
0 25 9
0 26 27
0 27 4
0 28 42
0 29 23
0 30 7 39 43
0 31 36
0 32 32 34
0 33 32
0 34 36
0 35 30 41
0 36 15 31
0 37 17
0 38 26
1 19 3
1 26 1 7
1 1 11
1 6 6
1 0 11
1 20 2 0
1 9 12 16 17 19
1 4 10
1 17 15
1 10 12
1 15 2 9
1 5 13
1 23 8
1 14 5
1 12 5
1 22 8
1 18 15
1 8 12
1 11 5
1 2 4 21
1 25 8
1 24 8
1 13 5
1 3 4 18
1 21 8
1 7 6
1 16 14
0 27 9
0 28 13
0 29 12
0 30 0
0 31 14
0 32 10
0 33 6
0 34 5
0 35 1 25
0 36 7
0 37 23
0 38 13
0 39 2
0 40 4
0 41 24
0 42 20 22
0 43 23
1 10 2 1
1 14 0
1 12 0
1 11 2
1 1 5 19
1 7 12 10
1 5 2 4
1 15 11
1 13 2 3
1 3 9 18
1 2 6 7
1 0 5 17
1 6 8
1 4 9
1 8 12
1 9 12
0 16 16
0 17 5
0 18 5 13
0 19 7 14
0 20 2
0 21 15
0 22 11
0 23 2
0 24 15
0 25 20
1 10 1
1 7 2
1 9 7
1 11 4 3
1 2 8 0
1 1 9
1 5 7 5
1 0 8
1 6 2
1 3 6 11
1 4 6 13 14
1 12 4
1 8 7
0 13 12 10
0 14 12
0 15 12
0 16 5
0 17 9
0 18 4
0 19 0
0 20 8 15
1 4 2
1 7 3
1 5 2
1 8 0
1 9 0 4
1 2 2
1 3 2
1 6 3
1 0 5
1 1 1
0 10 9
0 11 4
0 12 4
0 13 6
0 14 8
0 15 7
1 4 19 9 11 12 13 20 28
1 1 5 2 8 18 33
1 2 4 3 7 10 17 26
1 3 6 1 15 32
1 5 0 14 16 21 22 35
1 0 6 25 30
0 6 31 27 34
0 7 13 29
0 8 23 24
0 9 19
1 18 5
1 7 6
1 1 2
1 9 4
1 6 6
1 4 3
1 2 3
1 0 2
1 10 4
1 20 1
1 3 3
1 8 6
1 21 1
1 5 3
1 15 0
1 14 0
1 19 5
1 16 5
1 11 4
1 12 4
1 17 5
1 13 4
0 22 6
0 23 5
0 24 7
0 25 5
0 26 0
0 27 8
0 28 10
0 29 1
0 30 10
0 31 4
0 32 3
0 33 11
0 34 7
0 35 5 9
1 4
1 6
1 0
1 1
1 3
1 5
1 2
0 7
0 8
0 9
0 10
0 11

