13
44 21 29 40 23 44 31 23 29 42 40 45 48 
1 5 6 9 8 12 18
1 0 3 8 7 16
1 13 3 2 1 12 5 16
1 7 11 3 8 2 5 12 9
1 26 12 5 9 16
1 9 9 6 4 10 0 3
1 16 10 6 9 12 11
1 2 10 8 2 1 6 4 9 7 17
1 15 11 12 0 3 8 13 9
1 11 1 2 10 12 3 15
1 24 11 1 4 18 5
1 3 1 8 0 6 3 17 19 14
1 22 1 6 4 12 0 5 8
1 1 9 6 8 4 7
1 10 12 4 1 6 3 10
1 17 12 9 1 7 2 3 11 18
1 25 0 10 1 19
1 20 6 1 0
1 14 11 3 16
1 18 1 7 10 8 11 0 12
1 21 9 4 7 5 0 12 2
1 8 9 6 2 1 3 0 5
1 12 10 5 4
1 19 7 3 6 1 12 11 9 5 20
1 6 9 7 4 5 6 2
1 23 5 9 12 16
1 4 1 10 9 8 6 5 15 0 2
0 27 13 4 6
0 28 12 0
0 29 19 10
0 30 19 11 2
0 31 11 2
0 32 16 18 15
0 33 2 9 17
0 34 0 2 17 7
0 35 4 7 15 13
0 36 14 15
0 37 20 0 19
0 38 4 19 0 15
0 39 10 12
0 40 14
0 41 2
0 42 2
0 43 16
1 9 2 6 10 16 15 0 1 11 13 23
1 10 3 4 0 15 8 14 6 10 7 13 11 26
1 2 1 6 9 5 15 14 10 12 3 13 28
1 1 17 16 9 14 1 5 3 11
1 4 3 14 16 9 11 10 13 15 17 26
1 8 4 0 9 17 10 12 1 11 3 26 28 14 5 8
1 3 3 11 1 14 5 16 15 9 24 25 27 13 2
1 5 7 9 13 12 4 10 5 2 19 17 23 22
1 0 12 5 6 14 2 10
1 7 8 9 1 11 2 4 14 16 3 21
1 6 15 5 4 9 0 6 13 2 14 11 3 16 23 25 24
1 12 4 0 9 11 12 6 1 22 5 16
1 11 14 13 11 7 16 0 5 6 15 8 27 23 3 4
0 13 4 23 7 18 27 9
0 14 5 21 6 24 4
0 15 5 8 0
0 16 19 11 4 8 1 15
0 17 21 20 28 1 19
0 18 23 26 19
0 19 19 15 13 16 12
0 20 8 18 2 27 15 17
1 17 23 0 22 3 20 14 5 36 19 33
1 11 20 2 15 0 22 11 30 39
1 1 13 15 18 4 17 21 19 37 25
1 2 6 8 10 0 24 21 16 20 5 7 17 39 31
1 14 22 24 5 12 7 4 33 25 20 28 15
1 0 10 2 15 19 17 18 36
1 6 1 3 19 10 13 23 8 22 15 0 12 34 14
1 9 23 21 13 24 7 3 16 1 17 18 32
1 13 5 22 15 16 20 19 35 32 18 6
1 5 6 7 11 17 23 4 9 19 5 18 2 34
1 4 4 7 2 23 10 17 32 26 9 33
1 10 16 14 10 0 12 8 11 13 22 3 1 5 29 34
1 15 9 23 1 20 17 13 18 34
1 16 16 6 9 18 22 15 3 14 25
1 7 24 18 19 12 13 5 20 10 23 35 11 1 26 2 8
1 8 12 21 3 16 10 1 13 36
1 12 20 2 5 9 16 21 22 7
1 3 4 1 10 15 17 16 12
0 18 23 27 17 32 19
0 19 16 37
0 20 5 17 15
0 21 1 28
0 22 14 34 25
0 23 5 26 22
0 24 29 15
0 25 7 10 9 0 25
0 26 37 28 31 20
0 27 22 39 2 4
0 28 38 25 33 24
1 17 0 13 7 4 9 12 10 8
1 21 13 2 8
1 8 1 10 13 11 12 19
1 22 5 13 4
1 20 7 8 2 0 10 9
1 13 5 1 8 10 20 15 12
1 9 5 6 13 11 0
1 11 5 4 3 11 9 7 16
1 1 8 0 12 3 14 18 19 2 4
1 18 2 10 0 3 8 15 21 4 16
1 10 8 6 9 12 0 5
1 5 3 11 7 13 5 9
1 4 9 13 11 3 8 5 19 0
1 6 11 1 9 6 12 4 5 0
1 24 12 5 10 13
1 3 9 6 1 20 0
1 16 8 7 9 2 1 6 10 13 3 19
1 0 6 7 0 1 11 21 10
1 12 9 10 0 8 3 5 6 7 18
1 7 0 6 4 11 12 8 9
1 23 8 2 13 5 19
1 2 6 9 7 11 0 13 1 12 4 18 3
1 19 12 10 4 5 7 11 2 0 17 3
1 15 13 12 5 1 4
1 14 7 11 5 10 3 6 8
0 25 13 6 3
0 26 0 6 20 17
0 27 5 6 14 21
0 28 7 1 19 8
0 29 22 18
0 30 19 3
0 31 7
0 32 16 21 0
0 33 17 8
0 34 17 13
0 35 15 9
0 36 1 2
0 37 10 21 14 3 8
0 38 20 7 14 3
0 39 22 8 3 4 10 18
1 1 25 5 10 3 13 4 21 9 12 23 6 16 40 22 43
1 3 9 12 17 23 20 21 18 1 19 24 0 3 13 33 26
1 12 20 1 7 15 0 2 26 11 8 22 19 23 17 32 38
1 2 3 17 13 0 18 10 6 24 29 20
1 11 11 4 25 19 10 3 16 8 26 43 28 32 24 1
1 10 14 3 23 1 2 8 22 11 0 4 12 18 5 6 33 13 7
1 7 8 22 24 13 10 16 15 26 1 42 6 34
1 9 0 26 23 13 15 20 21 16 1 8 33 36 19 30 4
1 8 14 18 21 1 24 23 3 0 22 2 7 41 15 26
1 4 2 26 21 19 12 16 15 9 13 20 17 28 34 35 43 6 33 1
1 13 3 19 25 22 11 8 6 18 1 2 33 4 34
1 0 13 19 9 25 23 12 42
1 6 13 16 23 0 7 21 20 11 17 4 37
1 5 8 6 22 25 3 21 5 14 17 1 12 10 2 30 34 38 13
0 14 8 39 38 41
0 15 21 31 10 32 16
0 16 23 41 32 28
0 17 22 13 20 15 25
0 18 29 8 1 36 40
0 19 14 27 40 13
0 20 9 10 0 19 39 31
0 21 37 16
0 22 39 36 8 29 4
1 5 7 0 17 18 6 11 27
1 23 5 16 4 7 14 18 8 11
1 21 13 3 6 25
1 26 10 0 11 12 30
1 20 7 13 2 9 10 21
1 3 6 10 17
1 7 14 17 15 8 16 12
1 11 14 0 15 11
1 24 9 16 4
1 2 2 15 7 14 16
1 8 3 15 2 1 24 13 20
1 19 8 6 7
1 1 16 2 6 17
1 0 13 15 2 17 28 6
1 9 10 15 0 16 4 18
1 22 7 3 9 16 11 4 14 17 12 18
1 18 5 0 15 1 17 10
1 16 8 1 2 12 13 17 5 21 29 6
1 14 14 15 3 16 10 2 8
1 17 7 0 10 1 17 29 11 26
1 25 9 13 3 5 11 4 14 19
1 13 16 0 5 6 15
1 15 18 2 11 0 12 28
1 10 5 4 12 2 15 18 10 30
1 12 11 15 0 6 16
1 4 1 7 17 16
1 6 14 1 4 17 6 11 20
0 27 19 11 28
0 28 22 28 3
0 29 1
0 30 27 28 4
0 31 13 4 20 16
0 32 22
0 33 3 8
0 34 26 7 14
0 35 10
0 36 17 20 10
0 37 9 20 23 16 5
0 38 18 11 16 4
0 39 3
0 40 17 23 1 4 25
0 41 10 21 4
0 42 30 20
0 43 16 25 30
1 12 10 6 0 12 5 2 3 7
1 7 12 1 11 8 2 9 21 5 13
1 0 12 9 7 4 2 11 13 14 6 8
1 18 1 5 10 6 13 12 11 20 8
1 5 11 1 7 4 3 0 12 2
1 17 1 9 5 10 7 6
1 3 6 4 13 3 1 2 7 9 15 22 20
1 10 3 7 4 0 12 2 1 19 17 10 16 11 18
1 15 5 13 0 2 12 9 7 1
1 16 10 9 2 5 12 1 22
1 13 7 2 12 1 8 14
1 14 2 10 3 8 0 4 12 5 14 15 17 9
1 11 7 5 10 0 6 8 11
1 8 3 8 9 6 10 12 0 4
1 9 7 12 13 2 11 0 22 19
1 2 1 9 4 8 3 11 6 0 7
1 6 4 10 7 3 2 8 5 9 6 13 21
1 1 3 12 0 9 11 14
1 4 11 0 6 2 21 15 17
0 19 20 15
0 20 8 11 10 5 4
0 21 8 0 2
0 22 16 7 4 22
0 23 12 5 10
0 24 19 1 3 6 14 13
0 25 7 18
0 26 16 21 11 20
0 27 9 22 12 8 15 3
0 28 18 7 1 4
0 29 8
0 30 17 20 21
1 8 3 10 1 13 5 12 17
1 12 11 6 14 4 16 9 10 17 18 1 5 2
1 5 0 6 3 2 17 11 10 9 16 14 13 19 24 12
1 3 13 0 6 2 1 14 5 8 4 15 11 17 3 10
1 4 9 8 14 3 7 6 13 16 2 17
1 13 10 4 17 15 9 14 7 3 19 23 26
1 7 2 16 14 3 9 15 10 8 17 6 0 21 18 7 5 26
1 1 5 12 4 11 0 7 16 17 3 6 8 23 10
1 6 7 6 12 0 9 2 5 1 11 13 4 17 10 18
1 0 16 3 6 12 14 10 13 17 9 24 5
1 9 15 1 8 13 11 14 9 23
1 2 15 17 14 7 5 16 3 12 13 0 23 21 20 2
1 11 5 15 16 1 0 9 11 10 7 12 21
1 10 17 1 7 10 13 8 4 20
0 14 28 18 19 27
0 15 28 25 26 0
0 16 22 6 21 8 7 25
0 17 24 2 20 3
0 18 16 0 26 8 20 15
0 19 27 21 24 13
0 20 8 1
0 21 17 8 28 6 3 2 16
0 22 3 23 9
1 3 19 9 23 16 25 10 11 32
1 14 22 24 23 17 14 10
1 5 8 23 6 13 9 10 18 12 21 33
1 10 5 0 3 12 8 18 25 26
1 16 20 6 22 5 21 10 1 25 8 31 12
1 9 21 6 13 0 9 24 25 7 22 2 12 8 23 27 31 18
1 1 5 9 21 4 2 13 40 34 10 27 11
1 11 4 13 24 22 16 12 5 25 20 34 36 30 15
1 2 15 20 9 2 5 4 11 18 7 1 17 25
1 17 5 11 25 3 13 1 14 24 41 10
1 13 3 9 25 6 1 8 16 15 17 10 35 33 40 2 27 32
1 8 25 14 21 12 38 36 9 7
1 0 0 12 17 9 18 19 11 32
1 4 20 11 6 16 3 28 31 0
1 12 1 23 12 11 0 13 15 10
1 15 10 2 13 17 22 7 28 5
1 7 2 7 16 24 19 3 18 9 22 5 30 34 25 6
1 6 18 10 11 2 14 7 5 40
0 18 37 38
0 19 1 29 6 20
0 20 26 24 38 14
0 21 8 17 0 36 6
0 22 0 38 5
0 23 17 3 19 12 41 7
0 24 35 22 19
0 25 17 20
0 26 40 32 7
0 27 39 22
0 28 9 33 34
1 21 4 23 5 20 3 10 6 16 8 7 32
1 25 5 11 7 39 15
1 5 16 9 13 22 21 15 8 10 36 7 14
1 22 1 4 24 0 13 5 2 12 37
1 6 15 14 21 6 18
1 16 13 17 4 8 3 14 10 36 0 5
1 9 1 13 32
1 17 19 1 18 2 17 4 29
1 14 22 11 3 8 18 17 37 24
1 1 2 24 18 13 10 23 6 30 20
1 19 23 7 20 2 1 17
1 0 9 16 18
1 8 15 14 7 24 8
1 20 12 21 16 11 10 15 33 8
1 18 6 22 17
1 15 16 21 20 24
1 12 3 14 11 27 35 33 26 31
1 7 18 10 4 16 12 21 15 30
1 4 10 0 14 9 18 15 7 13 29 37
1 3 11 22 9 15 1 23 16 24 32 34
1 10 24 9 0 22 11 19 14 5 27 17
1 2 8 18 2 6
1 24 20 24 12 21 25 27
1 13 24 5 14 3 23
1 11 15 16 10 11 6 5
1 23 12 7 15 17 19 1 6 5 18 24
0 26 10 33 27
0 27 21
0 28 34
0 29 29 25 11 27
0 30 19 25
0 31 0 23 17
0 32 28 18
0 33 15 0 26
0 34 34
0 35 38 32 33 36 21 6 25
0 36 3
0 37 26 31 15
0 38 24 15 13
0 39 38
0 40 18
0 41 29 11
1 16 12 20 10 0 25 23
1 11 7 17 21 8 32 6 9
1 6 4 20 23 16 24 40 6
1 12 15 13 10 26 5 25 4 38 29
1 22 12 18 27 1 10 43 42
1 24 6 23 0 16 18 22 9 35
1 15 1 22 4 17 26
1 18 14 13 21 0 27 3 18 2
1 13 19 18 6 3 4 42
1 1 2 19 11 8 12 16 26 34 17 20 4
1 7 19 24 13 38
1 17 14 23 11 2 9 15
1 23 22 7 0 3 14
1 9 2 0 3 8 10 11 18 16 14
1 3 14 26 11 12 20 27
1 10 17 22 19 8 2 10 41 12 18
1 8 15 3
1 20 13 10 12 14 4 0 6 19 43 2 23 34
1 0 11 24 2 26 44 3
1 19 5 12 1 22 14 19 0 27 16 23
1 21 17 9 25 11 27 23
1 14 21 13 16 7 5 27 18 8 22
1 5 16 26 15 13 33 24 5
1 2 21 15 17 26 20 12 3
1 4 24 14 26 7 11 30 41
0 25 11 28
0 26 40 28 7 38
0 27 32 23 44
0 28 35 37 6
0 29 39 41
0 30 29 24
0 31 31 42 6
0 32 17 29 35
0 33 37 38 15 39
0 34 12 44 38
0 35 6 4 14
0 36 9 26 27 37
0 37 20 19
0 38 3 43 22
0 39 36 5 23 9 19
1 25 27 29 0 3 1 19
1 26 15 19 10 17 29 14 24 43 40
1 8 16 3 21 7 22 23 29 28 9 6 41
1 11 5 15 0 9 12 18 6 22 43
1 10 4 6 29 12 18 5 7 28 20 1 34 30
1 13 2 1 20 28 47
1 23 16 25 23 26 9 24
1 22 11 23 6 26 9 15 7 25 24 20 1 30 41 22 3
1 3 11 26 28 27 33 17 18
1 27 17 1 16 15 29 26 23 30 42 11
1 18 9 2 26 5 7 17 20 43 24 12
1 0 22 28 13 20 25 42
1 12 20 18 29 14 26 27 38 47
1 21 7 13 17 37
1 16 26 4 8 3 12
1 9 27 0 29 4 12 47 38
1 4 5 25 6 8 16 28 21 0 41 31 9 14
1 14 16 12 5 20 23 25 3 43 4
1 17 18 16 27 3 45 36 47 20 46 33
1 6 6 25 27 13 9 4 1
1 5 24 14 10 0 13 22 46 17 29
1 7 8 5 13 23 0 33
1 20 6 14 20 17 8 15 40
1 24 0 7 26 18 3 2 16 31
1 2 8 18 28 20 14
1 19 10 3 5 7 12 0 19 4
1 1 20 21 3 9 11 22 32 42 10 28
1 15 24 19 7 21 4 8 27 14 5
0 28 9 10
0 29 14 17 24
0 30 13 3 18
0 31 36 15 47 12
0 32 5 9 46
0 33 36
0 34 36
0 35 44 39 40 17
0 36 14 26 22
0 37 8
0 38 14 31
0 39 15
0 40 38 16 27
0 41 34
0 42 34 35 29 33 31 27 45
0 43 24
0 44 21 43 31
1 16
1 27
1 10
1 21
1 7
1 8
1 13
1 22
1 14
1 5
1 17
1 4
1 12
1 3
1 11
1 28
1 18
1 26
1 15
1 29
1 6
1 2
1 0
1 23
1 25
1 20
1 24
1 9
1 1
1 19
0 30
0 31
0 32
0 33
0 34
0 35
0 36
0 37
0 38
0 39
0 40
0 41
0 42
0 43
0 44
0 45
0 46
0 47

