20
18 17 14 20 18 22 11 22 10 24 20 23 9 35 21 21 32 33 29 23 
1 10 1 13 16
1 9 7 5 11
1 4 4 11
1 7 7 10 8 2 9
1 11 2 9 13
1 5 6 0
1 2 6 13 1
1 12 11 9 12 0
1 3 11 8
1 6 11 1 5 12 8 7
1 13 11
1 0 4 6 15
1 14 12 10
1 1 6 8 3 10 14 9
1 8 3 11
0 15 5
0 16 9
0 17 11
1 10 4 7 8
1 5 4 2 8 6 9
1 7 3 6 0
1 3 5 3
1 1 3 2 10 13
1 4 0 9 7
1 2 4 9 3 1
1 6 1 4 5
1 0 2 4
1 8 9 8 1 2
1 13 1 8 9
1 11 5 1 7 6
1 12 5 6 8
1 9 10 7
0 14 11 9
0 15 4 12
0 16 2
1 6 1 14 8
1 9 3 9 10 12 1 5 7 15
1 3 7 6 2 8 1 12
1 2 7 8 9 10
1 1 8 1 6 14 17 18 15
1 5 7 4 5 1
1 8 4 13 3 15 12 11 2
1 7 12 0 6 10 2 3
1 10 2 3
1 0 15 13
1 4 11 5 7 6
0 11 7 19
0 12 14
0 13 13 16
1 5 14 2 13 7
1 9 1 13 8 3 12 7
1 8 2 9 8
1 12 6 8 9
1 10 10 7 14 9
1 7 2 1 4
1 1 11 13
1 3 0 7 13 8
1 2 3 5 13
1 6 13 0 12 8 2 6
1 13 10
1 15 3 16 12
1 14 10
1 0 12
1 11 3 4 2 14 1 9 12 6
1 4 4 9 8
0 16 17 9
0 17 15
0 18 7 12
0 19 14
1 6 2 5 1 11
1 14 16 2
1 8 8
1 11 4 7 9
1 0 17 7 13 10 15
1 1 6 10 17 0
1 9 14 9 16 15 6
1 2 15 0 1 5 12 13
1 12 2
1 7 15 12 16
1 10 14 6 20
1 5 3 15 8 18
1 3 15 11 7 6 5
1 4 6 0 11 16
1 13 2 9 19 21
0 15 3 19
0 16 2
0 17 7
1 2 2 3 7
1 9 0 5 2 8
1 13 5
1 8 2 10
1 16 7 1 0
1 12 1 2 0 3
1 14 1 2
1 7 5 3 9
1 11 0 7
1 15 0 4 5
1 1 6 8 3 1
1 0 3 6 2 1 0
1 4 5 6 4
1 5 2
1 10 4
1 6 6 4 5
1 17 1
1 3 7 2
0 18 0
0 19 7
0 20 4
0 21 8
1 7 8 2 12 10 13 5 19
1 8 10 12 21
1 4 6 15 3 8 20
1 2 5 17 1 7 3 9
1 5 0 7 14 15 17 5
1 6 11 14 10 7
1 1 1 4 5 14
1 3 13 9 14 11 5 12 19
1 0 3 9 16 17 0 6
0 9 6 18
0 10 1
1 16 2
1 5 3 1 6 7
1 13 3 4 7
1 4 7 6 3
1 10 1 7
1 12 1 7
1 17 2 0 4
1 8 5 0 2
1 3 1 3 6 8
1 7 5 0 7
1 15 4 3 2 1 7
1 11 6 5 2 1
1 14 1 5 6 7 2
1 2 3
1 1 3
1 9 1 7
1 0 0 6 3
1 6 7 3
0 18 3
0 19 6 9 7
0 20 7
0 21 2
1 0 6 8 15 1
1 3 6 3 14 18
1 7 5 3 13
1 1 2 9 12 11 6 16
1 6 15 4 7 10 5 3 18
1 4 6 13 17 19 15 3 4 2 20 23
1 2 15 1 16 18 10 7 13
1 5 14 0 11 18 2 7 17 21
0 8 0
0 9 7 22
1 19 15 3 1 8
1 8 13 8 6 18 15
1 9 9 2 7 4 1
1 15 5 1 15
1 18 15 14 0
1 17 10 13 9 1 3 16
1 0 6 0
1 16 3 1 13 15 11
1 6 4 9
1 4 12 2 0 13 3
1 13 14 1 12
1 7 14 11 17
1 10 3 13 5
1 12 7 8
1 11 13 7 8
1 2 11
1 1 6
1 14 5 1 11 15
1 3 13 11 4
1 5 7 0 8
0 20 14
0 21 19
0 22 1
0 23 1 0 15
1 1 12 11 16 17
1 14 1 15 13 22
1 3 7 16 19
1 10 18 5 13
1 0 16 4 10
1 6 5 18 11 21
1 2 5 4
1 7 10 6
1 11 3 9 8 10 14
1 13 14 2 12
1 12 14 12 15
1 4 18 4
1 5 5 10
1 8 15 0 6 17 13
1 9 3 8 13 2 11 12
1 15 14 6
0 16 16
0 17 6
0 18 2 20
0 19 13
1 9 6 1
1 14 3 1
1 13 3 1
1 17 1
1 1 6 2
1 7 5 1
1 12 0 6
1 6 1 2 4
1 2 2 6 8
1 16 0 3
1 5 4 6 2 1
1 3 5 4
1 8 1 5 7
1 15 4 1 0 8 3
1 18 1 0
1 10 4 3
1 4 3 4 2
1 0 2
1 11 3 4
0 19 5
0 20 5
0 21 4
0 22 3
1 6 19 4 7 14 16 21 10 9 6 18 23 17 29
1 5 28 3 27 19 8 6 11 9 10 7 30
1 0 24 9 11 7 13 12 8 1 25 32 34
1 4 13 17 18 25 26 11 12
1 3 20 0 5 10 12 18 28 3 6
1 1 28 6 8 12 1 3 11 24
1 2 1 2 15 22 23 8 14 0 18
0 7 19 31 27 17
0 8 33 13
1 10 6 10 15 2
1 27 6 19
1 26 0
1 2 10 19
1 17 12 16
1 7 3
1 22 2
1 16 16 12
1 3 10 1 17
1 8 12 7
1 13 0 7
1 6 0 7 11
1 5 5
1 11 8
1 12 8
1 9 3 1 12 8 20
1 0 15 11
1 25 6 14
1 19 4 13
1 24 0
1 20 2
1 23 2 13
1 4 4 9
1 14 0 7
1 15 6 13 2 3 11
1 18 5 6
1 1 9
1 28 6
1 21 2
0 29 2
0 30 2
0 31 7
0 32 5
0 33 18
0 34 9
1 15 0 2 3 12 16 1
1 5 15 3 13 20 5
1 12 15 13 14 3 6 8
1 7 3 16 0 2 9
1 9 16 11 1 14
1 6 12 15 2 9 14
1 16 12 0 3
1 4 12 10 9 15 2
1 8 0 11 10 7
1 2 3 7 14 9 10
1 3 16 3 11
1 1 10 9 18
1 10 5 3 12
1 13 12 4 8 9
1 14 5 1 8 13 14
1 0 4 20
1 11 10 6 9 13 5 12
0 17 9 20
0 18 14 2
0 19 19 17
0 20 14 1
1 13 23 3 16
1 12 16 7 18 12
1 10 23 0 16 18 19 24
1 8 4 22 9
1 2 17 19 18 3 27
1 1 5 17 7 26
1 11 8 10 6 9
1 6 5 21 29
1 15 25 1
1 5 13 20 15 4
1 4 2 9 24 5 13 14 29
1 9 8 11 15 0 14 16 28
1 16 12 26
1 14 22 3 6 21 1 23
1 7 16 14 5 9
1 0 18 24 20 11 4 26
1 3 5
0 17 2
0 18 21
0 19 31
0 20 30
1 6 17 2 8 31
1 23 15 21 4 5 19
1 11 6 9
1 9 4 25 2
1 0 13 14 18
1 8 0 2 10
1 17 15 20 7 13
1 13 11 5 23
1 21 9 25
1 15 19
1 7 14 16 23
1 2 14 5 26
1 24 3 19
1 4 26 16
1 3 14 24
1 25 3
1 18 4 12 20 15
1 1 18 0
1 5 2 1 15 14
1 16 19
1 10 7 30
1 12 22 10 28
1 20 10 8
1 19 22 8 19 3 27
1 14 19
1 22 25 9 15 23
0 26 26 32
0 27 29
0 28 12 22
0 29 19
0 30 6
0 31 22
1 8 22
1 1 17
1 13 16 12
1 24 0
1 20 1 16
1 14 5 6 10
1 5 10
1 15 0 6
1 17 19 1
1 25 3
1 18 20 10
1 23 3 0 14
1 0 9 6
1 4 2
1 7 6 15 21
1 26 5
1 19 12 18
1 6 13 16 8 18 25
1 3 10 2 13
1 16 16 10 20
1 21 23 11 5
1 22 4 7 20
1 12 16
1 9 22 28
1 11 0 13 27
1 10 19 14
1 2 19 8 21 24
0 27 17
0 28 4
0 29 12
0 30 14
0 31 20
0 32 9 26
1 20 10 4 17
1 19 12
1 7 17 18 13 1
1 21 13 10 20
1 14 8 12
1 23 4 14
1 4 1 7 10 11 21
1 22 14 3 16 10
1 3 7 5 18 2 8 10
1 0 9
1 8 12 7
1 15 14 2 4 18 12 21
1 12 15 14
1 1 9 1 11
1 13 13
1 16 6
1 11 16 0 2 19
1 2 11 17 5 15
1 18 12
1 6 15 13 3 22
1 17 17 4
1 5 2 3
1 9 6 18 2
1 10 12 11 8
0 24 10
0 25 15
0 26 10
0 27 9 15
0 28 6
1 9
1 2
1 6
1 7
1 15
1 1
1 13
1 3
1 10
1 0
1 16
1 4
1 14
1 12
1 18
1 5
1 17
1 11
1 8
0 19
0 20
0 21
0 22

