13
14 27 29 16 29 21 28 33 26 22 12 20 11 
1 0 6
1 5 14 0 10 16 17
1 7 21 3 24 25
1 3 4 9
1 1 6
1 9 21
1 10 18
1 2 12 2 26
1 8 20 13
1 6 5 8 11 15 19
1 4 1 7
0 11 0
0 12 22
0 13 1 23
1 5 8 24
1 13 7 11
1 0 6
1 10 18
1 8 4 12 13
1 12 21 14
1 1 19
1 2 19 28
1 9 18
1 6 22 5
1 3 19
1 15 21 16 25
1 7 4 0
1 20 9 27
1 19 15
1 17 21
1 4 8 1
1 16 17 20
1 21 9
1 14 23 10
1 11 8 3 26
1 18 2
0 22 20
0 23 1
0 24 23
0 25 6
0 26 6
1 2 6
1 6 1 2
1 20 4
1 14 10
1 16 4 14
1 5 5
1 1 6
1 9 11
1 7 7
1 23 12
1 8 7
1 17 4
1 11 8
1 0 1
1 4 6
1 22 12
1 13 10
1 21 12
1 10 6 0 15
1 3 6 13
1 15 10 9
1 19 4
1 12 3
1 18 4
0 24 0
0 25 6
0 26 10
0 27 3
0 28 11
1 9 13 21
1 0 12 11 17
1 5 12 8
1 7 10 23 28
1 11 6 4 15 26 27
1 2 20 22
1 1 7 24
1 3 14
1 6 0 5
1 10 1
1 8 19 18
1 4 9 16
1 12 2 3 25
0 13 8
0 14 21
0 15 5
1 8 6
1 19 9
1 20 9
1 23 2
1 21 14
1 12 15
1 17 0 1
1 2 16
1 13 15
1 10 7
1 9 7
1 0 5
1 3 16 4
1 11 3 8 18
1 6 10
1 22 14
1 5 10
1 1 5
1 15 0 20
1 14 15
1 7 15 11
1 18 12
1 4 10
1 16 13
0 24 15 17
0 25 15
0 26 0 19
0 27 7
0 28 11
1 9 10 11 20
1 13 13 3
1 16 12 7
1 11 12 14 19 24
1 2 22
1 0 21
1 6 8 16
1 7 1 4
1 3 22 6 25
1 14 0
1 5 15 9 27
1 4 5
1 12 2 17
1 10 1
1 15 13
1 8 18
1 1 21
0 17 23
0 18 4 26
0 19 19
0 20 16
1 19 10
1 11 7 23
1 18 12 32
1 16 25 31
1 7 25 26
1 6 25 8
1 4 17
1 22 19
1 10 22
1 0 15 28
1 15 17 14 21
1 1 0
1 21 2
1 20 10 30
1 5 6
1 17 9 1 13
1 8 18 3
1 13 5 11 24 29
1 9 16
1 12 22
1 14 4
1 2 20
1 3 17
0 23 25
0 24 4
0 25 27
0 26 26
0 27 1
1 3 18
1 22 8
1 24 5 9
1 15 4
1 14 1
1 11 11
1 8 3
1 1 10 20 24
1 2 18
1 20 16 17
1 23 8 23
1 18 19 25
1 19 19
1 9 6
1 21 14 7
1 0 10
1 12 12 2
1 6 15
1 7 3
1 26 5
1 4 3 0
1 17 1 13
1 13 12
1 25 5
1 10 6
1 16 4
1 5 15 22
0 27 10
0 28 3
0 29 19 21
0 30 10
0 31 16
0 32 10
1 3 7
1 10 3 18
1 8 6
1 5 6 9
1 11 8
1 19 4
1 6 15 11
1 12 8
1 18 5
1 17 3 2
1 0 12
1 7 0 13
1 9 6
1 16 14 16
1 20 17
1 4 7
1 14 15
1 15 14
1 2 12 1
1 13 8
1 1 10
0 21 6
0 22 7 19
0 23 21
0 24 20
0 25 9
1 6 6
1 3 6
1 17 0 4
1 9 9
1 15 7
1 14 7 10
1 8 9
1 4 6
1 10 8
1 5 6
1 1 1
1 2 1
1 0 2
1 7 6
1 12 3
1 11 0 5
1 13 3
1 16 7 11
0 18 1
0 19 1
0 20 8
0 21 2
1 9 2 19
1 1 11 12
1 0 3 1
1 6 0 14 16
1 7 8 5 6
1 3 7 9 15
1 2 4
1 8 10 17
1 5 0
1 4 7 13
0 10 9 18
0 11 0
1 10 1
1 0 2
1 14 6
1 1 7
1 4 0
1 15 6
1 11 1
1 9 1
1 7 8
1 8 1
1 13 6
1 2 0
1 6 8 10
1 5 5 3
1 12 4
1 3 0
0 16 3
0 17 4
0 18 7
0 19 9
1 2
1 6
1 0
1 3
1 7
1 4
1 8
1 1
1 5
0 9
0 10

