13
18 36 39 21 39 28 37 44 34 29 16 26 15 
1 0 6
1 5 14 0 10 16 17
1 7 21 3
1 3 4 9
1 1 6 29
1 9 21
1 10 18 35
1 2 12 2 22
1 8 20 13
1 6 5 8 11 15 19 32
1 4 1 7
0 11 27
0 12 31
0 13 28
0 14 4 23 26 30
0 15 9 25 34
0 16 33
0 17 24
1 5 8
1 13 7 11 26
1 0 6
1 10 18
1 8 4 12 13
1 12 21 14
1 1 19
1 2 19
1 9 18
1 6 22 5 28 32
1 3 19 25
1 15 21 16 30
1 7 4 0
1 20 9
1 19 15
1 17 21
1 4 8 1 31 37
1 16 17 20
1 21 9
1 14 23 10
1 11 8 3
1 18 2
0 22 8
0 23 3
0 24 38
0 25 5
0 26 7
0 27 10 36
0 28 35 24
0 29 34
0 30 34
0 31 29
0 32 27
0 33 29
0 34 2
0 35 10 33
1 2 6
1 6 1 2 15
1 20 4
1 14 10
1 16 4
1 5 5 19
1 1 6
1 9 11
1 7 7 17
1 23 12
1 8 7
1 17 4
1 11 8
1 0 1
1 4 6
1 22 12
1 13 10
1 21 12 13
1 10 6 0
1 3 6
1 15 10 9 18
1 19 4
1 12 3
1 18 4 20
0 24 0
0 25 7
0 26 11
0 27 3
0 28 0 14
0 29 8
0 30 16
0 31 8
0 32 9
0 33 4
0 34 5
0 35 16
0 36 7
0 37 9
0 38 11
1 9 13 21
1 0 12 11 17 27 35
1 5 12 8
1 7 10 23
1 11 6 4 15 33 38
1 2 20 22
1 1 7 29
1 3 14
1 6 0 5
1 10 1
1 8 19 18
1 4 9 16
1 12 2 3
0 13 10 24 26 31
0 14 3 37
0 15 32 30
0 16 36
0 17 3 28
0 18 10 34
0 19 25
0 20 10
1 8 6 19
1 19 9
1 20 9
1 23 2 24
1 21 14
1 12 15
1 17 0 1
1 2 16
1 13 15 22
1 10 7
1 9 7
1 0 5 25
1 3 16 4
1 11 3 8
1 6 10 17
1 22 14
1 5 10
1 1 5
1 15 0 21
1 14 15
1 7 15 11
1 18 12
1 4 10
1 16 13
0 24 7
0 25 15
0 26 18
0 27 1
0 28 26 27
0 29 8
0 30 1
0 31 9 23
0 32 20
0 33 2
0 34 11
0 35 18
0 36 5
0 37 20
0 38 11
1 9 10 11 20
1 13 13 3
1 16 12 7 23
1 11 12 14 19
1 2 22 36
1 0 21
1 6 8 16 28
1 7 1 4
1 3 22 6 24 35
1 14 0
1 5 15 9
1 4 5 30
1 12 2 17 32
1 10 1
1 15 13
1 8 18
1 1 21
0 17 0
0 18 22 34
0 19 21
0 20 6 25
0 21 1
0 22 27 29
0 23 33
0 24 31
0 25 2
0 26 13 26
0 27 20
1 19 10
1 11 7 23
1 18 12
1 16 25
1 7 25 26
1 6 25 8 36
1 4 17
1 22 19
1 10 22
1 0 15 40
1 15 17 14 21 28
1 1 0
1 21 2
1 20 10 31
1 5 6
1 17 9 1 13 42
1 8 18 3 41
1 13 5 11 24
1 9 16
1 12 22
1 14 4
1 2 20
1 3 17
0 23 11
0 24 32
0 25 37
0 26 9
0 27 27
0 28 9 39
0 29 12 38 43
0 30 34
0 31 29
0 32 13
0 33 35
0 34 37 30
0 35 10
0 36 33
1 3 18
1 22 8
1 24 5 9
1 15 4
1 14 1 21
1 11 11
1 8 3
1 1 10 20
1 2 18
1 20 16 17
1 23 8
1 18 19
1 19 19
1 9 6
1 21 14 7
1 0 10
1 12 12 2
1 6 15
1 7 3
1 26 5 33
1 4 3 0
1 17 1 13
1 13 12
1 25 5
1 10 6
1 16 4
1 5 15
0 27 3
0 28 6
0 29 11
0 30 29 28
0 31 8
0 32 29
0 33 5 23
0 34 32 27
0 35 24
0 36 6
0 37 25
0 38 16
0 39 31
0 40 15
0 41 30
0 42 32 22
0 43 32 26
1 3 7
1 10 3
1 8 6
1 5 6 9
1 11 8
1 19 4
1 6 15 11
1 12 8
1 18 5
1 17 3 2
1 0 12 19 26
1 7 0 13
1 9 6
1 16 14 16
1 20 17
1 4 7
1 14 15
1 15 14
1 2 12 1
1 13 8
1 1 10 21
0 21 23
0 22 11
0 23 25
0 24 27
0 25 10 24
0 26 22
0 27 13
0 28 28
0 29 11
0 30 11
0 31 18 20
0 32 13
0 33 2
1 6 6
1 3 6
1 17 0 4
1 9 9
1 15 7
1 14 7
1 8 9
1 4 6
1 10 8
1 5 6
1 1 1
1 2 1 13
1 0 2
1 7 6
1 12 3
1 11 0 5
1 13 3 12
1 16 7
0 18 14
0 19 9
0 20 9
0 21 10 15
0 22 14
0 23 2
0 24 3
0 25 11
0 26 8
0 27 0
0 28 7
1 9 2
1 1 11 12
1 0 3 1
1 6 0 14 23
1 7 8 5 6 24 25
1 3 7 9 15 20
1 2 4 21
1 8 10 22
1 5 0 18
1 4 7 13
0 10 5
0 11 7 19
0 12 7
0 13 7
0 14 14 17
0 15 16
1 10 1 14
1 0 2
1 14 6
1 1 7
1 4 0
1 15 6
1 11 1
1 9 1
1 7 8
1 8 1
1 13 6
1 2 0
1 6 8
1 5 5 3
1 12 4
1 3 0
0 16 5
0 17 8
0 18 4 10 13
0 19 4
0 20 7 12
0 21 9
0 22 11
0 23 0
0 24 9
0 25 6
1 2
1 6
1 0
1 3
1 7
1 4
1 8
1 1
1 5
0 9
0 10
0 11
0 12
0 13
0 14

