20
31 47 34 31 10 36 34 15 34 36 31 36 8 37 44 23 24 24 40 15 
1 5 8 18 26 44
1 2 2 9 8 23
1 13 24 22 40
1 15 17 3 2 4
1 7 23 14 28 10
1 9 10 3 11 13 14 23 25 9
1 11 5 18 15 9
1 4 13 6 25 28 18
1 6 21 4 13 23 25
1 12 13 25 37
1 14 27 16
1 3 2 0 1 43 33
1 18 26 15 10 24 19
1 16 25 2 6 5 10 23
1 1 16 1 23 9 28 24
1 8 12 1 6 11 27 9 30 36
1 0 2 18 16
1 10 19 20 10
1 17 7 0 26 30
0 19 11 34 41
0 20 8 20 33 35
0 21 7 0
0 22 31 42
0 23 38
0 24 39 14 23
0 25 38 35 46 23
0 26 45
0 27 32 29
0 28 38
0 29 4
0 30 41 33 16
1 21 1
1 2 14 3 2 17 29
1 7 16 3 1 30
1 15 17 2 15
1 1 17
1 22 9 15 7 10
1 12 9 10 16
1 23 0 20
1 13 19 12 13
1 9 14 13 11 25
1 26 10 9
1 10 8 13 9
1 28 7 3
1 11 20 13 3
1 0 5 17
1 27 19 15
1 8 18 4 27
1 18 10 13 30
1 3 16 26
1 25 10
1 4 0 12 17 32
1 6 4 11
1 17 18 7 30
1 19 6
1 14 17 2 19
1 20 1
1 16 4 15 2
1 24 20 11 9 10
1 5 0 17
0 29 0
0 30 33
0 31 10 32
0 32 7
0 33 21
0 34 3
0 35 8
0 36 15 26
0 37 31
0 38 7
0 39 13
0 40 28 26
0 41 9
0 42 28
0 43 6
0 44 23 8
0 45 16 24
0 46 22
1 10 15
1 14 18 9 4 1 12
1 9 0 9 8 6
1 0 14 13
1 2 11 13 9
1 1 6 1
1 13 3 18 17
1 19 5 7 8
1 15 10 7 18 25
1 4 9 14
1 17 2 4 9
1 11 14 0 18 1
1 5 8 9 20 30
1 7 15 14 7 3 19
1 8 10 14 4 7 16
1 18 11 16
1 6 9 24
1 3 9 1 21
1 12 12 15 17 3 27
1 16 17 4
1 20 18 4 7 0 2
0 21 2 16
0 22 9
0 23 23
0 24 26
0 25 15
0 26 28 27 21
0 27 0 3 19
0 28 18
0 29 12
0 30 26 24
0 31 29 19
0 32 1 22
0 33 0 22 30
1 11 3 0 9
1 4 4 3 5 0 9 6
1 18 1
1 3 2 5 3 8
1 10 3 0
1 12 1 4
1 1 3 4
1 14 1 0 4 5
1 6 0 3 5
1 7 5 0 3
1 2 2 5
1 9 0 4 3
1 15 0 9
1 0 5
1 5 0 5
1 8 4 1 5 2
1 16 0 1
1 13 2 4 1 0
1 17 1
0 19 3 9 8
0 20 6
0 21 7
0 22 2
0 23 2 7
0 24 4 6
0 25 3
0 26 0
0 27 1
0 28 0 8 9 3
0 29 5 8 1
0 30 7
1 4 12 5 9 13 16 17 18 21 24 14
1 5 8 6 10 15 5 3 13 26 17 0
1 3 8 0 20 4 12 30 32 13
1 2 2 4 19 7 1 15 10 8 6 29 30 9 26
1 1 14 1 3 7 11 19 21 9 13 10 18
1 0 14 0 4 20 12 1 21
0 6 21 33 22 24
0 7 2 22 7 6
0 8 28 23 25 31
0 9 9 27 34 35
1 4 12 13 20 19
1 0 7
1 3 12 13 18 33
1 1 7 1
1 18 3 10
1 10 9 1 3 11 33
1 9 13 19 10 30
1 7 4 10 14 18 26 27 29 8
1 17 3 19 8 15 16 9
1 20 0 11 5 2 14 23
1 21 8 25
1 8 7 19 17 16 28
1 5 4 11 16
1 12 16 11 19 3
1 16 18 3 21 1
1 19 17 11 3
1 11 17 1 14 7
1 14 0 11
1 15 6 5 10 16 23
1 2 12
1 13 15 2 7
1 6 20 4 5 7
0 22 6 8
0 23 4
0 24 18 9
0 25 17 19
0 26 17
0 27 17
0 28 8
0 29 31
0 30 4
0 31 9 24 28
0 32 32
0 33 6 7 20
0 34 25 21
0 35 8 22
1 14 2
1 4 7
1 18 4
1 19 4 6 5
1 0 8 14
1 16 4 2
1 12 0 2 3 7 4 13
1 1 8
1 20 2 4 3
1 5 1 5 9
1 9 5
1 8 1 4
1 3 1
1 7 0
1 17 3 5
1 13 5 4 3
1 10 5 0 3 7
1 15 1 6 3 7
1 6 1 0 2 6
1 11 0 4 12
1 2 7 8
0 21 5 6
0 22 5 7
0 23 11 14 5
0 24 11
0 25 14
0 26 4
0 27 7
0 28 13
0 29 10
0 30 2
0 31 11 2
0 32 5
0 33 4
1 3 15 2 19 6 1 5 8 9 29
1 1 6 15 0 9 17 4 14 8 21 22 24 32 2
1 5 15 20 2 14 7 26 33 22 9 11
1 7 7 18 4
1 6 18 4 9 17 8 6 16 30 32
1 4 13 1 8 10 6 12 25
1 8 16 12 14 17 8 3 2 29
1 2 20 0 3 5 9 11 6 13 17 19 1
1 0 16 9 0 23 28
0 9 20 27 13 32
0 10 4
0 11 6 14
0 12 20 31 27
0 13 6 28 21
0 14 20
1 0 14
1 10 20 2
1 18 8 4 15 16
1 8 14 10 0 15 22
1 6 19 17 10 25 27
1 12 13 2 3 14
1 11 20 15 14
1 19 6 2
1 16 20 12 6 23 4
1 5 18 11 16 9 33
1 15 20 3 16 21
1 7 10 9 20 35 0 22
1 9 1 17 14 3 0
1 1 5 19 28
1 4 21 14 3
1 3 19 1 10 29
1 17 7 13 8
1 20 6 22 33
1 13 16 10 34
1 2 21 11 6 19 5
1 14 19 0 6
0 21 2
0 22 26 30
0 23 29 23
0 24 2 1
0 25 5 11
0 26 12 31
0 27 8
0 28 13
0 29 24
0 30 10 28
0 31 19 32 35
0 32 21
0 33 1
1 9 4 15 6
1 8 1 13 11 12 14 26
1 15 3 10
1 18 16 17 0
1 19 8 15 12 17 10 9 24
1 0 16 14 9 22
1 21 5
1 16 8 14 2 16
1 13 18 17 3 6 10
1 10 13
1 7 2 14 1 12
1 4 3 1 14
1 5 3 11 1 2 27
1 12 3 10 28
1 2 11 19 1
1 20 0 2 22 11
1 17 3 12 15 13
1 14 3 10 29
1 1 6 7 4
1 6 10 16 13
1 11 10 13 8 4 3 26
1 3 9 2 4
0 22 4
0 23 18
0 24 30 10 18
0 25 14 25 15
0 26 20 26 24
0 27 18 7 11
0 28 23
0 29 25
0 30 24 30
0 31 14
0 32 4
0 33 14 21
0 34 13
0 35 21
1 18 7 31 33
1 4 9 35
1 10 11
1 8 18 19 9
1 2 14 32 0
1 17 20 10
1 11 1 4 11 19 33
1 1 21 17 20 13
1 15 6 5 21 18
1 6 14 12 21 3 18 28
1 12 9 10 6
1 5 21 10 3 22
1 14 5 17 18
1 9 0 13 7
1 7 3 12 2
1 13 3 19 15 20
1 0 8 15 19
1 16 4 3 16 15 23
1 3 14 2 15 16
0 19 26 24 23
0 20 18
0 21 9
0 22 30 34 35 8
0 23 25
0 24 8 35 0
0 25 5
0 26 17 16
0 27 22 16
0 28 2 27
0 29 29
0 30 12 31 32
1 8 3 1 4
1 5 3 0 4
1 3 3 4 5
1 17 3 2 1 7 4
1 20 2 3 6
1 21 2
1 15 1 2 5
1 19 0 2
1 0 1 4
1 9 3 1 4 2
1 12 2 4
1 11 1 3 2 0 4
1 13 4 3 2 0
1 6 4 2 3 1
1 7 1 3 0 7 6
1 4 1 3 0 4 2
1 16 0 3
1 2 4 3 1
1 14 0 1 2 3 6
1 10 1 3 4
1 18 1 3 2
1 1 1
0 22 3
0 23 6 7 0
0 24 2
0 25 1 3 4
0 26 0
0 27 0 1 3
0 28 3
0 29 5
0 30 2
0 31 5
0 32 6
0 33 1
0 34 6 2 5
0 35 1 3 0 7
1 2 6 2 8 10 11 21 22 5 1 19 9 4 3 23 27 33
1 1 12 14 17 3 18 11 1 10 16 6 20 19 0 28 35 36 25 21
1 4 5 1 12 7 20 13 2 21 29 30 15 11
1 3 15 0 4 7 13 16 18 20 2 19 10 22 12 6 25 23
1 0 6 3 9 19 14 8 16 5 10 25 11 34 2
0 5 24 1 0 4 2
0 6 24 7 10 34
0 7 10 26 31 32 34 6 35
1 14 11 12
1 22 24 3
1 17 5 13 9
1 0 2 6 12 1 22
1 1 16 26 11
1 10 16 4
1 4 1 5 41
1 18 23 18 20 32
1 2 7 0 11 16 35
1 19 9 13 23
1 3 9 36 18
1 8 1 25 18 4 14
1 5 9 27
1 7 4 22 9 5
1 20 15 38
1 16 5 9
1 9 7 19 25
1 15 24 14 25 12 33 43
1 11 21 8 26 10
1 13 17 20 8 7 9
1 6 9 8
1 12 5 12 18
1 21 3 10
0 23 30 13
0 24 24 40 4
0 25 11
0 26 1
0 27 39
0 28 20 29 37
0 29 35
0 30 18 34
0 31 18
0 32 30
0 33 8 28 40 41
0 34 31 42
0 35 32
0 36 35
1 4 10 1 6
1 2 13 11 7
1 5 0 12 9 4
1 24 6 9
1 15 8 10 12 7
1 16 6 10 11
1 8 5 4 10 2 19 15
1 6 8 13
1 14 2 12 1 16
1 9 10 8 12 0 5
1 22 6 4
1 12 5 8 11
1 18 11 6 22
1 25 6 8 12
1 1 7
1 19 6 3
1 10 11
1 13 6 12 7 4 0 2 10
1 7 5 3
1 11 11 9 12
1 26 12 4
1 17 11 3 12
1 3 1 11 10 0
1 21 2
1 23 12 8
1 20 2
1 0 1
0 27 13 10
0 28 2
0 29 11 12
0 30 13 20
0 31 14
0 32 17 4
0 33 12
0 34 21 15
0 35 18
0 36 14
0 37 22
0 38 3 7 13
0 39 19 3
0 40 21
0 41 9 15
0 42 2 7
0 43 1 3
1 0 0 3 15
1 1 10 3 8 11 5
1 10 0 12 20 4
1 8 11 5 10 14 0
1 9 1 13 7 12 19 4
1 5 2 7 11 12 3
1 12 12 10 1
1 4 8 6
1 11 14 0 7 5
1 3 0 12 3 2 7
1 6 10 2 6
1 7 12 3 22
1 13 9 12 11
1 2 4 7 13 11 17 0
0 14 23
0 15 18
0 16 21 12 15
0 17 3 6
0 18 0 6
0 19 12 21 6
0 20 23 16
0 21 21
0 22 16 12 18
1 4 6 2 1 13 4
1 6 5 10 11 6 3 12 8 15
1 1 5 13 16
1 3 6 3 1 22
1 2 3 14 6 1
1 9 0 7 10 13 9
1 12 4 11 2 16
1 8 8 4 0 19
1 0 13 5 14 15 7
1 11 0 12 4
1 10 9 1 8 11 0
1 5 6 2 5
1 13 9 7 1
1 7 13 2 4 3 10 21
1 14 4 2 7 22
0 15 18 19
0 16 23
0 17 8
0 18 16 19 17
0 19 17 14 23
0 20 22
0 21 1 21 7
0 22 15
0 23 20 15
1 6 4 0 1 9 15 37 7
1 5 11 15 23 8 6
1 13 13 0 22 28
1 4 12 7 16 17 10 15
1 10 6 0
1 2 18 19 5
1 3 4 7 32
1 12 6 15 27 37 35 1
1 9 9 39 24
1 14 3 2 14 21 0 22 12 1
1 8 21 3 5 19
1 7 11 10 6
1 11 13 22 11 10 26
1 0 5 8 10 20
1 1 24 17 20 9
0 15 6
0 16 12
0 17 38
0 18 34 33
0 19 10
0 20 25 35
0 21 4 29 27
0 22 36 30 31 28
0 23 32 21
1 9 6
1 18 6 4 0
1 21 4 8 0 14
1 23 8 4
1 10 1 3
1 7 2 5
1 20 4 5
1 6 8 0 7 1
1 2 7 5 4
1 14 2 3
1 3 5 7
1 16 5 0 8
1 12 2 3 6
1 15 3 6
1 17 8 6 3 5
1 11 5 0 6
1 22 0 4 1 14
1 0 6 7 0
1 8 6
1 5 1 5
1 1 2 8 11
1 19 5 4 0
1 24 3
1 13 0 5 13 14 11
1 4 8 6 7 1
0 25 0
0 26 6
0 27 1
0 28 2
0 29 9 5 13
0 30 6
0 31 10 13
0 32 4 13
0 33 12
0 34 12 4
0 35 6 9
0 36 14
0 37 3 7
0 38 7
0 39 9 11 12
1 5
1 1
1 2
1 7
1 8
1 4
1 3
1 0
1 6
0 9
0 10
0 11
0 12
0 13
0 14

