13
13 20 21 15 21 39 44 26 21 16 10 36 12 
1 3 10 4 5 14
1 2 3 6
1 6 5 7 11 3 12 16 2
1 5 2 11 10 1 8 4 9
1 4 5 9 7 6
1 7 1 4 7
1 1 8 6 3 9 5 11
1 0 1 0 8 6 11 4
0 8 4 18 8
0 9 13 15
0 10 5 15 19
0 11 5 17
0 12 7 12 5
1 0 3
1 11 1 2 4 5 17
1 8 6 10
1 6 7 2 9 8 11 1 12
1 9 1
1 7 3 5
1 3 12
1 10 10 5
1 5 8 3 7 4
1 4 0 6 11 12 4 10
1 1 3 9 11
1 2 12
0 12 14 8
0 13 1 4 7
0 14 13
0 15 0 12
0 16 10 6
0 17 20
0 18 1 16 5
0 19 15 18 19
1 7 5 2 1
1 8 4 7 5 0
1 10 6 9
1 0 2 4
1 6 6 3
1 12 7
1 9 1
1 5 7 2 1 4
1 11 7 6 11 2
1 1 2 3
1 4 0 8 12
1 3 1 0 3 2
1 2 8 3 12
0 13 7
0 14 4
0 15 14 9
0 16 6 13
0 17 1 10 9
0 18 5 12
0 19 7
0 20 1
1 4 6 4 11 0 8 1 14
1 5 10 7
1 2 3 9 0 6 8
1 1 12 8 7
1 0 7 9 15
1 6 10 11 1 3
1 7 7 8 4 12 1 10 14 20 11
1 8 1
1 3 3 0 2 5 7 12 8
0 9 8 16 1 3
0 10 17
0 11 10 13
0 12 8 18 12
0 13 15 7
0 14 8 19 10 9
1 6 0 3 7 8 19
1 9 8 23 30
1 5 17 19 20 21
1 2 12 9 18 31
1 7 10 23 22
1 8 16 1 36 8
1 10 13 23 4 17
1 1 7 18 2 22 24
1 0 0 5 6 11 26
1 4 15 19 21 6
1 11 0 9 27 34
1 3 16 2 9 22 5 4
1 12 4 14
0 13 35 33
0 14 6
0 15 25 37
0 16 28 38
0 17 3
0 18 18 33
0 19 20 32 26
0 20 29 6
1 19 1
1 22 14
1 6 26 18
1 7 23 2 5 13
1 13 3
1 9 15 10 30 38 42
1 2 6 13
1 10 19 3 22
1 15 0 13 20
1 16 24 0
1 17 17 4 22 29
1 0 9
1 8 25 18 2 31
1 20 4
1 23 16 43
1 14 0 11
1 5 25 3 26 15 13 24 39
1 18 1 32
1 4 11 24 27
1 3 19 12 10
1 1 9 21
1 21 22 16
1 11 4 8 9 11
1 12 3 7 25 35
0 24 6
0 25 14
0 26 42 36
0 27 13
0 28 36
0 29 14
0 30 14 40
0 31 11 28 41
0 32 42 40
0 33 7
0 34 34
0 35 33
0 36 37
0 37 20 31
0 38 22
1 24 3
1 19 1 7 4 2
1 18 11 22
1 14 6 1 0
1 20 11 17
1 16 2 0 23
1 1 12
1 23 10
1 26 15
1 0 12
1 17 2 9 10
1 6 13
1 4 8 12
1 12 5
1 22 5 2
1 8 8
1 25 15 10
1 15 12 14
1 13 5
1 3 4
1 10 8
1 7 8
1 21 5 3 22 9
1 2 4
1 11 8 19
1 5 6 16
1 9 14 0 12
0 27 24
0 28 17
0 29 21
0 30 24
0 31 20
0 32 6
0 33 20
0 34 11
0 35 9
0 36 25
0 37 7
0 38 14
0 39 18
0 40 5
0 41 9
0 42 3 5
0 43 8
1 3 2 1 6
1 14 0 6
1 13 0
1 11 2 10 12 11 6 7 18
1 1 5 10
1 7 12 10 2 19
1 4 2 4 9
1 8 11
1 6 2 3
1 2 9 5 14 20
1 10 6 7 8
1 9 5 0
1 0 8
1 5 9 4
1 15 12
1 12 12 0 11
0 16 4
0 17 10 13
0 18 15
0 19 20
0 20 2
0 21 15 14 19
0 22 16
0 23 18 17 11
0 24 6 5
0 25 1
1 9 1 6
1 1 2 4
1 5 7 4
1 7 4 3 1 9 6
1 8 8 0 14
1 4 9 0 4
1 10 7 5 6 1 4 11
1 12 8 15
1 0 2
1 3 6 4 0 2
1 2 6 2
1 6 4 7 2 5 11
1 11 7 2
0 13 1 10 15 13
0 14 2
0 15 12
0 16 13 12
0 17 4
0 18 13
0 19 11
0 20 8
1 0 2 0
1 6 3 1 5 0
1 2 2 3 4
1 1 0 5 4 2
1 3 0 4 3 5 9
1 7 2 5 4 1
1 4 2 4 5
1 5 3 0 5 1 6
1 9 5 1 8 4
1 8 1 6 7
0 10 2
0 11 1
0 12 3 1
0 13 2
0 14 1 6 0
0 15 7
1 0 19 9 11 12 13 20 16 21 31 14
1 4 5 2 8 18 13 7 24
1 2 4 3 7 10 17 8 16 19 13 23
1 3 6 1 15 11 4 17 8 13 35 12
1 1 0 14 16 21 11 1 18 8 28 34
1 5 6 4 17 7 25 29 30 8
0 6 11 32 7
0 7 33
0 8 22 26 27 13 24 20 19
0 9 18 3
1 4 5
1 7 6 0
1 9 2
1 11 4 5
1 18 6 3 8
1 10 3 1 5 0
1 19 3 9
1 15 2 4 6 7
1 14 4
1 0 1
1 21 3
1 16 6
1 1 1
1 20 3
1 2 0 1 4
1 5 0 2
1 8 5 4 9
1 6 5 0 6
1 17 4 3
1 3 4 0 1 5
1 12 5 2 3
1 13 4
0 22 11
0 23 10
0 24 9
0 25 8
0 26 6
0 27 10
0 28 9
0 29 6
0 30 6
0 31 3
0 32 5
0 33 5
0 34 11
0 35 11
1 1
1 0
1 3
1 6
1 4
1 2
1 5
0 7
0 8
0 9
0 10
0 11

