6
36 24 35 8 27 24 
1 3 8
1 22 18 16
1 2 13
1 4 1
1 26 6
1 15 14
1 23 9
1 16 14
1 24 9
1 1 0
1 5 1
1 18 3
1 27 6
1 17 4
1 20 7
1 12 15
1 13 15
1 6 17
1 25 5 12 20
1 0 10
1 11 13 11
1 29 18
1 28 18 19 22
1 7 17
1 8 17
1 21 7
1 9 17
1 19 9 2
1 14 15 21
1 10 17
0 30 4
0 31 13
0 32 7 23
0 33 4
0 34 3
0 35 7
1 1 23
1 4 15 2
1 10 7
1 11 19 24
1 9 14 10 29
1 13 11
1 16 22 18
1 14 11 1 8
1 3 20
1 15 22 0 25 32
1 0 3
1 8 28
1 19 26 27
1 2 23 5
1 7 4 16 33
1 6 19
1 12 17 6
1 5 4
1 18 11 9 21
1 17 12 13 31
0 20 34 30
0 21 11
0 22 12
0 23 13
1 22 1
1 13 0
1 9 0
1 0 5
1 6 4
1 4 2
1 14 0
1 12 0
1 21 1
1 23 1
1 3 5
1 16 0
1 24 1
1 18 0
1 19 1
1 2 5
1 11 0
1 15 0
1 17 0
1 7 4
1 5 4
1 28 3
1 25 3
1 1 5
1 20 1
1 8 4
1 26 3
1 27 3
1 10 0
0 29 0
0 30 4
0 31 6
0 32 4
0 33 5
0 34 7
1 3 4 0 5 8 17
1 4 14 2 21 23
1 1 3 13 18 24 25
1 5 3 6 10 26
1 2 15 9 16 19 20 22
1 0 11 1 7 12
0 6 21
0 7 8
1 8 2 13
1 0 14
1 12 3 20
1 9 17 16 22
1 13 11
1 14 7
1 21 6
1 1 1
1 16 4
1 5 0 10
1 18 12
1 2 18
1 7 2
1 3 5
1 20 8
1 6 9
1 11 3 23
1 19 15
1 4 0
1 17 12
1 10 7 19
1 15 7
0 22 10
0 23 21
0 24 3
0 25 13
0 26 8
1 4
1 1
1 7
1 12
1 15
1 3
1 19
1 14
1 18
1 6
1 5
1 13
1 16
1 9
1 0
1 17
1 10
1 11
1 2
1 8
0 20
0 21
0 22
0 23

