13
26 36 16 24 34 47 40 34 16 23 24 45 47 
1 11 16 20 6 8 21 9
1 8 19 0 10 7 8 34 35 15 32
1 0 7 8 31
1 1 1 9 6 22 28
1 5 5 2 6 11 10 17 16 3 25 33
1 9 20 18 5 7 15 6 17
1 2 4 0 2 8
1 14 17 13 21 0 15 24
1 4 7 3 21 11 15 33
1 10 1 16
1 7 1 12 14 15 2 5 7 17 9 28
1 3 4 8 10 21 13
1 13 9 10 19 21 13 7
1 6 1 14 8
1 12 16 2 9 20 23
1 15 16 20
0 16 0 17 14 4
0 17 15
0 18 20 32
0 19 13 27 28 29 7 12
0 20 14 11 3
0 21 17 33
0 22 4
0 23 3 28
0 24 26 29 30 11
0 25 14 26
1 19 5 0
1 5 7 5 4
1 4 6 4 8
1 0 2 7
1 3 7 9 2 3
1 21 0 3 13
1 2 3 8 7 6
1 6 9 2 7 0
1 8 9 8 0
1 16 9
1 9 1 7 3
1 10 7 0
1 1 2 6 3
1 7 3 8 13
1 17 6 0 1 9 12
1 11 5 7 1 3
1 18 5 0 11
1 14 8 9 1
1 15 1 4 9 3
1 13 4 0 8 9
1 12 7 1 8 0 15 13
1 20 1
0 22 15 12
0 23 1 7
0 24 14
0 25 2
0 26 5 6
0 27 10
0 28 4 3
0 29 1
0 30 1 15 0 12
0 31 7 13 8 0
0 32 14
0 33 8 11
0 34 8 13
0 35 0
1 9 11 5 13 12 22
1 8 13 4 1 9 0 18
1 0 12 6 7 4 10 0 1 8 18
1 5 3 4 13 1 8 9 17 19
1 4 3 7 11 14 8 19 6
1 7 13 5 9 14 1
1 2 13 8 9 4 10 2 15
1 1 1 14 10 5 2 19
1 3 10 0 2 4 1 3 5 12
1 6 13 5 6 7 12 20 22 17
0 10 22 16 23 4
0 11 12 2 3
0 12 7 17 6
0 13 21 15 6
0 14 0 17 19
0 15 10 3 23 12
1 11 0 4 10 17
1 8 1 18 2 13 10 24
1 3 14 2 7 3 1 8 22 29
1 1 12 16 9 28 0
1 12 20 3 9 30
1 10 5 20 12 10 16 3 4 13
1 0 6 15 4 3 11 19 0 22
1 6 10 9 1 20 19 12 18 14 24 15 7
1 5 0 19 14 8 20 15 10
1 4 7 11 20 8 3 15 29
1 2 8 15 4 2 18 11 3
1 14 17 5 4 28
1 7 18 11 15
1 13 17 13 10 20 18 26 33
1 9 3 16 32 12
0 15 15 29
0 16 0 21 23 33
0 17 31
0 18 1 27
0 19 7
0 20 13
0 21 13 25 30 26
0 22 14 11
0 23 10 18
1 17 14 20 13 7
1 8 7 3 25 27
1 3 23 18 2 5 12 15 35
1 14 1 0 3
1 7 10 22 16 25
1 20 11 18 44 5
1 10 19 13 24
1 2 0 22 16
1 13 2 17 14
1 5 25 2
1 6 24 6 2 21 36
1 1 5 17 27
1 11 21 15 22
1 16 0 14 34
1 12 12 16 27 22 6 35 39 7
1 0 28 26 16 2 27 8
1 9 0 19 27
1 18 8 18 21 15 32 40
1 19 12 9 4 42
1 4 15 22 28 21 7 6 16
1 15 10 4 23 6 42
0 21 16 6
0 22 10 32
0 23 0 41
0 24 33 28
0 25 23 46
0 26 38 24
0 27 13 43
0 28 8 30 42
0 29 46
0 30 45 43
0 31 24 31 21
0 32 38 40
0 33 37 29 44
1 7 5 24 19 9 1
1 21 6 8 12
1 8 12 17 18
1 18 17 1 29
1 28 15 32
1 3 7 9
1 20 2 1 10 3
1 5 17
1 23 21 5 25 33
1 16 20 3 37
1 15 12 18 1
1 27 21 0 1
1 22 1 13 4 5 11 34 10
1 17 15 21 7 20
1 26 6 1
1 11 13 3 9 10 1
1 6 7 22 39 18
1 10 16
1 25 15 16 6 3 11
1 19 15 22 37
1 24 4 3
1 14 10 15 19 6
1 13 6 19
1 2 22 9 16
1 0 23 9
1 12 20 11 17 5 31
1 4 19 4 29
1 9 4
1 1 23 14 19 26
0 29 10
0 30 22 27
0 31 13
0 32 13
0 33 35
0 34 28
0 35 11 31 3
0 36 38
0 37 21
0 38 11 27
0 39 13 29
0 40 0 30
0 41 37 0 20
0 42 12 36 8
0 43 23
0 44 15
0 45 8
0 46 13
1 21 1 9 30 19
1 20 1 2 18 12
1 16 20 8
1 24 15 20
1 9 4 0 3 15
1 13 12 19 13
1 18 4 14 17 10 12
1 11 10 13 6
1 12 20 5 11 18 14
1 0 3 21
1 2 19
1 22 12 1
1 17 13 15
1 15 13
1 4 8 7
1 23 6
1 10 8 5
1 8 3 5 8 1 32 6
1 1 16 0 1
1 7 10 14 11
1 3 19 0 8 3 5
1 19 4 18 16 2 9
1 6 8 7
1 5 11 7 10
1 14 16 9 7 6
0 25 25 28
0 26 27 28
0 27 1 24 10
0 28 33
0 29 10
0 30 9 21 28
0 31 22
0 32 33
0 33 20
0 34 2
0 35 3 31
0 36 12
0 37 0
0 38 1 5 26 10
0 39 20 23 26 29
1 0 5 2 15 1
1 14 8 5 4
1 18 6 12
1 1 2 9 4 1
1 13 5 7 8 1
1 10 1 7 4 13
1 19 3 1
1 2 9 4 2
1 7 7 0 6 1 2 4 5 15
1 16 3 7 5 15
1 8 7 1 5
1 9 5 6 0 4
1 17 0 8
1 11 2 8 4 3 5 13
1 5 1 5 4
1 20 8 0 3
1 6 7 8 9 2 4 0
1 12 1 4 8 2
1 4 5 0 4 7 6 8
1 3 5 8
1 15 8 7 0 12
0 21 15 12
0 22 14 4 7
0 23 15 11
0 24 10 0
0 25 8 11
0 26 8
0 27 1 6 2
0 28 9
0 29 5 15
0 30 7 6
0 31 13
0 32 10 3
0 33 4 14 15
1 5 2 11 8 0 13 12 10 6 17 19 15
1 6 8 5 6 11 1 0 12 19 7 21
1 0 8 7 12 15 20 9
1 8 0 4 7 2 6 3 13 11 10 15
1 3 13 9 10 8 1 2 3 5
1 2 13 12 5 2 11 4 7 8 16
1 7 11 1 8 13 5 3 0 4 20 15 12
1 4 11 3 9 8 0 12 2 22
1 9 1 2 6 11 16 10
1 1 7 3 10 0 5 9 12 11 21
0 10 1 2 20
0 11 9 20 2 14 8
0 12 5
0 13 7 14 11 10 9 4 0
0 14 11 22 8 1
0 15 18 17
1 10 10 4 0 8 7
1 12 0 10 13
1 9 6 14 1 3 23
1 8 3 9 12 13
1 11 7 12 11 3 9 20
1 0 11 9 21
1 13 13 1
1 1 9 1 4 14
1 2 6 12 5 8
1 6 9 1 8 0 14 19
1 3 8 0 6 7 9
1 7 3 11 12 9 13 2 5 1
1 4 2 5 1 6 12 4 18
1 5 6 12 9 3 10 5 23 21
0 14 2
0 15 1 22 12
0 16 10 2
0 17 9 15 4
0 18 0 17
0 19 8 20 13
0 20 2 7
0 21 21 16 10
0 22 17 2 5 15 9
1 8 9 2 7 26 19 31
1 12 0 15 10 27 3 17 12 29 24
1 5 13 5 14 8 25 0 32
1 11 19 3 0
1 3 10 20 22 23 6 7 29 12
1 6 4 8 19 10
1 1 9 11 6 36 44
1 14 17 27 34 22
1 4 25 7 16 23 8
1 0 21 18 20 11 33 19
1 10 0 26 20 19 16 34
1 2 0 6 24 5 13 28
1 9 12 22 4 16 33 43
1 13 1 9 16 27 19 26 3 24 14
1 7 8 0 2 13 23 21 38
0 15 24 35 37 10
0 16 30
0 17 10
0 18 42 4
0 19 3 39
0 20 17 40 43
0 21 13 41
0 22 21 31 7
0 23 26 28 36
1 18 21 23
1 23 18 19 10
1 9 4 27
1 20 9 1 14
1 6 14 5 16 9
1 7 7 27
1 4 23 24 26 10
1 5 15 6 27 29
1 12 26 11 8
1 21 25 8
1 16 4 13 18 30
1 1 10 5 16 2
1 27 8 41
1 19 22 10 2 32 8
1 13 25 9 28 4
1 14 24 7 21 37
1 22 13 9 11
1 25 22 18
1 2 1 10 12 20
1 15 5 10 21
1 11 10 26 5 19 0 38
1 10 15 2 3 13 28 41
1 8 16 27 10 25 45
1 17 0 3 2 31
1 0 5 20 28 15 35 4
1 3 26 12 17 0 3
1 26 8 19 40 14 37
1 24 9
0 28 22
0 29 22 30
0 30 10
0 31 14 38 33
0 32 36
0 33 38
0 34 31
0 35 13 42
0 36 46 42
0 37 39 20
0 38 34 9
0 39 6
0 40 41 33
0 41 44
0 42 1
0 43 8 43 40 2
0 44 31 40
1 14
1 18
1 20
1 17
1 12
1 6
1 15
1 11
1 27
1 24
1 13
1 22
1 1
1 19
1 21
1 4
1 2
1 7
1 28
1 26
1 0
1 25
1 23
1 10
1 8
1 16
1 5
1 9
1 3
0 29
0 30
0 31
0 32
0 33
0 34
0 35
0 36
0 37
0 38
0 39
0 40
0 41
0 42
0 43
0 44
0 45
0 46

