13
20 27 12 18 26 35 31 26 12 17 18 34 35 
1 15 16 20 6 8 21 9 14 15 23 13
1 7 19 0 10 7 8 9 1 15 18 16 5 24
1 1 7 8 21 11 4 2 3
1 10 1 9 6 19 2 4 17 23 8 20
1 5 5 2 6 11 10 17 16 3 7
1 2 20 18 5 7 15 6 19 4 9 13 17
1 13 4 0 2 8 15 9 21
1 9 17 13 21 0 15 14 12 18 22
1 0 7 3 21 11 15 17 9 10 13 4 20
1 6 1 16 11 5 14 10 12 25 21
1 3 1 12 14 15 2 5 7 17 9 19
1 11 4 8 10 21 13 9 14 26
1 12 9 10 19 21 13 3 8 6 1 11
1 8 1 14 8 13 6 10 20 4
1 4 16 2 9 20 5 1 4 15 22
1 14 16 20 9 11
0 16 2
0 17 11
0 18 23 26 10 21
0 19 19
1 15 5 0 8 2 6 3 1
1 6 7 5 4 1 9
1 13 6 4 8 2 5
1 7 2 7 5 3 1
1 3 7 9 2 3 8 0
1 0 0 7 1
1 18 3 8 7 6 0
1 1 9 2 7 0 3 4 5
1 12 9 8
1 17 9 6 2
1 14 1 7 3 6 2
1 4 7 0 5 3 8 9 2
1 9 2 6 7 5 4 0 8 10 3
1 2 3 8 4 2 9 7
1 19 6 0 1 9 3 8 4
1 10 5 7 1 3 0 9
1 21 5 1
1 5 8 9 1 2 7 10 11
1 11 1 4 9 3 8 0 7
1 16 4 0 8 9 6 1 5
1 8 7 1 8 0 2
1 20 1 0 5 6 4 7
0 22 6 11 0 4
0 23 2
0 24 9
0 25 11
0 26 11
1 4 11 5 13 12 14 6 10 0 4 1 9 17 8
1 8 13 4 1 9 10 7 12 3 2 0 6 11 14 17
1 0 12 6 7 4 10 0 1 8 13 5 11 16 9
1 6 3 4 13 1 8 9 5 12 2 0 15 11
1 3 3 7 11 14 8 0 10 16 6
1 5 13 5 9 14 1 3 8 12 6 7 11 10 17
1 9 13 8 9 4 10 2 14 12 7 6 0
1 1 1 14 10 5 2 0 9 8 4 13 11 3 7 17
1 7 10 0 2 4 1 3 5 12 9 14 11 16
1 2 13 5 6 7 12 14 1 11 10 2 4 9 8
0 10 7 5 1
0 11 1 9
1 6 0 4 10 17 14 2 13 8 6
1 1 1 18 2 13 10 20 4 23
1 12 14 2 7 3 1 8 13 4 12 10 6 0
1 11 12 16 9 3 4 15 18
1 7 20 3 0 1 10 7 18 9 15
1 3 5 20 12 10 16 3 4 18 0
1 14 6 15 4 3 11 19 8 7 18
1 4 10 9 1 20 19 12 18 14
1 5 0 19 14 8 20 15 10 18 2 16
1 13 7 11 20 8 3 12 19 14
1 2 8 15 4 2 18 6 9 20 13 5 12 0 11
1 8 17 5 4 7 9 24 23
1 10 18 11 2 14 1 16 25 4
1 0 17 13 10 20 18 2 1 19 14 15
1 9 3 16 10 20 0 2 6 15 7 12 22
0 15 21 3 12
0 16 4
0 17 18 16 3
1 7 14 20 13 7 17 21
1 13 7 3 25 26 6 2 8 27 30 19
1 3 23 18 2 5 4 15
1 19 1 0 3 27 5 11 28 20 33
1 16 10 22 16 25
1 0 11 18 23
1 6 19 13 24 2 8 10
1 20 0 22 16 10
1 12 2 17 14 16 28
1 8 25 2
1 5 24 6 2 21 0 13
1 15 5 17 27 19 32
1 10 21 15 22 6 28
1 9 0 14 2 19 18
1 18 12 16 27 22 6 26 2 7 15
1 17 28 26 16 2 27 13 11 5
1 11 0 19 27 11 28
1 4 8 18 21 15 20 23 10 25
1 1 12 9 4 34 6 21
1 14 15 22 28 21 7 6 16 1
1 2 10 4 23 6 28 21 24 32
0 21 4 33
0 22 31 1
0 23 1 29 27
0 24 24
0 25 28 30
1 15 5 24 19 9 15 20 7 14
1 24 6 8 12 5
1 21 12 17 18
1 13 17 1 5 21 26 0 25 15
1 0 15
1 25 7 9 23 12
1 3 2 1 10 3 14 6 24 8 21
1 20 17 4
1 9 21 5 16 15 20 9
1 6 20 3
1 19 12 18 1 20 30
1 4 21 0 1 19
1 17 1 13 4 5 11 24 14 23
1 12 15 21 7 20 16 25
1 18 6 1 13 24
1 10 13 3 9 10 6 28 4
1 16 7 22 15
1 2 16 3 23 1 4 29 27 28
1 5 15 16 6 3 10 23 1 4
1 14 15 22 5
1 23 4 3 6 12 21
1 11 10 15 19 6 23 18 8
1 28 6 19
1 1 22 9 16 0 24 2
1 7 23 9 14 10
1 8 20 11 17 23 8
1 26 19 4 26
1 27 4 20
1 22 23 14 19
0 29 24
0 30 19
0 31 27
0 32 16 27
0 33 7
0 34 15 6
1 5 1 9 7 4 11 6 22
1 7 1 2 18 12
1 8 20 8
1 1 15 5 9 8
1 18 4 0 3 15 7
1 20 12 19 13 8
1 22 4 14 17 10 12
1 21 10 13 19 14
1 0 20 5 11 18 9
1 9 3 19 11 5
1 3 19 5 11
1 11 12 1
1 23 13 9
1 24 13 7
1 16 8 7 5 13 23
1 6 6 11 20 17
1 2 8 5 0
1 12 3 5 8 1 12 17
1 10 16 0 15 20 22
1 17 10 14 11 13
1 19 19 0 8 3 5 14 13
1 14 4 18 16 2 9 17 13 0 11
1 15 8 6 14 10
1 13 11 7 10 0 1 6
1 4 16 9 7 6
0 25 23 24 11
0 26 25
0 27 12
0 28 5 18
0 29 21
0 30 7 16 5
1 15 5 2 8 7 1 9
1 9 8 5 3 0 2
1 13 6 8 0 1 5 4 9
1 14 2 9 4 8 0
1 12 5 7 8 1 2 4
1 0 1 7 4 3 10 5
1 4 3 1 2 5 7
1 18 9 4 2 6 5 8 0
1 11 7 0 6 1 2 4 5 8
1 2 3 7 9 1 4 5
1 8 7 1 5 0 8 9
1 3 5 6 0 4 3 11
1 10 0 8 4 6 10 7
1 16 2 8 4 3 5 6 9
1 20 1 5 4 8 2 6
1 5 8 0 3 9
1 7 7 8 9 2 4 0 1 6
1 19 1 4 8 2
1 1 5 0 4 7
1 17 5 4 8
1 6 8 7 0 5 4 6
0 21 4 0
0 22 9 1 8
0 23 7 11 8
0 24 5 3 4
0 25 2 3
1 3 2 11 8 0 13 12 10 6 5 7 1
1 4 8 5 6 11 1 0 12 10 3 2 4 13 9 7 14
1 9 8 7 12 13 2 1 11 9 10 4 5 0
1 1 0 4 7 2 6 3 13 11 10 1 12 8
1 2 13 9 10 8 1 2 3 5 6 0 11 12 7
1 7 13 12 5 2 11 4 7 8 0 1 10 6 9 14
1 6 11 1 8 13 5 3 0 4 2 12 10 6 9 14
1 0 11 3 9 8 0 12 1 13 10 5 7 15 6
1 8 1 2 6 11 12 7 4 10
1 5 7 3 10 0 5 9 12 11 1 4 13 2 8 16
0 10 10 7 16 6
0 11 1 3 5 15 10 14 7 11
1 2 10 4 0 8 7 3 6 12 1
1 3 0 10 13 7 12 2 14 5 4 9 16
1 12 6 14 1 3 11 7 4 2 12 13
1 0 3 9 12 4 1 11 0 13 17
1 13 7 12 11 3 5 2 13 6 14
1 11 11 9 7 8 10 15 14 6 5 16
1 5 13 1 8 11 12
1 1 9 1 4 8 14 13 16 17
1 9 6 12 5 8 7 10 17
1 7 9 1 8 0 14 3 13 7 12 6 2
1 6 8 0 6 7 9 13 4 11
1 8 3 11 12 9 13 2 5 4 16 10
1 10 2 5 1 6 12 4 7 14
1 4 6 12 9 3 10 5 1 11 4 8
0 14 13 11
0 15 11
0 16 3 1
1 0 9 2 7 26 19 28 15
1 6 0 15 10 27 3 17 12 16 9 8 2 31
1 13 13 5 14 8 25 0 10 20 24 6 27 18 30
1 10 19 3 0 18 24 9 20 23 13 12
1 2 10 20 22 23 6 7 1 2 12 8
1 11 4 8 19 10 17 28
1 9 9 11 6 8 19 29 28
1 14 17 27 24 6 14
1 8 25 7 16 23 8 4 20 9 0 24 21 15 30
1 4 21 18 20 11 16 5 2 14 31
1 3 0 26 20 19 16 15 23 3 14 29 32
1 12 0 6 24 5 13 8 11 3 15 12
1 1 12 22 4 16 25 14
1 7 1 9 16 27 19 26 25 5 20 11 4 8 24
1 5 8 0 2 13 23 21 12 16
0 15 5 11
0 16 11 29 8 10
0 17 33 5
1 18 21 23 18 3 10 20
1 7 18 19 10 3 9 16 31
1 1 4 27 9 7 12 0 19 29
1 17 9 1 14
1 15 14 5 16 15 10
1 14 7 27 13 17 23 33
1 19 23 24 26 10 19 17 3
1 3 15 6 27 24 23 32
1 23 26 11 17 29
1 2 25 8 2
1 12 4 13 9 21 26 5
1 20 10 5 16 22
1 5 8 5 6 10
1 24 22 10 2 9 16 20 15
1 8 25 9 28 4 15
1 13 24 7 21 23 19 28 17
1 4 13 9 11 25 5 34 27
1 22 22 18 28
1 27 1 10 12 20 25
1 10 5 10 21 3 27 16 11 18
1 9 10 26 5 19 0 24
1 16 15 2 3 13 28 25 17
1 0 16 27 10 25 18 30 31 14
1 11 0 3 7 26 25
1 26 5 20 28 15 10 7
1 21 26 12 17 0 3 21 10
1 6 8 19 28 2 25 5 13
1 25 9 28 1
0 28 4 16
0 29 15 6 24
0 30 21 11
0 31 5 8
0 32 6
0 33 3
1 5
1 25
1 18
1 16
1 1
1 14
1 3
1 10
1 7
1 15
1 22
1 12
1 19
1 13
1 11
1 20
1 8
1 26
1 6
1 4
1 28
1 17
1 27
1 24
1 9
1 2
1 21
1 0
1 23
0 29
0 30
0 31
0 32
0 33
0 34

