20
32 6 20 35 6 20 35 14 20 8 32 20 10 23 15 36 24 24 27 14 
1 8 1 4 0 2
1 0 4 1
1 1 1 3 4
1 9 2 1 3
1 2 1 3 4
1 10 4 3 0
1 3 1 3
1 11 2 0 4 1 3
1 4 3 1
1 5 3 1 4
1 22 2 0 4
1 12 2 0 4 1
1 13 4 1 0 3 2
1 23 3 2
1 14 3 0
1 15 3 1 2
1 16 1 2 3
1 6 4 2
1 19 0 2 1
1 7 3 1 4
1 20 4 2
1 25 2
1 21 0 3
1 24 2 3
1 17 0 4 3
1 18 0 1 3 2
0 26 4
0 27 2 5 3 4
0 28 5
0 29 3 5
0 30 0
0 31 4 2
1 3 1 2 4 8 5 0 3 7 10 9 15 13 11 12 14 6 19
1 0 10 3 9 11 14 6 12 7 0 8 4 2 13 1 5 15 18 17 19
1 4 4 2 5 12 15 14 0 1 10 8 13 3 6 7 9 11
1 2 0 8 13 9 1 12 4 2 14 5 7 6 3 15 10 11 17
1 1 7 6 15 5 2 4 3 13 14 9 8 12 1 10 0 11 19 18 17
0 5 11 16 14 18 13 15 1 6
1 13 11 13 1 14 10 32 3 29
1 3 21 17 24 22 28 1 7 19
1 6 25 5 6 28 10 12
1 12 7 5 11 28 19 16 29 33 18
1 2 5 3 23 24 21 15
1 11 7 1 6 23 19 10
1 1 21 20 11 25 9 24 0 5 10
1 8 15 18 24 10 4 17 12 34
1 14 15 19 18 14 7
1 9 0 4 3 13 6 21
1 15 16 2 26 15 19
1 5 12 28 26 20 9
1 7 16 27 11 25 31
1 0 9 8 22 15 3 28 14 13 0
1 4 27 28 2 21 22 26 17
1 10 14 10 18 24 0 26 3 6
0 16 31
0 17 21
0 18 30 13 0
0 19 8 28
1 8 3 4
1 17 4
1 28 1 4 2 3
1 6 4 0
1 22 1 4 3
1 21 2 0 1
1 16 4 1 0 2 3
1 20 0 4 1 2
1 0 3 0
1 2 4 0 3 5
1 15 3 4 0 1
1 12 3 1 0
1 9 3 2 4 0
1 25 3 1 2 4 5
1 26 4 2 1 3 0
1 10 0 4 2 3
1 27 3 2 1
1 1 0 3
1 23 3 1 4
1 19 4 2 3
1 24 3 1
1 3 0 4
1 13 1 4 0 3
1 14 0 3 1 4
1 11 0 2 4
1 4 0 4
1 18 1 3 2 0
1 7 2 3 0
1 5 4 3 0
0 29 1 5 4
0 30 2 0 4
0 31 2 1
0 32 1 4 2
0 33 4
0 34 1
1 0 3 8 0 12 10 7 2 1 5 14 4 6 13 15 17 18 9
1 4 6 2 5 7 10 9 14 3 15 13 4 0 11 12 1 19 17
1 3 9 13 14 10 0 7 8 4 15 3 2 11 12 5 6 19
1 1 4 1 11 15 0 6 9 7 3 8 14 13 16
1 2 15 0 12 9 7 6 1 2 13 10 14 4 11 3
0 5 8 16 14 11 1
1 10 13 14 25
1 12 6 23 2 12
1 6 28 18 19 21 23 13 4 2
1 15 1 12
1 7 13 10 12 14 3 25 27
1 11 9 4 11 23 14 18
1 1 26 19
1 13 15 17 10 0 14
1 2 11 20 9 15 2
1 4 9 5 2
1 9 6 2 16 27 22 4 1 0 23
1 14 28 8 30 5 6
1 5 0 18 22 1 5 3 24 7 25
1 0 7 24 21
1 3 11 3 12 26
1 8 25 22 26 5 0 13
0 16 33
0 17 13 29 34 33
0 18 22
0 19 19 31 32 12
1 23 3 1 9 4 5
1 24 3
1 17 9 6 4 2 5
1 6 6
1 27 7
1 20 1 4 5 7
1 12 1 6 8
1 4 2 8 10 11
1 28 9 4 2
1 3 0
1 25 3
1 10 7 10
1 22 4 5 10
1 2 10 6
1 26 6 4 3 9
1 5 5 2
1 7 3 10
1 18 3 10 7 9 8
1 16 3 4 1 2
1 9 6 2 7 1 0
1 21 4 5
1 11 7 5 2
1 15 4 5 6 12
1 13 8 0 7 4 2 10
1 0 10
1 19 5 4 1 8
1 8 6 3 1 10
1 1 10 2
1 14 9 8 7 2 5
0 29 6
0 30 4
0 31 2
0 32 10
0 33 9 6
0 34 13 12
1 2 4 8 11 15 9 12 0 17
1 5 3 10 14 7 2 6
1 1 1 9 15 14
1 7 11 13 5 14 0 4 6
1 10 13 12 9 11
1 4 5 7 9 1 19
1 3 0 7 9 11
1 8 14 2 15 4 12 17 18
1 6 2 9 3 15 0 6 14 11 13 10
1 9 12 15 7 4 2 11 6 13 3
1 0 0 6 2 8 3 1 10 19 5 4
0 11 6
0 12 10
0 13 16 12
1 2 5 2 0 3 6
1 1 3 2 4
1 13 5 3 1
1 3 3 4 2 5 1 6 7
1 4 3 4 5 2 1
1 15 3 1 4 0 5
1 10 2 1 0 3
1 9 2 4 1 3 0
1 0 5 0 4 2
1 6 0 5 3 4 1
1 5 3 4 5 0
1 11 5 3 0 1
1 14 0 1 4 3
1 12 3 1 0 5 6
1 7 5 4 0 2 3 1 7
1 8 1 5 4 0 3 2 7
0 16 1
0 17 6 1
0 18 7
0 19 2
1 3 22 0 5 10 15 23 20 24 17 12 11 18 3 4 9 13 8
1 5 21 1 2 8 17 24 9 16 10 15 11 13 4 6 0 23 22 25 18 12
1 0 9 19 25 7 3 20 12 6 21 31 0 30
1 4 21 3 12 6 0 18 15 11 20
1 2 7 4 13 18 6 1 14 22 17 25 19 5 26 30 0
1 1 6 11 14 16 20 1 9 5 19 23 8 15 13 10 7 25 22 12 24
0 6 21 27 28 3 16
0 7 17 29 27
1 24 9 3
1 12 14 13 0 7
1 11 15 12 8 2 16
1 7 12 9 6 5
1 4 5 4 11 1
1 10 14 5 17
1 20 8 9 2
1 0 4
1 18 6 10 1 16
1 13 14 2 3 12
1 8 11 6 9
1 14 5 2
1 2 12 13 2
1 16 1 12 5 8 19
1 22 1 0 9 7
1 15 12 3 5 7
1 5 5 11 12 15 9 0
1 19 9 1 7 8 14
1 6 6 13 1 18
1 9 1 12 15 0 11 14 8
1 3 4 12 7 15
1 21 7 2 0
1 1 4 13
1 17 7 10 11
1 25 5 1 8 10
1 23 9 10 0
0 26 8
0 27 11
0 28 8
0 29 7
0 30 9 10
0 31 0
1 13 0 2 4 7
1 11 2 3 0 5 1 9
1 7 1 2 0 4
1 15 5 3 7
1 0 1 5 6 9
1 9 7 6 4 3 0 2
1 5 6 5 2 0
1 10 7 2 0 6 5
1 14 7 4 0 5
1 8 7 0 5 1 2 4 8
1 12 3 0 4 6 7
1 6 6 5 0
1 3 4 5 3 2 7 6
1 1 3 2 6 1 4 0 5
1 4 0 4 6 1 3 7 8
1 2 1 2 6 0 5 7
0 16 3 9 8
0 17 9
0 18 8
0 19 3
1 7 13 8 10 2 16 0 17 4
1 1 2 12 11 14 0 7 6 18 17 5 15 10
1 3 4 10 11 0 17 12 8 15 18 19 21 7
1 5 0 6 2 14 5 12 13 10 22 15 9
1 2 5 15 17 13 0 2 11 16 7 4
1 4 11 6 17 15 1 10 0 7 16 12 18 3 2 9
1 0 18 1 7 14 16 8 6 4 3 15 10 13 5 11 20
1 6 3 9 10 6 7 13 12 17 4 15 1 20
0 8 16 3 9
0 9 14 13 0
1 8 5 4 9
1 2 2 1 5 9
1 16 10 8 7 0 3 11 14 1
1 12 3 7
1 3 1 11 2 8
1 4 5 11 1 7 10 4
1 7 2 10 11 3
1 14 7 9 4 5
1 18 10 7 6 11
1 10 11 5 9 10 7
1 13 3 9 6 7 5 10
1 1 7 6 1 2 4 11
1 15 0 8 3 4 13
1 9 0 11 10 3
1 6 8 2 9 5 1
1 5 2 11 5 3 7 6 9
1 11 3 6 9 4
1 17 4 8 9 1 10 11
1 0 0 1 11 6
0 19 6
0 20 4
0 21 12
0 22 2 0
1 7 5 0 4 12 28 8 27 31 34
1 1 29 18 26 27 24 28 2 21 1 17 10 11 4 34
1 5 1 3 16 19 20 14 6 17 22 21 15 11 18
1 4 6 9 28 24 29 18 2
1 6 25 27 23 21 0 2 24 5 26
1 0 10 16 29 19 1
1 3 5 22 27 17 4 10 14 9 34
1 8 21 2 13 17 15 8 25 7 14 19 5 18
1 9 24 6 21 15 28 32 30
1 11 23 15 20 4 8 16
1 10 17 14 9 4 28 18 13 35
1 2 8 7 11 5 14 18 10 3 30
0 12 29 33 10
0 13 16 14
0 14 10
1 29 12
1 18 3 7 10 8
1 9 7 16 4 2 21
1 2 9 17
1 17 5 10 13 3
1 5 1 0 11 3
1 24 18 14 8 12 16 1
1 21 15 9 10 11
1 25 19 4
1 27 3 12
1 0 5 13 18 17 0 20
1 10 15 2 11 3
1 16 9 7
1 28 12 1 6 17
1 20 9 11 4
1 23 1 2 10
1 12 6 3 17 14
1 22 1 14 0
1 8 5 2
1 3 19 13 18 11
1 14 18 9
1 19 3
1 4 19 2 12 11
1 26 12 8 5 14 7 10
1 13 7 1 16
1 6 13 9
1 15 4 13 6 19 5
1 7 8 17 23 0
1 11 0 9 3 12 7 10
1 1 6 0 19 16 12
0 30 13
0 31 4 20
0 32 22
0 33 22
0 34 7
0 35 4 3
1 0 13 17 0
1 18 0 8 19 4
1 3 7 14 19 2
1 11 11 16 10 19 1 20
1 19 10 19 3
1 12 2 8 5 4 9 17 16 22
1 7 2 0
1 8 2 3 13 0 15 14 23
1 13 16 3 0 13 21
1 10 14 19 5 16 0
1 14 16 13 9
1 4 11 5 14
1 15 8 14 16 11
1 5 13 1 5 8 10 11 18 6 19
1 16 8 4 0
1 17 10 5 3 15
1 1 18 6 11 17 12
1 2 12
1 9 17 9 5 19 11
1 6 15 13 6 18
0 20 10
0 21 22 1
0 22 20
0 23 1 10
1 12 7 1 14 0 6 12 9
1 2 15 11 6
1 8 11 16 7 2 21
1 18 17 21 5 2 12 19
1 11 4 9
1 5 17 16 7 20 23
1 9 20 12
1 1 9 7 19 3 23
1 16 6 21 5 3
1 19 0 17
1 13 10 1
1 10 20 12 25 10
1 7 9 5 6
1 0 15 18 22
1 6 10 8
1 17 3 2 8 6
1 15 0 20 21 8 18 2 11 6 12
1 3 18 8 11 7 14 26 23
1 4 10 5 13 19 24
1 14 14 4 12 10 7 6
0 20 10
0 21 14 26
0 22 2
0 23 26
1 16 6 5 2 7 3 4
1 18 7 8 1
1 15 2 7 5 4 8
1 9 10 5
1 21 1 5 7 8 4
1 6 1 10 4 5 2
1 20 8
1 10 4 5 3
1 11 1 5 6
1 3 0 8 4
1 8 8 3 4 11
1 1 9 6 8
1 17 7 5 10 13
1 13 1 7 6 12
1 2 8 0 9 4 3
1 0 9 6 13
1 5 0 10 2 8
1 14 7 6 1
1 12 10 5
1 4 2 9 5 0 4
1 7 1 2 3 10
1 19 8 5 2
0 22 12 13
0 23 4
0 24 7
0 25 0
0 26 8
1 0
1 5
1 6
1 7
1 2
1 9
1 4
1 10
1 8
1 1
1 3
0 11
0 12
0 13

