20
14 27 29 16 29 21 28 33 26 22 12 20 11 11 9 24 14 16 24 35 
1 4 12 17 21 5 20 14 10 3 6 2 25
1 1 20 7 8 13 16 4 18 0
1 5 5 10 8 3 14 9 12 15 17 21 23
1 2 1 18 2 11 0 20 13 16 5 4 19 23
1 10 10 12 2 16 17 13 15
1 0 19 0 8 5 9 15 21
1 9 10 11 7 6 21 4 2 9 20 25 12
1 3 0 6 11 13 17 7 18 8 4 9 14 24 12 19
1 8 2 4 17 7 20 21 9 12 11
1 7 15 3 6 9 14 11 17 4 18 19 7
1 6 5 3 16 10 11 19 7 0 1 26
0 11 7 22 10
0 12 10 22
0 13 1
1 1 19 14 16
1 10 18 22 19 21 11 23 17
1 9 22 11 13 6 2 21 18
1 14 19 17 13 16 12 26 7
1 16 21 0 23 1 19
1 6 4 3 17 13 7 20
1 7 9 8 0 22 4
1 8 15 22 1 3 0 27
1 5 21 9 12 7 25
1 15 8 1 13
1 20 17 7 23 6 5
1 18 9 5 3 8 15 16
1 21 23 0 3
1 19 8 9 21 10 28 11
1 12 2 12 20 1 3
1 3 14 20 0 1 9 4 7 18
1 4 14 18 1 4 7
1 2 22 7 13 20 5 9
1 11 6 16 20 12 13 0
1 17 1 10 23 7 6 16 2 5 8
1 0 22 1 14 11 12 9
1 13 2 9 15 23
0 22 0
0 23 13
0 24 5
0 25 24 7
0 26 15 0
1 18 11 7 12 8
1 6 7 4
1 20 12 0
1 11 7 0 4 9
1 9 4 6 10 11 12 9 8 5 0
1 22 8 9 1
1 13 1 4 3 6 5 12 8
1 2 6 2 11 9
1 21 12 1 4
1 1 10 12 2 6 5
1 17 12 11 3
1 0 6 2 10
1 16 6 3 0 8 11 15 7
1 10 10 11 6 2 12 8 0
1 12 4 8 1 5 0 6
1 14 3 1 11 4 5
1 5 4 9 10 7 6 3
1 23 8 15
1 8 5 1 2 4 7 13
1 7 2 0 6 9
1 4 6 12
1 19 0 9 6 1 8 7
1 3 5 9 2
1 15 7 1 3 5 9 0 14
0 24 3
0 25 3 4
0 26 10
0 27 1 15
0 28 5
1 10 7 10 2 14 21 0 13 24
1 12 14 3 6 11 1 22 2
1 3 0 22 21 12 18 5 19 11 13
1 9 1 16 23 15 9 21 17 7 13
1 5 19 4 2 0 10 3 12 13
1 1 9 12 20 8 6 22 23 0
1 0 2 17 1 13 8 12
1 4 18 2 22 6 14 3
1 11 1 8 21 6 15 5 7
1 6 20 5 9 28 18
1 2 11 8 18 22 9 7 17 27
1 7 13 5 9 3 21 0 14
1 8 15 21 7 23 8 16
0 13 11 26
0 14 21 25 5 8
0 15 12 27
1 5 14 6 0 3 16 12
1 11 15 2 14 6
1 4 0 16 4 1 11 19
1 14 16 5 8 13 10 1 17
1 8 15 9 0 13 12 3
1 18 7 15 13 3 6 5
1 17 7 14 2 3
1 23 5
1 3 16 9 12 5
1 16 3 10 8 14
1 22 10 15 5 3 8 4
1 13 14 10 5 1
1 9 10 4 14 6 1
1 10 5 4 8 16 0 2 12 13 7
1 15 0 13 15 2
1 19 15 7 10 6 1
1 0 15 9 14 16 1 6
1 1 12 6 3 10
1 12 10 12 16 8 6 5 9 4 15
1 20 13 7
1 2 0 9 14 18
1 6 3 9
1 7 1 11 9 15 4
1 21 3 11
0 24 9 5
0 25 13
0 26 15
0 27 5 20 18
0 28 16
1 7 22 10 11 16 17 12 3 13 20
1 0 21 17 20 19 16 24 5 11
1 9 8 19 13 11 17 0
1 10 1 3 9 14 17 4
1 5 22 13 10 20 4
1 15 0 18 22 1 10 13 17 9 15 16 2 5
1 6 15 4 11 20 8 16 1 13
1 16 5 16 9 15 14 24 22
1 12 2 16 10 22 5 15
1 3 1 5 22 4
1 13 13 16 12 21 15 18 11 25 27
1 14 18 3 16 2 19 11 15 13
1 2 21 7 1 15 20 22 10 8
1 8 6 12 5 4 22 0 10 9 15 21
1 4 17 3 15
1 11 19 16 10 2 9 4 21
1 1 22 20 17 3 8 9 19 7 21 15
0 17 5 26
0 18 23 7
0 19 21 0
0 20 19
1 16 17 4 15
1 10 19 11 5 6
1 22 22 11 23
1 5 15 6 8 13 19 29
1 12 17 14 13 12 5 3 8 27 28
1 13 0 8 14 13 31
1 8 2 21 0 16 1 24 30
1 3 10 0 8
1 7 6 24 11
1 17 9 2 22
1 18 18 3 8 21 22 15 29
1 21 5 17
1 6 16 26 7 21
1 20 22 4 26 5 1 15
1 19 4 23 3 17 11 13
1 15 20 2 21 23
1 11 17 25 0 13 32
1 9 1 12 24 0 17 13
1 14 15 21 20
1 2 13 6 9 8 0
1 0 22 3 9 4 6 16
1 4 17 24 2 9 25 19 10
1 1 7 20 9
0 23 14
0 24 8 32
0 25 21
0 26 0 5
0 27 22 4
1 5 11
1 21 3 6 1 24
1 11 10 4 6
1 0 18 13
1 2 16 6 10
1 16 8 4 2 15 3 20
1 4 19 13
1 1 19 2 10 17
1 24 6 1 8 9 0 12 3
1 10 14 0 13
1 3 10 12 16 5
1 26 12 18 10
1 6 15 11 14 1 10 20 17
1 8 3 10 13 18
1 19 5 4 9 3
1 17 3 17 12
1 20 1 3 19 4
1 25 12 7 0
1 14 5 20 10 8
1 7 6 14 3 5 18 19 21 23
1 13 4 15 1 8
1 12 15 13 7 14 2 9 3
1 23 8 1 3
1 22 19 3 0 7
1 9 5 10 9 25
1 18 9 15 1
1 15 12 13 7 11 9 1 14
0 27 9
0 28 15
0 29 5
0 30 20 0 13
0 31 18 24
0 32 22 18
1 20 4 16 11
1 15 15 11 14 4 8 10
1 7 8 1 12 14
1 19 5 17 0 11 13 4
1 11 3 10 16 15 13 9
1 3 12 0 2 1 5 17 8
1 12 0 12 1 17 16
1 13 6 16 14 13 0
1 14 14 8 17 11
1 17 17 13 12 9 4 0
1 9 7 17 15 1
1 8 15 1 10 7 3
1 18 14 3 20 17
1 6 12 9 17 7 0
1 4 8 16 9 4 20
1 5 10 8 0
1 1 2 7 1 16 6 5 17 10 11
1 0 7
1 2 14 0 5 9
1 10 2 9 4 11 17 0
1 16 12 0 10 4 1
0 21 2
0 22 19 0
0 23 21
0 24 18
0 25 9 10
1 10 7 6 9 1 3 2 10
1 12 7 0 4 9 5
1 1 9 5 6 1 0 3
1 9 6 7 1 5
1 16 8 1 6 9
1 0 6 2 0 8
1 2 1 5 2
1 6 1 8 6 3 0 4 5
1 5 2 3 8 6 7
1 3 6 7 5 0 3
1 11 3 6 7
1 15 0 7 8 4 6 9 3 11
1 8 3 1 7 0 5
1 17 7 1 0 5
1 14 6 1 7 3
1 4 4 3 6 0 1 9 2 5
1 7 3 0 2 10
1 13 9 2 4
0 18 6
0 19 3
0 20 11
0 21 7 2
1 0 0 13 9 2 11 6 12
1 5 8 5 15 13 2 0
1 2 7 15 13 6 4 14 11 1 9 5 18
1 4 4 9 14 1 6 7 13 12 5 10 15
1 6 10 1 4 5 8 12 13
1 3 0 3 11 13 14 8 1 6 7 4 9
1 1 7 0 10 1 17 6 15
1 9 8 7 4 14 12 6 3 15 13
1 8 7 15 8 9 12 3 11 0 1 16 2 5
1 7 2 6 12 15 0 8 13 9 19 10
0 10 7
0 11 13 18 7 14
1 2 6 2 8 3 5
1 3 7 8 1 6 5 2
1 8 0 8 2 6
1 12 6 0 8 5
1 10 1 7 2 6 0
1 1 1 7 3 5 2
1 4 8 3 6 5 4
1 11 1 7 5 0
1 13 6 5 0 7 8 4
1 9 0 4 6 7 1 3 2
1 7 8 5 4 6 1
1 5 5 8 7 3
1 14 4 6 7 0 3
1 6 0 1 4 2 5 7
1 0 1 4 2 3 10 9
1 15 1 4 6 0 7 10
0 16 6 2
0 17 1 2 0
0 18 9 4 10
0 19 8 0
1 8 4 2 1 0 5 3 7 8 6 9
1 3 0 7 4 5 1 8 3 6 2 10
1 0 6 1 4 2 7 0 5 8 3 9
1 1 6 7 8 3 4 5 2 1 0 9
1 5 5 7 1 0 2 6 4 3 8
1 4 0 3 1 2 5 6 4 8 7 10
1 7 8 2 5 7 3 1 6 4 0 9
1 6 8 7 6 2 4 0 1 3 5
1 2 1 4 5 3 7 2 6 8 0 9
0 9 7 1
0 10 5 6 1 4 7 8 2
1 0 4 0 3 2 5 1 6
1 1 4 1 6 2 0 3 5 8
1 2 3 4 5 0 2 1 6 8
1 3 1 2 0 5 3 4 6 8
1 4 3 5 6 1 4 2 0
1 5 4 6 1 0 5 2 3
1 6 5 0 2 1 4 6 3 8
1 7 5 4 1 0 2 6 3
1 8 3 4 0 6 5 2 1 7
0 9 6 3 4
0 10 6 7 3 5
1 1 18 0 2 3 6 7 9 12 14 13 8 16 15 21
1 6 17 19 15 11 1 18 4 7 9 23 21 3
1 0 13 5 11 16 0 3 15 4 2 7 19 10
1 3 8 6 10 12 19 3 7 14 9 15 13 5 22 0
1 4 9 4 19 18 12 5 3 14 16 17 2 23
1 2 15 0 17 14 5 4 10 3 7
1 5 15 1 7 14 0 18 10 3 9 5 12 4 11 22
0 7 19 0
0 8 4 20 16 6
1 14 0 5 8 4 9 1 3
1 9 4 5 9 8
1 2 8 4 2 9
1 4 7 5 8 12 10
1 13 7 0 4 9 3 10
1 15 6 7 5 0
1 19 5 6 9 8
1 7 8 6 0 13
1 1 8 7 1
1 17 5 10 3 7 9 2 13
1 6 3 9 8 10 2 1
1 16 4 5 0 6 9 11
1 5 5 7 6 1 8 9
1 10 4 2 5 0 10 7 12
1 12 1 0 4 10
1 3 2 4 6 9 7 1
1 0 6 4 8
1 8 5 7 4
1 18 1 9 3 13
1 11 1 4 0
0 20 11
0 21 0 12
0 22 7 0
0 23 7
1 9 2 5 4 7 8 0 1 11
1 5 12 4 6 1 11 2
1 0 5 9 6 10 1 8
1 8 11 10 3 8 5 0 2 12 6
1 3 11 10 9 6 3 4 7 8 2
1 10 0 11 3 5 8 4 12 10 9 14
1 4 5 3 10 0 6 9 1
1 2 8 6 4 1 2 13 5
1 1 1 7 5 6 9 8 10
1 7 11 0 3 5 1 8 4 7
1 6 1 2 11 3 4 7 10
0 11 6 14 15 0
0 12 13
0 13 1 9 14
1 9 0 7 9 3 10 5 17 2 11 12
1 1 3 5 17 19 0 7 1 20
1 8 15 16 19 7 14
1 6 11 18 17 10 9 4 19 22
1 7 6 4 0 19 17 8 16 14 7 22
1 10 10 8 11 7 5 2 9 21 0 22
1 0 0 1 19 15 2 18 6 23 3
1 5 3 14 1 18 7 19 17 2
1 4 11 13 15 6 7 14
1 3 6 16 18 0 2 12 19 4 15 8 5
1 2 0 13 15 8 10 7 18 20
1 12 12 14 10 8 7 16 4 2 13 18
1 11 12 2 16 4 11 7 6 9 22
0 13 0
0 14 3
0 15 16 9
1 4 12 19 23 15 21 5
1 0 16 24 19 18
1 12 5 7 18 10 27 23 28
1 10 5 15 20 0 34
1 11 8 26 23
1 5 23 6 22 27 10 17 4 31 2
1 7 25 0 11 18 28 32 8
1 17 20 9 7 28 11 31
1 9 13 3 10 20 2 26 9
1 18 13 7 28 5 2
1 15 8 28 6 3 15 12 7
1 8 16 2 22 13 19
1 16 20 27 1 14 7 11
1 6 21 11 22 18 28
1 19 8 12 7 14 10
1 2 6 17 26 13 5 27 2 18 15 4 31
1 14 18 9 14 19 12
1 13 1 0 15 28 6 3
1 1 24 25 12 19
1 3 4 11 24 17 13 28
0 20 2 5
0 21 16
0 22 18 11
0 23 33 29 30
1 16
1 25
1 8
1 19
1 1
1 20
1 10
1 26
1 28
1 22
1 15
1 14
1 21
1 17
1 27
1 6
1 13
1 2
1 11
1 7
1 18
1 4
1 23
1 12
1 0
1 3
1 5
1 9
1 24
0 29
0 30
0 31
0 32
0 33
0 34

