20
18 36 39 21 39 28 37 44 34 29 16 26 15 15 12 32 18 21 32 47 
1 5 12 17 21 24
1 8 20 7 8 13 16
1 2 5 29
1 6 1 18
1 1 10
1 0 19 34
1 4 10 11
1 10 0 33
1 7 2 4
1 9 15 3 6 9 14 22
1 3 5
0 11 20 27 32
0 12 23 25 28 35
0 13 26
0 14 31
0 15 13
0 16 10 30
0 17 10
1 21 19
1 3 18 36
1 15 22 11 13
1 20 19 35
1 4 21 0
1 6 4 3 34
1 14 9
1 12 15
1 1 21
1 9 8
1 5 17
1 10 9 5
1 0 23
1 8 8
1 19 2 12 20
1 18 14 37
1 17 14
1 16 22 7
1 13 6 16
1 2 1 10
1 11 22
1 7 2
0 22 24
0 23 19
0 24 28
0 25 6
0 26 16
0 27 16
0 28 38 25
0 29 24 29
0 30 18 30
0 31 24 26
0 32 21 27 33
0 33 20 32
0 34 31
0 35 38
1 5 11
1 0 7
1 9 12
1 1 7
1 16 4
1 7 8
1 11 1
1 20 6
1 10 12
1 15 10
1 8 12
1 21 6
1 22 6
1 14 10
1 18 4
1 13 3
1 17 4
1 6 8 20
1 4 5
1 19 2
1 23 6
1 3 0
1 12 5 9
1 2 7
0 24 16 18
0 25 4
0 26 15
0 27 13
0 28 13 14
0 29 19
0 30 2
0 31 2
0 32 0
0 33 0
0 34 1
0 35 13
0 36 3
0 37 12 17
0 38 5
1 1 7 10 33
1 6 14 3 6
1 11 0 22 31
1 7 1 16 23
1 9 19 4
1 2 9 12 28
1 12 2 17
1 0 18
1 4 1
1 10 20 25
1 8 11 8 37
1 3 13 5 29 30
1 5 15 21 26
0 13 27
0 14 16 24
0 15 6
0 16 0
0 17 5
0 18 20 36 38
0 19 35 32
0 20 34
1 16 14 6
1 10 15 2
1 19 0 27
1 3 16
1 9 15 9
1 12 7 21
1 11 7
1 8 5
1 4 16 17
1 13 3
1 2 10
1 21 14
1 1 10
1 5 5 4 8 22
1 17 0
1 6 15 20
1 7 15
1 23 12
1 0 10
1 20 13
1 18 0
1 14 3
1 22 1 11
1 15 3
0 24 13
0 25 26
0 26 15
0 27 18
0 28 24
0 29 15
0 30 5 25
0 31 6
0 32 11
0 33 3
0 34 4 23
0 35 12
0 36 24 19
0 37 8
0 38 8
1 11 22 10 29 30
1 15 21
1 9 8
1 10 1 3 9 14
1 3 22
1 5 0
1 6 15 4 11
1 8 5 16
1 0 2 23
1 7 1 32
1 1 13 26 33
1 13 18
1 16 21 7
1 12 6 12
1 14 17
1 4 19
1 2 22 20
0 17 9 27
0 18 12 25 34
0 19 10 31
0 20 28
0 21 20
0 22 21 35
0 23 18
0 24 21 24 36
0 25 19
0 26 4
0 27 1
1 8 17
1 11 19 11
1 0 22
1 15 15
1 18 17 14
1 10 0
1 20 2
1 22 10
1 12 6
1 9 9
1 21 18 3 8 21
1 3 5 31
1 6 16 26
1 1 22
1 14 4 23
1 7 20 28
1 13 17 25
1 17 1 12
1 16 15 36
1 5 13 39
1 2 22
1 19 17 24 30
1 4 7
0 23 37 27
0 24 34
0 25 24
0 26 35
0 27 9
0 28 38
0 29 8
0 30 22 40
0 31 14
0 32 43 41
0 33 17 29 32
0 34 42
0 35 33
0 36 23
1 12 11
1 7 3
1 17 10
1 1 18
1 16 16
1 3 8
1 13 19
1 4 19 2
1 26 6
1 11 14 0
1 18 10
1 0 12 24
1 24 15 25
1 6 3
1 21 5 31
1 15 3 17 21
1 9 1 29
1 10 12 7
1 20 5 20
1 25 6
1 8 4
1 23 15
1 2 8
1 14 19
1 22 5
1 19 9
1 5 12 13 22
0 27 4
0 28 9 26
0 29 2
0 30 6
0 31 11
0 32 2
0 33 3
0 34 13
0 35 28 27
0 36 13
0 37 2
0 38 23
0 39 16
0 40 12
0 41 33
0 42 17
0 43 4 30 32
1 13 4 16
1 7 15 11
1 0 8
1 5 5 24
1 6 3
1 18 12
1 20 0
1 12 6
1 4 14 20 27
1 16 17 13
1 14 7
1 9 15 1
1 2 14
1 8 12 9 18
1 1 8
1 19 10
1 11 2 25
1 15 7
1 3 14
1 10 2
1 17 12
0 21 9
0 22 13
0 23 28 26
0 24 22
0 25 23 19
0 26 21
0 27 10
0 28 6
0 29 2
0 30 21
0 31 1
0 32 22
0 33 28
1 17 7
1 15 7
1 8 9 5 15
1 5 6
1 6 8
1 4 6
1 9 1
1 10 1
1 0 2
1 2 6
1 14 3
1 11 0
1 12 3
1 16 7
1 3 6
1 1 4
1 13 3
1 7 9
0 18 7
0 19 14
0 20 9
0 21 7
0 22 9
0 23 0 12
0 24 10
0 25 9
0 26 13
0 27 8
0 28 11
1 7 0
1 5 8 5 17
1 0 7 15
1 8 4 9
1 1 10 1
1 6 0 3 11 13 14 18 23
1 2 7
1 9 8 16
1 3 7
1 4 2 6 12
0 10 25 19
0 11 21
0 12 20
0 13 15
0 14 9 22
0 15 21 24
1 10 6 2
1 9 7
1 13 0
1 12 6
1 6 1
1 7 1
1 2 8 3
1 5 1 14
1 11 6
1 15 0
1 0 8
1 8 5
1 1 4
1 14 0
1 4 1
1 3 1
0 16 8
0 17 13
0 18 10
0 19 0
0 20 8 9
0 21 13
0 22 12
0 23 0 11
0 24 0
0 25 7
1 8 4 12
1 2 0 11 13
1 5 6
1 4 6
1 1 5 7
1 3 0 3
1 7 8 2
1 6 8
1 0 1
0 9 0
0 10 6
0 11 3
0 12 9 10
0 13 0 14
0 14 5
1 2 4 8
1 1 4 9
1 7 3 7
1 5 1
1 8 3
1 3 4 6
1 4 5 0 2
1 0 5 11
1 6 3
0 9 5
0 10 4
0 11 4
0 12 4
0 13 10
0 14 4
1 6 18 0 2 3 20 27
1 4 17 21
1 3 13 5 11 16 31
1 5 8 6 10 12 19 22 23
1 1 9 4
1 0 15 28
1 2 15 1 7 14
0 7 12 26 29
0 8 11
0 9 3
0 10 25 24 30
0 11 12
1 19 0
1 16 4
1 9 8 13
1 4 7
1 3 7
1 1 6
1 12 5
1 8 8
1 10 8
1 6 5 10 17
1 15 3
1 17 4
1 13 5
1 18 4
1 5 1
1 0 2 16
1 2 6
1 11 5
1 14 1 9
1 7 1
0 20 12
0 21 14
0 22 7
0 23 2
0 24 15
0 25 0
0 26 14
0 27 0
0 28 0 11
0 29 1
0 30 4
0 31 6
1 10 2 15
1 4 12 4
1 0 5 9
1 7 11 10
1 8 11
1 6 0 14
1 1 5 3
1 3 8 6
1 5 1 7 16 17 19
1 9 11
1 2 1
0 11 9
0 12 6
0 13 4
0 14 4 13
0 15 3 20
0 16 18
0 17 0
1 9 0 7 9
1 5 3 5 17
1 12 15
1 1 11
1 3 6 4 21 22 23
1 2 10 8 28
1 6 0 1 19
1 7 3 14 30
1 4 11 13
1 0 6 16 18
1 10 0 26
1 11 12
1 8 12 2
0 13 14
0 14 12 25
0 15 31
0 16 24
0 17 1
0 18 29 20
0 19 8 27
0 20 29
1 16 12 19
1 7 16
1 15 5 7
1 14 5 15
1 10 8
1 5 23 33 42
1 2 25 0
1 19 20
1 3 13 3 10 36
1 13 13
1 6 8 28
1 4 16 2 31
1 17 20 27 38 46
1 9 21 11 22 32
1 11 8 30
1 18 6 17 26 37
1 0 18 9 14 35
1 8 1
1 1 24 45
1 12 4 34
0 20 44 43
0 21 44
0 22 27
0 23 39
0 24 9 41
0 25 26
0 26 6
0 27 28 40
0 28 39
0 29 13 29
0 30 6
0 31 3
1 7
1 12
1 9
1 4
1 17
1 20
1 25
1 21
1 16
1 0
1 5
1 13
1 23
1 18
1 1
1 19
1 11
1 26
1 2
1 24
1 28
1 14
1 15
1 10
1 3
1 8
1 27
1 22
1 6
0 29
0 30
0 31
0 32
0 33
0 34
0 35
0 36
0 37
0 38
0 39
0 40
0 41
0 42
0 43
0 44
0 45
0 46

