6
14 27 29 16 29 21 
1 1 20 15 3 6 17 5 19 1 12 11
1 8 16 10 13 5 0 4 3 15 8 26 22
1 5 18 1 2 15 14 5 19 0 8 10 4
1 0 9 5 18 4 14 6 15 17 19 23 10
1 6 13 8 2 6 10 11 16 14 4 0 21 20
1 10 11 13 10 3 4 5 1 6
1 9 4 0 3 7 14 15 13 12 1 6 24 11
1 3 6 12 9 21 13 4 19 17
1 2 14 18 4 5 3 9 12 24 2
1 7 21 19 4 18 7 1 3 20 17 5 26 2 9
1 4 4 17 20 16 1 12 9 19 11
0 11 9
0 12 25 13 4
0 13 23 22
1 13 10 24 3
1 15 19 16 0 3 5 6 11 2 24
1 10 16 14 12 17 3 7 8 4 11
1 21 2 12 8 14 22
1 19 16 0 2 19 8 5 14 22
1 1 7 5 21
1 3 11 17 2 16 18 4 6 7
1 20 8 22 9
1 2 7 10 18 5 9
1 4 6 17 21 4 14 28
1 18 18 3 0 19 22
1 7 4 1 10 18 11
1 0 21 13 20 18
1 17 19 8 6
1 9 19 6 5 17 14
1 11 18 9 15 19 14
1 16 22 23 7 2 20 8 1
1 5 19 8 23 12 5
1 6 21 23 4 22 10
1 8 4 17 13 22 5 25
1 12 9 0 15 16 21 27
1 14 15 5 14 10 18 21 8 2 20
0 22 23
0 23 10
0 24 26 0
0 25 14 20 9
0 26 13 10 0
1 17 8 7 11 1 2 10 6 15
1 16 7 9 4 15
1 19 11 8 6 0 2
1 21 6 7 2 1
1 11 7 5 2 12 3
1 14 3 12 2 8 6 5 7
1 12 12 0 10 7 2 6 14
1 2 10 9 1 3 12 14 7
1 20 6 11 1 8
1 8 1 0 3 9 12
1 13 4 2 11 7 0 5 12 15 3
1 0 10 1 5 9 2
1 7 4 10 11 9 12
1 3 5 12 8 6
1 18 6 8 3 2 9
1 22 11 6 0
1 15 7 5 9 11
1 5 12 0 9 11 10 2 5
1 4 7 12 10 1
1 10 4 11 2 5 12 6 10 15
1 9 8 2 1 0 12
1 1 1 2 5
1 23 6 3
1 6 12 5 3 8
0 24 5 10
0 25 4
0 26 12 14
0 27 13 15
0 28 8
1 7 20 3 8 22 14 17 19 6 12 23 5 28 1
1 4 17 22 20 23 11 16 19 4 0 7 26
1 5 7 21 3 20 9 17 6
1 9 15 14 0 17 22 3 8 24
1 6 4 11 18 23 13 22 16 20 14 26
1 1 10 2 13 5 1 17 12 16 21 26
1 12 17 14 15 19 4 18 8 13
1 10 5 0 6 11 14 9 15 17 19 10 7 2 1
1 8 17 19 18 13 0 3 22 4 1
1 3 13 1 17 21 6 12 20 0 25 27 18
1 0 12 5 20 16 21 0 1 23
1 11 12 9 15 2 4 11 22 14
1 2 10 16 0 8 11 4 23 20 21
0 13 9 21
0 14 17 14 2
0 15 16 18
1 7 11 2 7 8 3 10
1 5 14 2 4 1 10
1 13 11 0 3 7 4 13
1 14 5 7 14 9 3 1 0
1 18 13 0 7 4 19
1 3 2 13 1 5 7 16 20 10
1 21 3 15 14 5 6 8 0
1 15 14 11 8 2 6
1 12 14 7 16
1 17 6 1 8 5 14
1 4 9 11 10 3
1 16 9 12 14 15 3 1 6 19 20
1 9 2 5 16 6 15 14 18
1 10 14 3 13 4 9 8
1 23 15 14
1 22 0 4 5 14 12 17
1 1 16 4 15 13
1 11 15 5 8 2
1 20 7 8
1 19 7 0
1 6 5 13 2 4 1 8
1 2 16 13 7 4 1 9 0 14
1 8 3 9
1 0 10 16 8 17 4
0 24 15
0 25 5
0 26 1 19
0 27 1
0 28 14
1 15
1 3
1 2
1 8
1 4
1 9
1 13
1 11
1 12
1 6
1 1
1 7
1 16
1 5
1 14
1 10
1 0
0 17
0 18
0 19
0 20

