20
10 15 16 11 16 29 33 20 16 12 8 27 9 9 8 29 26 27 29 21 
1 6 1 5 6 11 10 3 9 2
1 1 8 11 9 10 6 3 5 1 0 7 13
1 5 7 3 4 11 2 9 10 0 1 5 6
1 0 9 6 11 10 1 0 3 4 8 2 5
1 2 4 0 2 10 11 8 5 6 3 9 7
1 3 7 11 0 8 9 5 10 1 2 3
1 4 3 9 5 1 7 10 8 6 11 2 12
1 7 9 10 5 4 2 1 6 0 8 11
0 8 13 14 7 2
0 9 2 12 14 8
1 6 10 7 2 8 1 11 4 5 15
1 9 8 11 6 9 7 2 12 1 5
1 5 0 9 6 12 2 5 3 10
1 2 3 2 1 10 7 9 11 8
1 4 12 10 3 6 2 5 0 8
1 11 3 5 4 7 6 12 15
1 8 11 7 9 3 5 2 6 10
1 10 2 9 8 11 3 7 0 4 6 12 5
1 0 6 9 5 1 10 2 14 12 13
1 7 11 3 4 9 0 8 6 1 13
1 3 4 5 8 9 12 1 10 14
1 1 12 1 0 10 2 4
0 12 7 2
0 13 1 4
0 14 4 12
1 6 7 3 2 6 8 0 5 4
1 3 7 8 6 5 0 4 2
1 0 2 8 4 7 5
1 5 0 7 4 3 6 1 5
1 7 1 7 0 2 3 6 5 10
1 8 8 0 4 2 7 6
1 10 7 6 2 1 0 4 3 8
1 12 4 3 1 7 6 0 8 2
1 4 4 5 7 2 1 8 3 0
1 2 7 2 1 9
1 1 4 8 7 5 9
1 11 0 6 5 1 3 8
1 9 2 4 8 6 0 7 10
0 13 1 5 4 10
0 14 6 1 10
0 15 6 3 10
1 7 7 3 9 6 8 12 2 11 0 5
1 3 1 8 9 6 5 3 11 7 4 15
1 2 3 0 5 11 1 8 6 13 7 2
1 8 12 5 7 8 10 0 11 1 6 3 2
1 1 10 0 6 9 4 1 12 13 15
1 0 11 0 4 9 12 2 5 1
1 4 10 6 8 9 0 12 3 1
1 5 7 3 6 5 10 9 8 12 0 2 1
1 6 9 2 11 4 3 7 0 5 12 10
0 9 5 11 1 14
0 10 6 14
1 7 0 23 8 16 13 20
1 0 15 19 12 22 27
1 1 0 3 5 6 13 22 19 12 2 4
1 12 16 17 5 7 9
1 2 4 21 11
1 10 11 19 1 23 28
1 3 14 12 22 1 18 6 24
1 11 9 2 18 19
1 4 20 6 1 3 2 16 26 19
1 6 21 18 23 19 0 9 7
1 8 10 5 24 18
1 5 0 8 3 1
1 9 7 1 23 5 10 25
0 13 21 4
0 14 15
0 15 17
1 6 19 26 3 31
1 23 0 17 22 12 6 28 11
1 4 24 6 18 5 29
1 8 17 14 10 18
1 19 9 23 7 17
1 21 25 6 22 23 11
1 1 4 15 13 19 26
1 15 16 26 5 9 32 25
1 11 0 2 10 8 3 25 21 20 7 19
1 16 25 8 23 15
1 7 1 18 16 5 9 15
1 9 11 5 10 0
1 13 19 22
1 17 9 5
1 12 22 13 3 2 4 5 19 30
1 2 4 17 14 10 18
1 20 3 21 26
1 10 7 17
1 18 5 13 8
1 22 8 21 11 27 5
1 14 21 12 20 0
1 3 21 4
1 0 26 20 1 10
1 5 25 24 4 21 6 26 5
0 24 32
0 25 9
0 26 2
0 27 32 12
0 28 8
1 15 12 11 14
1 4 10 13 0 7 11
1 13 15
1 22 12 1 15 9 11
1 2 2 6 8 14
1 14 13 1
1 23 8 10
1 12 5 8 9 13 11 1
1 25 5 1 17 4
1 18 8 3 1 15
1 6 15 7
1 16 12 9 6 14 10 2
1 20 5
1 11 4 11 14 7 9 2
1 9 8 0
1 8 8
1 17 5 0 13 4 1 16
1 26 4 12 19
1 5 8 13 0 2 7
1 1 6 14 15
1 3 14 5 11 8
1 19 3 1 0 10 11
1 24 3 18
1 21 7 3 4
1 0 6
1 7 5 14
1 10 11 4 15 8
0 27 15
0 28 9
0 29 4
0 30 17
0 31 10
0 32 9
1 4 2 10 4 12 6 9 5 0
1 14 11 2 6 7
1 8 2 9 4 8 7 5 10 3 0 1
1 11 9 7 6 4
1 12 6 11 2 9
1 9 5 0 3 2 6 1
1 0 8 0 10 3
1 5 9 12 5 8 10
1 6 12 6 8
1 10 12 7 10 9
1 13 1 7 3
1 1 8 3 0 6 13 2
1 15 2 11 1 7
1 2 4 9 0 12 10 6 3
1 3 8 3 7 12 10 9 4
1 7 1 0 8 3 5
0 16 12 2
0 17 14
0 18 4 15
0 19 4 9 8
1 0 7 6 9 0 3 4
1 10 8 5 9 1 4 2 3
1 4 2 9 6 4 0 3 5 7
1 2 6 9 5 7 2 11
1 7 6 2 8 0 5 10
1 11 4 3 1 0 5
1 8 7 0 9 2 1 5
1 9 4 8
1 5 6 4 9 2 0 3 5
1 1 2 7 3 4 9
1 6 4 1 5 7 9
1 12 1 0 5 2 4
1 3 2 9 8 10
0 13 1
0 14 0 11 3
0 15 1 0 3 6
1 9 2 4 1 5 3
1 8 2 4 0 5 1 3 7
1 5 3 4 2 0 5 1 6
1 0 5 0 4 2 3
1 7 1 0 2 4 3 5 7
1 6 3 0 2 1 4 5
1 2 1 2 4 3 0 5 6
1 1 1 3 0 2 5 4 7
1 4 5 2 4 0 1 3
1 3 1 5 0 4 3 2
0 10 3 7 1
0 11 6 5 1
1 1 18 0 1 2 11 21 9 6 10 4 19 7 17
1 3 19 10 17 20 4 0 12 18 16 8 6 11 21 1 14 9
1 0 5 8 13 6 20 18 2 10 0 11 17 21 7 25
1 5 4 6 7 1 5 15 3 19 12 18
1 2 9 3 7 12 14 15 21 5 13 6 2 19 1 22 23 18 16
1 4 16 11 19 18 7 2 15 17 3 14
0 6 6 26 17
0 7 3 24 4
1 2 2 0 1
1 21 4 6
1 0 1 0 5 2 3
1 20 3 6
1 19 6 3 4 2
1 5 1 6 5 2
1 6 3 2 6 5 1 0
1 16 0 3 6 1 5
1 13 0 3 6 2 5
1 4 5 3 2
1 7 5 4 3 1
1 9 4 2
1 12 4 1 0
1 1 5 0 3 2
1 15 4 1 3 5
1 17 4 2 6 0 8
1 18 1 3 0 6 5
1 11 2 6 3 1 8
1 3 2 4 5
1 10 2 0 6 5 3 4
1 14 6 2
1 8 5 1 3 6
0 22 5
0 23 2
0 24 7
0 25 8 3
0 26 6
1 3 6 4 2 3 0 1 5
1 2 1 3 0 2 4 5 6 8 7
1 1 0 2 1 3 6 4 5
1 4 5 6 0 3 2 4 1
1 5 3 2 4 5 6 1 0 8 7
1 0 0 4 1 2 3 5 6
1 6 2 1 0 3 6 4 5 7
0 7 7 5 1
0 8 4
1 0 5 2 4 3 1 0
1 1 3 0 2 1 4 5
1 2 3 4 1 5 0 2
1 3 1 4 0 5 2 3
1 4 2 4 3 0 5 1
1 5 3 5 0 1 2 4 6 7
1 6 3 0 1 2 5 4
0 7 1 6
0 8 2 1 7 0
1 0 23 17 19 16 3 9 21 8 2 5 14 11
1 3 8 0 10 15 22 11 3 2 9 4 23 17 24 26 28
1 5 4 3 12 13 18 8 7 10
1 1 2 6 7 21 14 12 1 23 4 13
1 4 5 16 20 2 13 23 7 17 10 15
1 2 9 1 11 14 21 23 13 15 3 12 18 2 22 17 16 4 10 8
0 6 7 27 11 14 10
0 7 25
1 4 14 10
1 18 16 4
1 2 7 19 2 10 17 12 0
1 9 11 7 22 20
1 10 5 1 9 19 15
1 14 11 20 15
1 13 13 19 1 12
1 11 12 1 23
1 22 12 24
1 12 6 18 7 19 9
1 16 7 15 0 8 13
1 15 9 15 11 21
1 7 18 14
1 20 13 1 9 7
1 1 5 17
1 8 14 3 18
1 0 10 2 5
1 19 12 18 4 6 5
1 21 4 6 5
1 5 3 15 1 16 4 8 2
1 23 20 13 3 8
1 6 8 6 19
1 3 4 17 2 11 18 14 25
1 17 9 0 2 13 4 8
0 24 7
0 25 24
0 26 1
0 27 10
0 28 20
1 10 4 15 16 17 3
1 4 0 12
1 1 6 1 19 3
1 9 12 16 11 21 17
1 20 4 9
1 11 18 9 19 14 7 16
1 14 7 12 13 21
1 13 5 9 8 3
1 8 20 8 7 16 12 24
1 18 4 2 12 5 18 25
1 2 10 0 19 15 6
1 7 13 14 17 9 3
1 16 5 1
1 19 13
1 15 5 6 0 19 4 18
1 12 12 2 10
1 6 4 20 3 9 14
1 0 20 11 15 6 13 10
1 3 6 24
1 5 8 21 14 19 20 3 1
1 17 7 3 1 4 5 8
0 21 3
0 22 11
0 23 15 23
0 24 20 26
0 25 11 22
1 9 12 23 21 27
1 8 14 17
1 18 7 20 13 23 9
1 3 21 11 2 5 6 13
1 21 3 19
1 19 6 18 11 15 12 19
1 7 10 14 8 11
1 16 2 16 3
1 14 9 10 14 1 2
1 15 23 11 3 20
1 4 8 15 5 21 14 28
1 1 21 17 18 26
1 6 8 22 4 6 20 2
1 17 23 1 4 16
1 0 0
1 5 13 10 21 8 3
1 13 8 20 19
1 11 5 16 17
1 12 10 3 17 5 14 16
1 10 2 0 13 1
1 2 9 8 18 11 21 0
1 20 20
0 22 13
0 23 24 23
0 24 11 1
0 25 27
0 26 25 3
1 2 11 5 20
1 22 7 2 13 8
1 5 5 11 3 14 20
1 14 13 3 1 11
1 3 16 8 0 19
1 7 0 12
1 18 12 2 7 1
1 23 10 1 13 12
1 1 3 15 5
1 6 15 0 12 1
1 10 11 1 4 3 13 5 7
1 15 12 7 3 2 17
1 21 7 15 2 6
1 13 7 3 17
1 11 8 11 0
1 17 6 14 0
1 20 10 9 0 6 8 1
1 8 7 15 12
1 4 15 3 1 5 14
1 19 10 15 6
1 16 13 10 4
1 0 12
1 12 6 4
1 9 7 0 11 14 15 5
0 24 1
0 25 4 18
0 26 3 5
0 27 8 14
0 28 11
1 6
1 10
1 15
1 4
1 3
1 1
1 13
1 12
1 8
1 16
1 14
1 7
1 2
1 11
1 9
1 5
1 0
0 17
0 18
0 19
0 20

