0,1,229,207,0:00:02.590604
1,1,331,310,0:00:03.289096
2,1,331,314,0:00:04.622492
3,1,385,360,0:00:05.084351
4,1,45,33,0:00:01.125973
5,1,476,415,0:00:04.084585
6,1,416,363,0:00:06.096288
7,1,109,104,0:00:01.708270
8,1,168,143,0:00:02.573509
9,1,181,163,0:00:03.648994
10,1,376,289,0:00:20.070670
11,1,545,373,0:00:25.136159
12,1,493,371,0:00:53.435358
13,1,598,463,0:00:33.592433
14,1,108,76,0:00:06.317968
15,1,953,740,0:00:57.932761
16,1,763,585,0:00:46.983113
17,1,210,144,0:00:10.307019
18,1,325,242,0:00:19.262048
19,1,309,242,0:00:29.755906
20,1,1276,1145,0:00:07.240564
21,1,998,980,0:00:09.001280
22,1,1113,1088,0:00:05.997444
23,1,2400,2194,0:00:10.920160
24,1,71,62,0:00:02.216703
25,1,3220,3136,0:00:14.124567
26,1,3263,3198,0:00:12.298012
27,1,375,351,0:00:05.522837
28,1,167,143,0:00:05.015306
29,1,490,469,0:00:03.523967
30,1,2155,1806,0:00:55.019699
31,1,1973,1788,0:01:00.790326
32,1,1815,1547,0:02:38.859819
33,1,3789,3427,0:01:39.014414
34,1,67,55,0:00:06.498099
35,1,5313,4837,0:03:35.653528
36,1,6106,5535,0:03:54.553953
37,1,777,663,0:00:20.712550
38,1,339,242,0:00:24.964780
39,1,840,706,0:00:33.042567
40,1,3412,3386,0:00:11.287774
41,1,3817,3630,0:00:10.283627
42,1,3843,3781,0:00:11.579592
43,1,6914,6708,0:00:21.945589
44,1,218,210,0:00:02.224322
45,1,8964,8711,0:00:37.026365
46,1,10464,9918,0:00:38.686435
47,1,1392,1364,0:00:04.023826
48,1,364,340,0:00:05.007696
49,1,1487,1377,0:00:08.854864
50,1,5683,5396,0:02:38.819113
51,1,5989,5468,0:03:20.162875
52,1,6795,6146,0:02:16.517976
53,1,11418,10621,0:04:29.128520
54,1,352,285,0:00:10.565753
55,1,14082,12856,0:04:29.744973
56,1,17526,16662,0:05:26.451263
57,1,2083,1930,0:00:37.331850
58,1,783,639,0:00:39.622134
59,1,2665,2392,0:00:52.510130
60,1,1132,1072,0:00:27.200940
61,1,1432,1310,0:00:34.480871
62,1,2175,1938,0:00:47.723524
63,1,1293,1157,0:00:27.199990
64,1,495,474,0:00:11.303899
65,1,1356,1268,0:00:26.126581
66,1,1600,1515,0:00:33.313558
67,1,688,555,0:00:13.642579
68,1,913,836,0:00:19.943711
69,1,1343,1213,0:00:27.941102
70,1,1845,1434,0:03:47.068343
71,1,2081,1738,0:05:55.972818
72,1,3252,2753,0:07:08.145889
73,1,2181,1782,0:03:21.517258
74,1,876,650,0:01:39.388476
75,1,2238,1712,0:06:28.165234
76,1,2440,1999,0:06:14.672939
77,1,1045,805,0:02:03.649562
78,1,1591,1293,0:05:47.772229
79,1,2464,2014,0:07:01.886406
80,1,5102,4822,0:01:00.470338
81,1,6252,5965,0:01:04.620383
82,1,12826,12339,0:01:42.495910
83,1,6312,6150,0:01:08.827403
84,1,1271,1158,0:00:20.118699
85,1,6197,5939,0:01:25.236660
86,1,7149,6794,0:01:27.059804
87,1,2038,1891,0:00:30.722604
88,1,1371,1261,0:00:32.134698
89,1,6055,5785,0:01:20.538542
90,1,8670,7797,0:09:15.546551
91,1,10255,9545,0:10:12.776660
92,1,21623,20166,0:14:46.824551
93,1,11744,10514,0:09:47.666976
94,1,1804,1634,0:02:15.500722
95,1,10660,9829,0:11:53.860203
96,1,12303,11116,0:15:10.479308
97,1,3439,2954,0:03:13.092556
98,1,2449,2046,0:03:13.671893
99,1,10167,9194,0:19:55.265562
100,1,15266,14807,0:01:42.051804
101,1,18845,18154,0:02:03.511392
102,1,38285,37239,0:02:54.784483
103,1,20430,19574,0:02:20.789976
104,1,3365,3199,0:00:26.974171
105,1,18275,18012,0:02:31.562617
106,1,20482,19992,0:02:31.008773
107,1,6185,5979,0:00:46.795827
108,1,4224,3852,0:00:33.835125
109,1,17954,17507,0:01:34.669450
110,1,25189,23846,0:19:48.927908
111,1,30197,28272,0:16:03.800091
112,1,62163,59840,1:17:35.226925
113,1,33321,30647,0:27:35.284493
114,1,6046,5357,0:02:40.699108
115,1,30120,28323,0:16:05.712819
116,1,34702,33165,0:17:21.435674
117,1,10756,9559,0:03:38.360493
118,1,6548,6059,0:04:31.643789
119,1,30396,28529,0:16:28.806742
120,1,3133,2851,0:01:39.370639
121,1,4009,3701,0:01:45.997649
122,1,3570,3274,0:01:19.804295
123,1,2970,2797,0:01:22.552719
124,1,1847,1725,0:01:09.595681
125,1,2914,2690,0:01:21.582405
126,1,3191,2800,0:02:02.780075
127,1,1727,1593,0:00:37.280691
128,1,2249,2073,0:02:19.260711
129,1,3229,2949,0:00:52.067727
130,1,5139,4329,0:19:53.533566
131,1,6483,5664,0:28:31.348855
132,1,5792,4818,0:11:50.169635
133,1,4698,3760,0:16:34.641062
134,1,3256,2699,0:07:44.834781
135,1,4971,4083,0:09:56.630852
136,1,5230,4202,0:16:59.070293
137,1,2939,2408,0:05:51.147442
138,1,4058,3272,0:11:57.471234
139,1,4873,4088,0:22:32.138095
140,1,17528,16880,0:03:10.896737
141,1,23896,22789,0:08:46.358974
142,1,13792,12969,0:03:03.192218
143,1,10199,9663,0:02:12.644470
144,1,4784,4502,0:02:02.853109
145,1,13037,12593,0:04:31.177384
146,1,14958,14363,0:03:48.484892
147,1,4242,4086,0:01:24.463623
148,1,5603,5228,0:02:36.086323
149,1,14127,13374,0:05:56.716563
150,1,29272,26784,0:43:44.765554
151,1,39423,36264,0:49:01.511103
152,1,21880,20117,0:30:16.674515
153,1,16538,15271,0:40:27.490407
154,1,8183,7225,0:12:15.685464
155,1,21787,20030,0:42:34.743095
156,1,23923,21898,0:59:07.414754
157,1,7267,6551,0:16:16.034930
158,1,8855,7531,0:23:14.426536
159,1,23373,21499,0:31:30.994631
160,1,50957,49968,0:06:36.771153
161,1,72456,71727,0:07:16.796814
162,1,38231,37225,0:06:48.745381
163,1,30309,29582,0:04:06.296619
164,1,14991,14114,0:02:48.686554
165,1,37742,36850,0:06:58.598287
166,1,43001,42106,0:07:39.128622
167,1,13636,12981,0:01:55.881765
168,1,16057,15218,0:02:55.088986
169,1,43033,41822,0:06:20.413369
170,1,86867,83224,2:04:29.236428
171,1,122237,116539,1:36:30.729057
172,1,65040,60824,1:01:58.267238
173,1,51416,47919,1:33:03.461404
174,1,26009,23931,0:51:10.662713
175,1,66506,62546,0:51:55.387622
176,1,73822,69717,0:54:00.436949
177,1,22629,21201,0:25:08.283874
178,1,26158,24072,0:39:28.303732
179,1,74065,69791,1:15:16.755713
180,1,6057,5573,0:07:53.265414
181,1,5429,5031,0:03:04.340054
182,1,4823,4373,0:03:07.993533
183,1,4944,4481,0:03:39.091547
184,1,3359,3098,0:02:32.106583
185,1,4672,4358,0:02:06.668946
186,1,5457,4869,0:02:45.260743
187,1,4442,3964,0:02:08.352575
188,1,4243,3894,0:01:57.616291
189,1,4557,4126,0:02:23.369112
190,1,10674,8950,0:37:26.448555
191,1,9697,8315,0:32:01.988687
192,1,8104,6529,0:20:05.364115
193,1,8344,7038,0:47:49.497294
194,1,6002,4708,0:24:20.087395
195,1,8115,6717,0:22:49.711795
196,1,8885,7702,0:32:38.491370
197,1,7377,6205,0:30:57.044767
198,1,7016,5880,0:33:01.339670
199,1,7191,5855,0:20:11.401151
200,1,36710,35260,0:08:25.524887
201,1,28427,27116,0:06:44.191837
202,1,16139,15440,0:08:52.388717
203,1,21392,20325,0:07:06.507018
204,1,11446,10662,0:03:00.195465
205,1,19072,18119,0:07:28.062788
206,1,19419,18575,0:05:39.756902
207,1,16380,15648,0:04:27.253583
208,1,13209,12217,0:05:30.472114
209,1,16864,15926,0:03:21.727543
210,1,62051,58084,0:59:24.663905
211,1,46293,42392,0:55:24.780334
212,1,26881,24408,0:56:12.558952
213,1,36176,32980,0:58:40.589587
214,1,18452,16533,1:02:51.836400
215,1,31321,28459,1:33:21.152766
216,1,32416,29574,1:13:50.783236
217,1,26007,23636,2:08:45.403793
218,1,21737,19353,0:39:41.735980
219,1,27001,24206,1:18:12.184626
220,1,111937,109731,0:30:58.396444
221,1,83791,81114,0:19:49.186871
222,1,47988,46071,0:10:05.858676
223,1,61430,60042,0:16:11.281755
224,1,32244,31219,0:06:29.980521
225,1,55708,53911,0:11:54.704043
226,1,59681,58227,0:09:37.755722
227,1,48408,46968,0:12:33.806030
228,1,37873,36355,0:07:18.551793
229,1,50402,47908,0:06:48.320384
230,1,189525,179980,5:18:05.862468
231,1,140553,132422,3:01:09.488999
232,1,80028,74652,3:54:17.957051
233,1,106351,100006,3:14:01.870339
234,1,54301,50959,0:42:49.325359
235,1,93338,87843,1:24:24.459117
236,1,101588,95029,1:36:06.721716
237,1,81919,76894,0:53:09.216279
238,1,62388,57881,0:53:06.031128
239,1,82799,78239,1:09:15.425945
0,2,235,201,0:00:05.001015
1,2,318,282,0:00:07.434020
2,2,341,310,0:00:05.710341
3,2,399,356,0:00:06.927674
4,2,31,30,0:00:01.262389
5,2,406,375,0:00:05.474718
6,2,451,327,0:00:09.667011
7,2,113,98,0:00:03.701737
8,2,-1,-1,-1
9,2,196,144,0:00:02.812798
10,2,378,248,0:00:19.061196
11,2,479,337,0:00:46.416284
12,2,538,359,0:00:50.849004
13,2,546,432,0:00:27.614572
14,2,83,56,0:00:04.456678
15,2,855,671,0:00:47.067787
16,2,699,523,0:00:52.480518
17,2,177,127,0:00:10.180879
18,2,351,220,0:00:26.596413
19,2,314,218,0:00:26.267247
20,2,1243,1143,0:00:10.383884
21,2,1116,972,0:00:19.677468
22,2,1154,1086,0:00:10.829717
23,2,2299,2112,0:00:13.230639
24,2,57,57,0:00:01.839371
25,2,3251,3058,0:00:12.365911
26,2,3396,3132,0:00:11.871885
27,2,372,351,0:00:04.951767
28,2,-1,-1,-1
29,2,474,433,0:00:06.065721
30,2,2054,1725,0:01:13.763190
31,2,1986,1678,0:01:23.463599
32,2,1768,1531,0:01:48.395382
33,2,3654,3248,0:01:57.227929
34,2,69,51,0:00:06.001770
35,2,5267,4688,0:02:57.061663
36,2,5976,5306,0:02:39.116712
37,2,741,617,0:00:14.175393
38,2,297,220,0:00:22.529278
39,2,800,657,0:00:31.601355
40,2,3461,3380,0:00:16.160921
41,2,3714,3570,0:00:10.664527
42,2,3883,3678,0:00:12.149324
43,2,7115,6564,0:00:18.442414
44,2,225,210,0:00:01.793235
45,2,9010,8527,0:00:42.972425
46,2,10292,9849,0:01:19.671694
47,2,1497,1364,0:00:07.897382
48,2,-1,-1,-1
49,2,1528,1367,0:00:09.202332
50,2,5801,5324,0:01:45.777794
51,2,6133,5324,0:02:54.491155
52,2,7020,5877,0:01:59.730111
53,2,11234,10356,0:08:07.450175
54,2,329,274,0:00:19.332235
55,2,13609,12830,0:04:16.086191
56,2,18554,16278,0:04:55.199648
57,2,2120,1929,0:00:44.235979
58,2,711,601,0:00:25.164266
59,2,2468,2283,0:00:57.628695
60,2,1103,1030,0:01:15.747559
61,2,1421,1251,0:00:39.299428
62,2,1972,1805,0:00:46.190144
63,2,1373,1098,0:00:26.867231
64,2,526,458,0:00:09.920248
65,2,1327,1207,0:00:29.074962
66,2,1536,1462,0:00:34.083084
67,2,645,525,0:00:14.897059
68,2,-1,-1,-1
69,2,1360,1183,0:00:32.714588
70,2,1792,1342,0:05:08.656104
71,2,2173,1689,0:07:29.441966
72,2,3202,2660,0:08:46.325565
73,2,2318,1664,0:05:08.885848
74,2,945,614,0:01:51.728009
75,2,2130,1623,0:03:39.737692
76,2,2468,1926,0:07:40.034311
77,2,1026,757,0:01:41.211350
78,2,1654,1266,0:02:16.638197
79,2,2439,1922,0:06:04.340249
80,2,5174,4643,0:01:15.272118
81,2,6164,5836,0:02:14.369944
82,2,13120,11996,0:01:40.078525
83,2,6553,6032,0:00:47.859082
84,2,1341,1150,0:00:24.999166
85,2,6393,5839,0:01:38.006638
86,2,7034,6665,0:01:57.352682
87,2,2006,1847,0:00:29.142716
88,2,-1,-1,-1
89,2,5914,5674,0:01:06.961007
90,2,8743,7595,0:07:05.012035
91,2,10323,9344,0:09:47.850213
92,2,21712,19660,0:37:09.669556
93,2,11611,10120,0:06:22.815805
94,2,1963,1579,0:01:56.908103
95,2,10510,9512,0:13:08.131355
96,2,12469,10934,0:14:48.176789
97,2,3433,2876,0:01:50.208907
98,2,2520,1958,0:03:13.896466
99,2,10321,9051,0:07:25.286187
100,2,15324,14627,0:01:32.211380
101,2,18628,17929,0:02:13.012328
102,2,38192,36654,0:02:38.733176
103,2,20433,19322,0:02:09.633553
104,2,3384,3146,0:00:57.035421
105,2,18460,17872,0:03:10.979191
106,2,20407,19673,0:02:14.824321
107,2,6177,5936,0:00:39.918691
108,2,-1,-1,-1
109,2,18204,17270,0:03:10.231238
110,2,25788,23445,0:17:40.801324
111,2,31578,28107,0:23:33.151950
112,2,62909,59615,0:48:41.489264
113,2,32638,30354,0:13:43.981641
114,2,5859,5230,0:04:50.905790
115,2,30617,28104,0:32:58.456636
116,2,34898,32921,0:15:06.560281
117,2,10704,9480,0:07:02.396388
118,2,6782,5865,0:03:44.524173
119,2,31086,28019,0:20:09.433324
120,2,3158,2778,0:03:12.693425
121,2,3901,3442,0:02:33.749658
122,2,-1,-1,-1
123,2,-1,-1,-1
124,2,1985,1642,0:01:37.002528
125,2,-1,-1,-1
126,2,3177,2721,0:03:02.409422
127,2,1683,1491,0:01:17.363501
128,2,-1,-1,-1
129,2,3134,2760,0:02:04.895325
130,2,5140,4190,0:21:57.274060
131,2,6546,5416,0:41:15.040827
132,2,5486,4461,0:10:54.337403
133,2,4687,3597,0:09:25.725815
134,2,3368,2601,0:07:50.644871
135,2,4970,3908,0:13:19.799023
136,2,5247,4039,0:16:01.605968
137,2,3118,2286,0:09:51.847394
138,2,4098,3113,0:08:42.940807
139,2,4773,3896,0:23:01.822848
140,2,17736,16510,0:03:39.024477
141,2,23588,22497,0:05:42.664604
142,2,-1,-1,-1
143,2,-1,-1,-1
144,2,5052,4466,0:01:23.558617
145,2,-1,-1,-1
146,2,15180,13875,0:03:05.986456
147,2,4430,4035,0:02:54.480435
148,2,-1,-1,-1
149,2,14052,13146,0:04:12.717722
150,2,29681,26236,0:31:22.410385
151,2,40145,35676,1:20:45.699690
152,2,21933,19821,1:28:39.853248
153,2,16654,15006,0:25:05.804278
154,2,8025,6997,0:18:06.185278
155,2,21952,19574,0:49:04.253075
156,2,24126,21594,0:32:15.535207
157,2,7455,6276,0:11:34.123219
158,2,8900,7446,0:18:29.949919
159,2,23780,20925,0:51:04.440163
160,2,51110,49197,0:06:21.540782
161,2,73506,70965,0:09:30.973670
162,2,-1,-1,-1
163,2,-1,-1,-1
164,2,15009,14077,0:04:11.820574
165,2,-1,-1,-1
166,2,43091,41826,0:08:32.563290
167,2,13487,12727,0:02:05.469718
168,2,-1,-1,-1
169,2,43234,41317,0:12:26.250872
170,2,89361,82100,1:43:24.885278
171,2,123178,115488,1:19:38.406071
172,2,66054,60286,1:44:45.111062
173,2,51561,47475,1:08:45.960861
174,2,26806,23472,0:18:12.891523
175,2,67195,62138,2:16:19.129636
176,2,74873,69341,1:08:10.048367
177,2,23112,21016,0:26:27.180251
178,2,27428,23906,0:24:47.835992
179,2,73583,69053,0:59:21.703675
180,2,6097,5358,0:06:27.916810
181,2,5445,4792,0:05:16.653431
182,2,-1,-1,-1
183,2,-1,-1,-1
184,2,3468,2933,0:02:20.738262
185,2,-1,-1,-1
186,2,5245,4665,0:04:31.809468
187,2,4380,3825,0:05:10.151755
188,2,-1,-1,-1
189,2,4368,3844,0:07:31.890371
190,2,10497,8540,0:49:25.136451
191,2,9496,7957,0:59:56.039154
192,2,8381,6307,0:38:23.639828
193,2,8179,6695,0:31:26.478725
194,2,5818,4491,0:44:22.316502
195,2,8103,6397,1:01:35.559472
196,2,9095,7396,0:46:11.477644
197,2,7354,5902,0:24:39.960710
198,2,7326,5685,0:23:32.330788
199,2,7149,5655,0:23:59.731787
200,2,37344,34742,0:11:28.084617
201,2,28656,26688,0:10:10.636831
202,2,-1,-1,-1
203,2,-1,-1,-1
204,2,11139,10378,0:03:16.489975
205,2,-1,-1,-1
206,2,19791,18336,0:11:18.817623
207,2,16361,15320,0:07:05.865826
208,2,-1,-1,-1
209,2,16615,15597,0:04:42.993087
210,2,62368,56879,1:16:35.650073
211,2,47148,41742,1:00:07.443403
212,2,27133,23988,1:01:46.156079
213,2,36616,32308,1:26:06.171422
214,2,18681,16060,0:24:07.836010
215,2,31729,28063,2:09:32.448156
216,2,33144,29036,1:15:35.829957
217,2,26166,23182,0:43:49.665459
218,2,22236,18934,0:34:37.684974
219,2,27489,23702,1:12:26.363163
220,2,113315,108686,0:14:52.578608
221,2,84892,79901,0:20:01.567495
222,2,-1,-1,-1
223,2,-1,-1,-1
224,2,32426,30747,0:13:46.547898
225,2,-1,-1,-1
226,2,60375,57648,0:10:51.787233
227,2,48478,46433,0:17:34.072374
228,2,-1,-1,-1
229,2,49962,47281,0:11:06.600134
230,2,192783,177532,4:17:06.479887
231,2,140431,131564,6:30:35.493913
232,2,80694,73947,2:27:39.321031
233,2,107235,98963,4:05:24.564251
234,2,55363,50571,0:59:12.813237
235,2,95258,87036,3:44:19.869430
236,2,102486,93998,4:19:40.971803
237,2,84004,75698,2:14:53.800013
238,2,62391,57396,1:33:46.538597
239,2,85029,77301,1:47:32.626208
0,3,240,197,0:00:05.957913
1,3,305,264,0:00:04.762415
2,3,343,309,0:00:12.829889
3,3,397,352,0:00:13.104723
4,3,-1,-1,-1
5,3,420,349,0:00:07.346714
6,3,383,318,0:00:07.914019
7,3,111,97,0:00:02.814188
8,3,-1,-1,-1
9,3,145,118,0:00:03.034337
10,3,322,231,0:00:22.578073
11,3,462,315,0:00:56.499872
12,3,538,343,0:00:32.034686
13,3,508,413,0:00:24.976572
14,3,65,47,0:00:04.754828
15,3,814,611,0:01:03.627759
16,3,684,474,0:00:36.508895
17,3,170,121,0:00:07.608051
18,3,279,198,0:00:16.308540
19,3,298,205,0:00:22.776789
20,3,1195,1143,0:00:10.253260
21,3,1124,962,0:00:15.806841
22,3,1140,1070,0:00:17.789158
23,3,2300,2091,0:00:20.595912
24,3,-1,-1,-1
25,3,3200,3016,0:00:12.850498
26,3,3358,3097,0:00:15.443422
27,3,420,351,0:00:04.222690
28,3,-1,-1,-1
29,3,511,404,0:00:04.206431
30,3,1969,1715,0:01:21.968454
31,3,2115,1594,0:01:09.994710
32,3,1908,1483,0:01:41.059241
33,3,3732,3198,0:02:19.607085
34,3,77,51,0:00:05.942418
35,3,5117,4576,0:03:03.148343
36,3,6149,5205,0:02:32.970389
37,3,745,602,0:00:15.106181
38,3,328,198,0:00:25.333616
39,3,727,605,0:00:46.813353
40,3,3481,3380,0:00:22.420432
41,3,3641,3526,0:00:15.597985
42,3,3767,3704,0:00:13.751811
43,3,7056,6550,0:00:48.573078
44,3,-1,-1,-1
45,3,8722,8343,0:01:00.254303
46,3,9858,9677,0:00:37.085736
47,3,1463,1340,0:00:04.241435
48,3,-1,-1,-1
49,3,1415,1367,0:00:15.996822
50,3,5881,5294,0:01:55.360224
51,3,6025,5239,0:06:39.869546
52,3,6833,5691,0:02:30.505968
53,3,12111,10293,0:06:32.399941
54,3,337,274,0:00:21.525895
55,3,13614,12811,0:04:39.635442
56,3,17786,16168,0:07:59.653612
57,3,2198,1888,0:01:01.184407
58,3,752,582,0:00:32.565552
59,3,2455,2253,0:00:40.997316
60,3,-1,-1,-1
61,3,1341,1208,0:00:47.568318
62,3,1956,1762,0:00:58.046596
63,3,-1,-1,-1
64,3,-1,-1,-1
65,3,-1,-1,-1
66,3,-1,-1,-1
67,3,630,520,0:00:36.293172
68,3,-1,-1,-1
69,3,1279,1173,0:00:33.719428
70,3,1860,1298,0:03:53.043410
71,3,2157,1658,0:04:31.451708
72,3,3292,2566,0:05:14.873300
73,3,2109,1616,0:05:01.813361
74,3,831,599,0:03:41.790460
75,3,2031,1577,0:05:56.478613
76,3,2433,1884,0:03:31.772738
77,3,999,741,0:02:03.011019
78,3,1590,1205,0:03:03.855259
79,3,2429,1874,0:03:45.105920
80,3,-1,-1,-1
81,3,6284,5795,0:01:22.937605
82,3,12777,11750,0:01:47.675667
83,3,-1,-1,-1
84,3,-1,-1,-1
85,3,-1,-1,-1
86,3,-1,-1,-1
87,3,2048,1847,0:00:44.418568
88,3,-1,-1,-1
89,3,5947,5594,0:01:28.315860
90,3,8800,7403,0:07:41.634590
91,3,10569,9179,0:10:05.621282
92,3,21558,19453,0:17:15.544567
93,3,11856,9923,0:09:50.416399
94,3,2063,1476,0:03:00.180883
95,3,10562,9385,0:08:42.466783
96,3,12584,10807,0:12:50.345879
97,3,3524,2818,0:02:25.945764
98,3,2443,1894,0:02:24.499827
99,3,10175,8898,0:23:46.849005
100,3,-1,-1,-1
101,3,19143,17889,0:02:37.227863
102,3,38655,36491,0:04:11.846819
103,3,-1,-1,-1
104,3,-1,-1,-1
105,3,-1,-1,-1
106,3,-1,-1,-1
107,3,6230,5927,0:00:58.423008
108,3,-1,-1,-1
109,3,18286,17234,0:02:53.937113
110,3,26483,23103,0:22:25.108848
111,3,32267,28010,0:42:27.458080
112,3,63345,59374,1:21:23.202302
113,3,34372,29967,0:20:52.396006
114,3,6234,5174,0:03:15.296000
115,3,31510,27869,0:25:45.179818
116,3,35706,32531,0:21:09.156922
117,3,10568,9399,0:07:34.727271
118,3,6665,5795,0:07:06.060531
119,3,30448,27699,0:24:39.437215
120,3,-1,-1,-1
121,3,3801,3308,0:02:28.762362
122,3,-1,-1,-1
123,3,-1,-1,-1
124,3,-1,-1,-1
125,3,-1,-1,-1
126,3,-1,-1,-1
127,3,-1,-1,-1
128,3,-1,-1,-1
129,3,-1,-1,-1
130,3,5117,4064,0:17:07.184951
131,3,6690,5296,0:14:23.855134
132,3,5811,4169,0:21:59.042908
133,3,4817,3539,0:12:45.170807
134,3,3314,2503,0:09:01.525149
135,3,5046,3781,0:24:56.816937
136,3,5241,3934,0:16:53.418099
137,3,2860,2219,0:05:22.114996
138,3,3991,3012,0:13:11.713365
139,3,4861,3799,0:10:13.974554
140,3,-1,-1,-1
141,3,23638,22391,0:16:51.474395
142,3,-1,-1,-1
143,3,-1,-1,-1
144,3,-1,-1,-1
145,3,-1,-1,-1
146,3,-1,-1,-1
147,3,-1,-1,-1
148,3,-1,-1,-1
149,3,-1,-1,-1
150,3,30616,25953,0:52:33.458772
151,3,39476,35304,1:35:26.525993
152,3,22260,19661,0:58:50.280304
153,3,17071,14898,0:43:28.370128
154,3,8469,6973,0:24:53.695138
155,3,22567,19379,0:31:50.766672
156,3,24286,21511,1:03:14.687468
157,3,7345,6084,0:28:02.841405
158,3,9458,7368,0:19:47.958099
159,3,23657,20628,1:11:04.871727
160,3,-1,-1,-1
161,3,74008,70729,0:12:29.672323
162,3,-1,-1,-1
163,3,-1,-1,-1
164,3,-1,-1,-1
165,3,-1,-1,-1
166,3,-1,-1,-1
167,3,-1,-1,-1
168,3,-1,-1,-1
169,3,-1,-1,-1
170,3,89790,81823,1:43:34.799944
171,3,124446,114708,4:41:44.230539
172,3,66254,59886,0:59:12.968339
173,3,52533,47021,0:36:37.883144
174,3,27306,23316,0:45:34.561577
175,3,68970,61803,0:55:08.138665
176,3,77267,68668,1:28:53.147520
177,3,23673,20684,0:34:31.873291
178,3,27279,23778,1:03:20.991980
179,3,74643,68442,0:55:21.643926
180,3,-1,-1,-1
181,3,-1,-1,-1
182,3,-1,-1,-1
183,3,-1,-1,-1
184,3,-1,-1,-1
185,3,-1,-1,-1
186,3,-1,-1,-1
187,3,-1,-1,-1
188,3,-1,-1,-1
189,3,-1,-1,-1
190,3,10449,8251,0:42:19.506854
191,3,9606,7782,0:28:07.997512
192,3,8195,6193,0:36:12.922466
193,3,8514,6516,0:24:55.200769
194,3,5684,4379,0:27:07.387975
195,3,8184,6149,0:37:26.453086
196,3,9148,7144,0:22:41.954683
197,3,7391,5684,0:20:03.604588
198,3,7189,5529,0:20:18.602090
199,3,7294,5539,0:27:43.700772
200,3,-1,-1,-1
201,3,-1,-1,-1
202,3,-1,-1,-1
203,3,-1,-1,-1
204,3,-1,-1,-1
205,3,-1,-1,-1
206,3,-1,-1,-1
207,3,-1,-1,-1
208,3,-1,-1,-1
209,3,-1,-1,-1
210,3,64320,56126,2:57:42.035968
211,3,47044,41139,1:36:05.899317
212,3,28262,23667,1:19:17.752034
213,3,37747,32018,0:46:33.026154
214,3,18725,15800,0:40:44.025272
215,3,32388,27747,0:48:18.686772
216,3,33210,28555,1:25:50.211937
217,3,26826,22936,1:26:19.646807
218,3,21757,18611,0:46:50.623729
219,3,28060,23511,1:10:11.663226
220,3,-1,-1,-1
221,3,-1,-1,-1
222,3,-1,-1,-1
223,3,-1,-1,-1
224,3,-1,-1,-1
225,3,-1,-1,-1
226,3,-1,-1,-1
227,3,-1,-1,-1
228,3,-1,-1,-1
229,3,-1,-1,-1
230,3,193470,176590,4:35:22.583664
231,3,142593,131028,5:00:51.970103
232,3,81741,73608,1:34:38.166850
233,3,107536,98126,1:37:13.348508
234,3,56561,50157,2:45:40.138917
235,3,96542,86705,1:42:30.734117
236,3,104848,93376,2:20:51.889662
237,3,84297,75158,1:44:46.540043
238,3,64474,57217,2:43:15.319328
239,3,85846,76860,1:36:58.823077
