2
102 97
1 19 1 3 7 8 11 12 13 17 19 26 29 33 36 39 43 45 46 49 51 52 55 57 59 60
1 43 6 7 8 10 12 13 19 22 23 24 25 30 32 36 40 42 43 49 51 52 53 55 56 60 61
1 16 3 4 6 8 9 12 13 15 16 23 26 27 31 32 38 41 42 44 47 48 49 51 52 54 56 57 58 59 60 73 90
1 45 6 9 11 12 13 23 24 27 30 31 32 37 38 42 44 47 49 52 55 56 57 58 68 75 84
1 6 0 5 6 7 12 13 14 15 16 22 25 29 30 33 34 35 39 41 42 44 49 51 52 55 56 57 58 60 67 92 96
1 51 1 2 3 4 6 9 12 13 15 16 19 20 23 26 27 28 29 30 32 33 34 37 42 43 45 46 49 51 52 53 54 55 56 57 59 60 61 69 73 77 85 91 93 96
1 0 0 1 2 3 6 7 9 10 15 17 19 22 25 26 28 29 32 34 39 40 41 44 46 48 49 54 55 56 57 60 76
1 50 1 3 4 9 10 13 15 24 28 30 32 37 38 45 46 47 49 52 56 57 59 93
1 63 2 3 7 13 14 15 17 21 22 23 24 25 29 30 31 36 39 42 45 46 49 51 52 55 56 57 58 62 91 96
1 55 0 3 4 5 6 7 12 13 15 16 19 23 24 29 33 36 37 39 40 46 50 52 57 59 60 64 87 93
1 61 0 2 3 5 7 9 10 12 13 14 16 19 21 23 25 29 31 32 33 39 42 48 50 51 55 57 60 94
1 13 0 3 8 9 11 13 16 17 19 20 21 24 25 29 32 36 38 39 42 43 47 48 49 52 54 56 57 58 59 60
1 47 0 2 3 6 7 9 10 12 13 14 15 16 17 18 19 20 21 22 24 25 27 31 37 38 41 42 46 47 49 52 53 54 55 56 57 60
1 48 1 2 3 4 7 8 10 12 13 14 15 16 17 24 27 29 30 32 33 34 35 36 38 39 42 44 46 47 49 52 53 55 58 91 94
1 40 3 8 9 11 12 15 18 20 21 22 23 26 28 30 32 33 37 39 41 42 43 47 48 49 51 52 54 55 56 57 58 59 60 73 75
1 1 0 2 3 5 6 9 11 12 13 14 18 19 21 22 23 27 29 32 35 36 37 40 42 43 44 45 46 48 49 52 53 56 57 59 60 69 93
1 5 0 3 4 5 6 7 11 12 13 18 19 20 21 25 27 29 30 32 33 36 37 38 39 40 43 44 46 48 51 52 53 56 57 59 67 74 92
1 11 0 2 3 9 10 12 16 22 26 27 30 31 32 33 34 35 36 39 41 42 45 48 49 50 52 53 54 55 57 58 60
1 8 0 2 3 4 6 11 12 13 14 15 17 20 24 25 27 28 29 30 32 36 43 44 47 50 51 52 54 57 58 60 89
1 44 0 1 2 7 8 9 11 13 14 19 22 24 30 31 33 38 39 40 42 44 45 46 47 48 49 50 51 54 55 56 58 59 60 64 68 71 78
1 41 0 2 3 5 6 13 16 18 20 22 24 26 32 33 34 36 39 40 42 43 44 45 46 47 48 51 52 53 54 55 56 60 67 91 95
1 57 0 1 3 5 6 7 8 9 10 12 15 17 19 21 23 24 25 26 27 28 29 33 34 38 40 41 42 44 48 49 51 52 53 55 57 60 82
1 33 0 1 2 3 4 5 6 10 12 14 15 17 18 19 20 21 22 24 27 32 33 38 39 43 44 46 48 49 50 51 52 54 55 56 58 59 80 88
1 62 1 2 3 4 6 7 8 10 11 12 13 15 18 19 20 21 23 27 30 36 39 40 42 44 47 48 53 54 56 57 58 91
1 20 0 1 3 4 5 6 7 10 11 13 15 20 25 27 30 31 32 33 35 39 41 43 44 45 47 49 50 53 54 55 56 57 58 60 66 81 84
1 31 1 3 4 7 9 12 21 22 24 25 27 28 35 41 43 45 47 48 49 50 51 53 54 55 56 58 60 82 84 89
1 15 0 1 7 8 10 16 18 19 25 26 28 29 31 35 38 39 41 42 44 45 46 47 49 51 56 59 60 69
1 24 0 1 6 9 10 11 12 16 18 19 20 21 24 28 29 32 33 34 36 37 38 45 47 48 49 51 53 54 55 56 59 60 71 94
1 56 0 3 4 5 9 10 11 12 13 15 16 17 18 20 21 23 25 29 32 33 35 38 40 41 42 44 45 47 49 51 53 55 57 59
1 34 0 1 2 4 6 7 8 9 15 19 21 22 23 25 26 27 31 32 34 35 37 38 39 42 43 44 47 48 50 51 53 56 57 59 60 64 69 86 95
1 23 1 2 3 4 6 7 8 10 13 16 17 20 23 24 25 26 28 32 37 40 42 43 45 47 48 49 51 53 56 57 58 62 67
1 38 1 5 7 8 10 13 17 18 19 20 21 25 26 27 30 32 33 35 36 37 39 41 43 44 46 49 52 53 57 63 67 77
1 2 0 1 5 6 8 9 10 13 14 15 17 19 20 23 28 32 35 36 37 38 39 40 41 42 43 44 46 47 48 50 51 52 55 56 58 64 74 91
1 18 1 4 5 8 9 12 13 14 15 16 20 21 22 23 26 27 32 34 38 39 41 42 45 47 49 51 52 53 58 62 68 69 96
1 4 0 4 5 6 8 10 13 14 15 16 17 18 20 22 25 27 29 30 33 35 39 40 41 42 47 49 50 51 52 57 60 74 86 96
1 10 0 1 2 4 7 8 13 14 16 18 20 22 23 24 26 29 30 31 33 36 37 38 39 40 41 45 46 47 50 51 52 54 55 56 57 58 59 60 73 86
1 3 2 5 7 15 19 20 21 23 24 25 26 27 28 29 33 34 36 37 42 50 51 55 57 60 91
1 58 0 1 2 4 5 7 13 15 16 17 18 21 27 29 30 31 32 33 34 36 37 38 40 41 42 43 44 46 50 53 55 56 59 66 73 96
1 37 0 2 7 8 9 11 14 15 16 18 20 22 24 27 28 29 31 32 33 36 37 38 41 43 45 46 47 48 49 50 51 53 54 56 57 58 60 64 75
1 42 2 3 5 6 7 9 10 14 16 18 20 21 22 24 26 28 31 36 38 39 40 43 44 45 47 49 50 51 56 57 58 59 61 76 82
1 49 0 2 3 5 10 11 13 15 16 18 20 23 24 25 27 28 29 31 33 37 39 42 43 48 50 52 53 54 55 56 58 59 60
1 29 0 4 10 13 15 17 21 22 25 26 29 30 31 36 41 42 43 45 50 51 53 54 55 57 59 65 96
1 12 0 1 3 6 8 9 10 15 16 19 21 22 23 24 25 28 31 32 33 34 36 37 40 45 47 49 50 53 56 57 58 59 70 90
1 52 0 1 3 4 5 6 9 11 14 17 18 19 20 22 25 26 27 28 29 30 31 32 33 34 37 39 40 41 43 44 46 48 50 52 56 57 61 69 71 83
1 59 0 1 2 3 4 6 9 13 15 16 20 22 23 29 30 33 34 35 37 38 41 43 47 50 53 54 57 58 65 95
1 17 0 4 8 10 12 15 17 19 20 21 22 23 24 25 26 28 32 33 38 39 41 43 47 50 52 54 56 57 58 67 69
1 46 4 5 6 8 9 10 13 15 16 17 18 19 22 23 24 25 28 29 34 37 38 40 44 45 46 47 48 49 51 52 54 57 61 73 76 86 87
1 22 0 1 2 4 5 6 7 9 10 12 13 14 18 21 23 24 25 32 34 35 36 38 39 40 41 43 45 46 48 51 53 54 55 87
1 26 0 2 8 9 11 16 17 18 19 23 24 25 26 29 33 35 38 39 45 50 55 59 60 70 71 73
1 9 0 1 4 5 6 8 11 12 13 14 15 23 24 27 28 29 30 34 35 36 37 38 39 40 41 42 43 45 50 51 53 54 56 57 58 59 60 66 72 75 84 86 89 91 93
1 60 7 10 17 18 19 20 22 23 24 25 28 29 30 35 36 37 38 39 41 42 43 52 53 58 86 94
1 53 1 3 4 6 8 9 10 11 12 14 19 21 22 23 24 25 27 28 32 34 35 37 38 45 46 50 51 52 59 60 64
1 36 2 4 5 6 10 11 12 13 16 17 22 23 24 25 26 30 31 34 35 36 37 38 39 42 44 45 50 56 57 59 60 71 95
1 30 0 1 4 5 6 7 8 10 11 13 21 22 23 25 26 27 29 30 31 33 34 36 38 39 41 42 43 45 48 50 53 54 57 60 66 69 70 71 75 78
1 35 1 4 5 10 11 12 13 17 18 19 20 21 22 25 26 28 29 32 33 35 37 38 39 40 41 42 43 45 47 48 49 50 54 55 56 66 82 90 96
1 7 0 1 3 5 8 9 11 14 15 21 22 23 24 25 26 28 29 31 32 33 35 36 37 38 39 42 43 44 45 46 47 48 50 53 54 57 62 71 84
1 39 1 5 8 10 12 13 14 15 16 18 20 21 24 25 27 31 32 34 35 36 38 40 43 47 48 49 50 52 53 58 68 95 96
1 14 3 4 5 8 10 11 12 13 21 22 24 25 26 27 28 29 31 33 36 37 38 40 43 44 45 46 50 53 54 56 57 68 86 91
1 28 1 2 5 8 10 11 13 14 16 17 20 21 22 23 24 30 31 35 37 38 40 43 45 47 49 50 51 52 54 55 57 60 64 72
1 25 0 1 3 4 5 8 11 13 15 18 20 21 22 23 24 28 30 31 33 35 38 39 40 42 45 46 53 54 56 58 63 71 76
1 27 1 2 6 10 11 16 17 18 21 23 24 26 31 34 37 38 40 42 45 48 50 51 52 55 60 74 78 87
1 32 0 2 4 5 6 8 10 11 12 13 14 16 17 18 20 21 22 23 28 30 34 35 37 46 51 54 57 58 77 80 81 83 85 89
1 54 1 4 5 8 10 11 13 15 18 20 23 27 31 32 33 34 35 37 40 44 48 50 51 52 56 58 62
1 21 0 5 8 10 14 20 21 23 24 25 28 29 31 34 37 41 44 54 55 56 58 82 87 88 93
0 64 60 69
0 65 30 44 66 69 78 82 83 91 96
0 66 1 17 31 48 57 62 68 79 83 95
0 67 12 63 67 71 74 82 84 86 89 93
0 68 1 10 41 42 45 50 58 71 77
0 69 40 55 57 60 66 72 74 75 78 82 86
0 70 0 23 37 56 62 73 76
0 71 36 41 61 62 84 93
0 72 2 31 44 47 49 56 60 61 67 68 77 87 88 93
0 73 29 36 43 56 68 75 80 85 96
0 74 9 12 14 22 63 74 76 93
0 75 4 32 36 37 48 64 69 80 83
0 76 12 22 26 29 77 90
0 77 5 27 46 48 55 60 71 75 77 79 92 96
0 78 7 66 75 85 93
0 79 5 14 27 42 47 50 56 70 74 75 76 77 84 90
0 80 22 32 90 93 96
0 81 1 27 28 30 34 35 52 63 66 70 79 84 86
0 82 20 41 51 55 64 65 70 76 83 86 93
0 83 15 34 40 53 84
0 84 52 61 73 76 78 83
0 85 4 19 37 43 65 67 75 82 90
0 86 15 18 26 28 70 74 77 80
0 87 8 14 28 49 50 59 62 63 75 80 82 87 93
0 88 17 20 42 61 64 68 69 78 80 90
0 89 6 17 55 74 75 86 92
0 90 6 9 22 33 38 51 62 64 69
0 91 24 35 37 40 44 64 67 76 85 94
0 92 6 32 87 89
0 93 0 8 25 84 87
0 94 17 33 66 70 77
0 95 0 25 31 56 95
0 96 3 44 46 59 65 80 81 84 90
0 97 49 51 81 86 90
0 98 4 7 29 34 38 45 46 58 67 79 83 92
0 99 1 9 13 14 21 37 43 52 61 65 76 93
0 100 79 91 93
0 101 8 14 35 36 40 63 64 69 70 72 82 94
1 49
1 3
1 7
1 52
1 12
1 60
1 55
1 19
1 9
1 59
1 32
1 42
1 57
1 56
1 46
1 6
1 44
1 13
1 30
1 51
1 15
1 47
1 39
1 27
1 2
1 29
1 48
1 36
1 16
1 33
1 58
1 0
1 53
1 41
1 26
1 17
1 43
1 25
1 14
1 54
1 24
1 1
1 20
1 22
1 4
1 45
1 40
1 38
1 23
1 10
1 21
1 8
1 18
1 28
1 37
1 11
1 31
1 34
1 5
1 50
1 35
0 61
0 62
0 63
0 64
0 65
0 66
0 67
0 68
0 69
0 70
0 71
0 72
0 73
0 74
0 75
0 76
0 77
0 78
0 79
0 80
0 81
0 82
0 83
0 84
0 85
0 86
0 87
0 88
0 89
0 90
0 91
0 92
0 93
0 94
0 95
0 96
