4
123 115 99 108
1 4 0 4 5 7 9 12 13 16 18 23 26 27 31 34 36 37 38 39 40 41 47 48 49 50 57 62 63 64 66 67 69 70
1 46 0 1 2 3 6 7 8 11 12 14 16 18 19 22 24 25 26 28 32 33 34 35 36 37 40 43 45 47 50 51 52 54 57 59 61 62 63 66 67 69 70
1 31 0 1 3 5 6 8 9 10 12 13 16 21 24 26 27 30 31 33 34 35 36 37 39 41 44 50 51 58 62 65 66 69 70
1 25 0 1 3 4 6 7 9 11 13 15 17 18 22 23 24 25 26 27 30 35 36 38 39 40 42 43 45 47 49 50 51 52 55 56 57 61 62 63 66
1 74 0 4 7 11 12 13 14 15 17 19 22 24 25 26 28 29 33 34 38 45 46 49 52 53 58 59 64 65 66 67 69 70
1 6 0 3 5 12 14 18 22 23 24 25 28 33 36 37 38 39 40 44 45 46 50 52 53 54 58 59 63 65 68 70 71
1 23 0 1 2 3 4 5 7 9 11 12 13 14 15 16 18 19 20 23 26 27 28 32 33 36 37 38 40 41 45 48 50 51 52 54 56 58 62 63 64 65 68 69
1 2 0 4 6 7 9 11 13 16 21 22 26 28 29 31 33 34 35 36 40 46 49 52 53 54 55 56 59 62 63 69 70 71
1 5 1 2 3 4 5 6 8 10 11 13 15 21 22 23 24 25 26 27 31 34 35 37 38 39 40 45 49 50 51 52 53 54 56 57 58 59 60 62 64 65 66 68
1 71 0 1 3 4 8 9 11 12 15 16 17 18 22 24 25 27 28 32 33 34 36 37 38 40 42 43 47 50 52 54 55 56 57 58 60 63 64 66 69 70
1 8 0 3 5 6 7 9 11 12 13 16 18 21 22 23 25 26 28 29 31 32 34 36 37 38 41 43 45 48 49 50 51 54 55 56 58 59 61 62 68 69 70 71
1 27 0 2 7 11 13 16 19 21 23 24 25 26 27 28 29 30 33 36 37 41 43 44 45 48 49 52 53 54 57 59 63 64 69 70
1 54 0 4 5 9 10 23 24 25 27 30 31 32 34 37 39 40 42 46 47 51 52 53 55 56 59 62 63 64 66 67
1 24 0 1 3 8 11 14 16 18 19 21 28 31 34 35 36 37 39 45 46 47 48 50 51 52 57 59 60 63 64 67 68 70
1 72 1 2 3 5 7 8 9 11 12 15 16 22 23 24 25 26 29 30 34 35 38 39 40 43 44 45 46 49 50 51 52 56 57 59 61 62 65 66 67 70 71
1 43 0 2 3 4 5 7 9 11 12 14 15 16 18 24 25 29 30 32 33 34 36 37 38 42 45 49 50 51 53 56 57 60 61 63 64
1 42 0 1 3 5 8 9 13 19 24 25 26 27 28 30 31 32 35 37 38 39 43 44 45 47 48 49 50 53 57 59 62 63 64 67 69 71
1 57 1 2 3 7 10 13 14 16 18 19 22 23 24 27 29 30 32 33 37 38 39 40 41 43 50 51 53 56 58 62 63 66 67 68 70
1 20 0 1 3 4 6 8 9 14 16 18 20 21 22 23 26 27 30 31 32 33 34 36 37 43 45 50 52 53 54 55 57 58 59 61 63 65 68 70 71
1 75 0 1 2 5 8 9 10 12 13 19 23 25 26 27 29 31 36 37 40 44 47 49 50 53 54 59 61 63 65 66 70
1 53 1 2 3 5 6 7 8 14 16 23 25 29 30 31 32 36 37 48 50 52 54 59 60 61 63 64 65 66 67
1 17 0 1 3 4 5 6 7 8 13 15 17 18 19 20 22 23 24 27 28 30 31 33 34 35 36 38 41 42 44 45 49 50 54 56 57 64 66 68 70
1 50 0 1 2 7 10 11 17 18 20 22 23 24 25 26 27 30 32 33 38 41 43 47 48 49 54 55 56 62 63 66 68 70
1 40 4 11 12 15 18 21 23 25 26 27 28 29 30 31 32 34 35 37 38 39 40 42 44 46 48 50 52 60 62 63 64 65 67 69 70
1 66 1 3 5 6 7 9 10 11 13 14 16 21 22 23 24 25 30 34 36 38 39 41 42 43 44 51 52 55 56 61 63 67 68 69 70
1 32 0 3 4 7 10 11 12 16 17 21 27 28 29 30 31 32 35 36 37 38 39 40 41 47 49 51 52 53 54 55 67 68 70 71
1 21 0 1 2 3 4 6 7 8 10 11 12 13 14 16 19 20 23 24 27 30 31 33 34 35 37 38 40 41 44 48 49 50 51 52 55 56 59 61 62 67 68 69
1 73 0 1 4 5 10 14 16 20 22 24 25 28 29 34 36 39 40 46 48 51 52 53 57 60 62 63 65 67 69 70 71
1 28 0 1 2 5 9 10 13 14 17 22 25 26 28 29 32 33 34 36 37 38 40 41 47 48 49 50 51 52 53 54 55 56 59 61 62 63 65 66 67 69
1 18 0 1 3 5 6 7 8 9 10 12 14 16 17 18 21 22 23 27 29 31 32 33 37 38 39 40 42 43 45 46 47 49 51 52 54 61
1 29 3 7 8 18 19 21 22 26 27 28 30 31 32 34 35 40 44 47 48 49 50 52 56 59 61 62 65 66 67 68 71
1 35 1 2 3 4 6 14 15 19 22 24 25 27 30 31 34 35 38 45 46 50 51 57 58 59 61 62 63 68 70 71 108
1 59 0 5 6 10 13 14 15 18 19 20 21 25 26 28 30 31 32 35 36 38 39 40 47 49 50 51 54 58 61 62 63 64 66 68 70
1 1 0 1 2 4 5 7 10 11 13 16 19 20 22 24 25 26 28 29 30 32 36 39 42 44 46 47 48 49 50 51 52 53 56 58 59 61 62 64 65 68 70 71
1 62 1 3 4 5 9 10 11 15 20 25 26 30 31 36 38 39 40 42 43 47 48 56 58 59 61 62 63 66 67 68
1 63 1 4 5 6 7 9 10 11 12 14 15 18 19 21 23 25 26 27 28 36 38 39 40 43 45 46 55 58 60 61 62 68 69 70 71
1 15 2 4 5 6 9 11 12 14 15 16 17 21 23 25 26 28 31 32 35 36 37 38 39 43 48 49 52 53 54 55 56 61 63 68 69 71 94
1 52 1 3 5 6 9 10 11 13 15 16 18 19 20 23 24 25 27 29 30 31 32 38 39 41 42 48 49 51 52 53 57 58 59 61 65 66 68 70
1 26 0 2 3 4 5 6 8 10 12 13 15 16 18 19 22 23 24 27 30 31 32 33 40 41 43 44 45 49 51 53 55 58 60 61 62 66
1 33 1 4 5 8 9 17 19 20 21 24 25 26 28 29 31 33 34 35 38 40 41 43 44 48 49 50 51 52 53 54 55 56 57 58 62 63 64 66 68 70
1 41 1 2 4 5 6 7 8 11 13 14 17 18 19 21 22 28 32 34 37 38 39 40 41 43 44 45 47 48 49 50 53 54 61 62 68 70
1 38 2 3 4 6 7 9 11 13 14 15 17 18 23 24 25 26 28 30 36 38 39 40 41 43 47 48 49 50 51 52 55 57 58 59 61 64 65 67 70
1 45 1 2 5 6 8 9 10 11 12 13 15 16 23 24 27 30 31 32 39 40 41 48 50 51 54 55 56 57 59 61 62 63 65 67 68 69
1 19 3 4 6 8 10 11 15 17 19 21 22 25 27 28 29 33 36 37 40 47 48 51 55 56 57 58 59 61 64 65 66 67 69 70
1 0 1 4 5 6 8 10 11 12 13 15 16 18 19 21 22 23 25 26 29 34 35 36 38 39 40 41 42 44 46 50 53 55 56 57 58 59 60 61 64 67 70
1 34 1 2 3 4 5 6 8 14 15 18 20 22 23 28 31 32 33 36 40 41 42 44 45 51 52 53 54 55 56 57 59 61 62 63 64 67 70
1 3 3 5 6 8 10 12 20 25 28 31 38 41 42 43 44 45 47 49 50 51 53 54 55 56 58 60 63 65 66 68 70
1 37 1 2 3 4 7 8 9 11 12 13 15 16 17 18 20 22 24 28 29 30 34 35 36 37 38 39 40 42 43 47 48 49 51 52 53 55 56 57 58 59 60 63 65 70 71
1 39 3 5 6 7 10 11 12 14 18 20 21 22 23 27 28 30 35 41 42 43 45 47 48 50 51 55 58 59 61 63 65 69
1 10 2 3 6 7 8 9 10 12 13 14 17 18 21 24 27 31 32 33 36 37 38 41 42 44 45 46 48 49 50 52 54 56 57 59 60 61 62 65 67 68 69 70
1 58 1 6 8 9 10 13 14 17 19 20 21 22 28 29 30 33 34 35 38 40 41 42 45 46 49 50 52 55 56 57 59 62 63 66 68
1 68 6 7 8 10 12 13 14 16 17 18 23 25 26 27 28 29 30 32 33 34 36 39 40 41 42 43 44 47 48 49 50 52 53 54 55 57 60 61 64 65 67 68 69 71
1 56 1 3 8 9 11 14 15 17 18 19 21 24 25 27 28 30 31 34 35 37 38 41 43 44 47 49 53 55 56 57 60 64 67 68 69 70
1 61 2 3 5 7 8 18 19 20 21 25 27 28 29 30 31 32 34 35 36 37 39 40 42 43 44 46 47 48 49 51 53 54 61 62 63 64 65 67 68 70
1 69 2 4 5 7 8 10 12 13 14 15 20 21 24 25 31 34 36 38 39 40 41 42 43 48 50 51 56 57 58 60 62 64 69
1 47 2 7 10 11 13 16 17 21 24 28 29 30 31 33 35 39 40 42 45 47 48 49 50 51 52 54 55 56 57 59 60 66 68 69 70 71
1 22 1 3 6 7 9 10 13 14 17 18 19 21 23 24 25 28 29 31 32 33 35 37 39 40 42 44 45 47 48 49 51 52 54 55 56 57 58 59 60 61 62 64 66 71
1 60 2 4 5 8 10 12 13 16 17 20 22 24 28 29 35 37 38 40 45 46 47 48 51 52 57 58 59 61 66 69 70 71
1 11 1 3 8 10 11 12 13 14 15 17 18 19 25 30 31 34 35 36 37 39 42 43 45 46 48 49 50 52 53 54 56 57 59 61 65 67 68 71
1 16 1 2 4 5 6 9 13 14 16 17 18 19 20 21 23 24 25 27 28 29 34 38 42 44 45 46 48 49 50 51 55 60 61 63 66 68 69 70 104
1 13 0 2 3 4 5 6 7 8 9 10 11 13 14 15 17 18 19 20 24 28 30 34 38 39 40 41 47 48 49 54 56 57 58 61 63 66 67 68 70
1 67 1 3 4 5 7 8 9 11 13 15 17 18 19 22 26 28 29 30 32 37 39 41 42 43 44 45 46 48 49 51 53 55 56 58 63 70 71
1 51 1 2 3 5 6 7 8 9 10 11 13 14 15 19 20 24 25 26 27 28 30 31 35 36 37 39 41 44 46 47 50 53 54 55 57 60 61 64 67
1 9 1 3 7 8 9 11 14 15 17 18 19 20 21 28 31 33 34 35 37 38 39 42 45 46 48 53 57 59 61 67 69 71
1 55 2 4 5 9 12 16 18 19 20 21 25 28 30 31 32 33 35 36 39 43 44 46 49 51 53 54 57 60 61 64 66 68 70 71
1 30 2 3 4 6 12 15 17 18 20 22 24 25 26 29 30 37 39 40 44 46 47 51 53 54 56 57 59 60 61 62 63 67 68 70 71
1 7 0 2 3 4 5 6 8 12 13 14 17 18 20 24 28 29 30 32 34 35 36 37 38 42 43 46 48 53 54 55 56 57 58 59 63 64 65 66 69
1 14 0 2 3 5 6 8 9 10 11 12 13 22 24 26 29 30 32 34 38 39 41 43 44 46 47 48 52 54 55 57 58 60 63 67 71
1 36 2 3 4 5 6 7 8 13 14 17 20 21 22 23 27 28 29 32 33 34 42 44 47 48 52 55 56 57 58 61 64 67 68 69 70 71
1 48 2 4 10 14 15 17 20 21 23 26 27 28 32 33 34 36 40 41 43 46 52 53 54 58 59 60 61 63 64 66 67
1 65 5 6 8 9 12 13 15 17 19 20 23 27 28 30 32 33 35 36 39 44 46 50 52 55 58 59 60 61 62 65 70 71
1 12 1 2 4 5 6 9 14 15 17 19 20 24 26 28 35 39 40 41 43 44 47 48 51 54 56 58 59 61 63 64 65 67 68 70
1 76 1 2 4 5 6 10 13 14 15 18 19 21 24 25 29 30 31 32 34 35 37 40 43 44 46 47 48 51 53 54 55 56 57 59 62 63 65 95
1 44 0 2 3 5 9 10 14 16 17 18 21 23 24 26 28 29 30 32 33 35 41 43 46 47 49 52 53 54 55 56 57 58 59 60 61 65 70 71
1 64 2 8 9 10 16 17 18 19 24 27 29 30 32 35 39 40 45 46 47 48 50 54 56 57 58 61 65 67 68 69 71
1 70 1 2 4 5 10 11 13 14 15 17 21 24 29 30 35 37 38 40 41 43 47 48 53 54 55 57 58 60 61 62 63 64 70
1 49 0 1 2 7 9 10 12 14 15 17 18 19 20 21 23 24 25 28 30 31 38 41 42 44 46 51 54 56 57 59 60 61 65 69 70 71
0 77 7 21 65 93
0 78 21 26 49 70 87 109
0 79 33 53 55 67
0 80 19 22 27 53 86 113 114
0 81 64 113
0 82 15 21 36 48 55 62 72 83 84
0 83 21 28 30 46 51 57 72 79 89 109
0 84 20 27 29 30 41 49 54 55 90 91 109 113
0 85 21 78 97
0 86 11 13 30 83
0 87 4 34 47 48 59 63 74 81 87 92 105 114
0 88 13 21 45 47 50 63 89 112
0 89 61 84 110
0 90 2 11 46 49 55 72 81 83 93 109 114
0 91 54 62
0 92 13 18 19 29 31 47 49 74 93 114
0 93 40 82 102
0 94 36 50 65 66 69 99 114
0 95 17 27 52 58 74 110
0 96 1 10 27 30 80
0 97 29 36 101
0 98 5 65 85 92 101 111
0 99 38 52 53 58 59 86 106 112
0 100 27 32 50
0 101 3 17 70 101 102 107 109
0 102 7 24 31 65 71 78 91 102 105
0 103 31 66 68
0 104 9 22 56 58 84 88 93 96
0 105 35 40
0 106 8 45 56 76 78 86 90 99 111
0 107 2 4 6 14 28 42 76 83 100 101
0 108 4 12 15 36 58 65 66 98 107 114
0 109 27 98 114
0 110 12 33 62 72 82
0 111 30 36 46 55 58 63 71 77 79 86 111
0 112 27 50 60 84
0 113 4 26 42 74 79 83
0 114 2 6 14 16 20 36 57 71 86 99 105
0 115 8 105
0 116 4 13 34 73 79 80 107 112
0 117 16 30 33 44 57 86 103
0 118 33 66 69
0 119 9 72 85 88 106
0 120 29 33 48 57 62 67 75
0 121 14 38 97 103 107
0 122 31 58 65 70 75 81
1 0 3 5 8 9 10 12 14 15 16 17 19 20 21 25 28 29 31 32 36 39 40 41 42 43 45 46 47 49 51 52 57 59 61
1 16 1 4 5 6 10 11 13 15 17 20 22 23 25 26 27 29 31 32 37 39 41 42 43 45 47 50 51 55 56 58 60 61
1 22 0 2 5 8 10 19 20 21 22 25 30 38 42 43 46 47 48 49 54 55 57 60
1 66 1 8 11 12 19 23 24 26 27 29 33 34 36 37 39 41 42 44 47 49 51 56 60 61
1 62 0 1 2 3 4 8 9 11 17 19 20 21 22 27 29 33 35 38 39 44 45 50 52 54 55 56 57 59 60
1 45 3 4 5 6 9 11 14 15 19 20 22 24 26 27 28 29 33 41 42 44 45 46 47 53 54 55 56 59 60
1 37 0 1 4 7 12 15 16 18 25 26 29 31 40 42 43 44 45 46 47 50 52 53 54 55 56 60 61 87
1 36 0 1 3 4 5 7 8 9 11 12 15 17 19 20 23 24 28 29 30 31 35 36 42 43 44 45 48 53 55 57 58 59 60 61
1 7 1 2 7 9 14 15 19 21 24 26 27 29 30 31 32 38 39 41 42 44 45 47 48 49 50 51 52 54 55 56 58 60 61
1 26 1 5 6 7 10 11 14 16 22 24 26 27 31 34 35 38 39 46 47 49 51 52 55 57 58 59
1 52 1 2 4 8 9 12 17 18 19 21 25 26 28 29 30 32 33 34 36 38 40 42 43 44 46 47 48 49 50 51 52 53 54 55 57 60 61
1 50 0 3 7 8 10 11 13 14 16 17 18 19 20 22 23 24 25 28 29 31 33 34 38 41 43 45 49 50 51 53 56 61
1 1 2 4 7 9 10 11 15 19 20 21 22 25 26 28 29 31 32 33 36 37 40 42 43 45 47 48 49 52 54 55 57 58 59 60
1 25 0 1 3 4 5 8 12 13 18 19 21 22 23 26 27 28 29 31 37 38 40 41 42 43 44 48 51 52 53 54 55 57 58 59 60 61
1 11 1 2 3 5 9 10 14 15 18 21 24 27 29 30 31 35 37 38 39 41 42 43 44 47 48 52 54 56 60
1 12 1 5 10 12 14 15 16 18 22 23 24 26 27 30 37 38 43 45 47 48 49 55 56 57 58 60 61
1 64 1 3 4 8 9 11 13 14 16 17 19 20 21 23 24 25 26 27 29 31 33 34 35 36 39 40 41 43 44 45 46 47 48 49 50 54 55 56 58 59 60
1 27 1 3 4 6 7 8 10 11 12 14 20 21 23 25 26 27 28 30 31 33 35 37 38 40 41 42 44 47 48 49 50 52 53 55 57 58 59 60
1 63 1 2 3 4 5 10 14 16 17 19 22 23 24 28 29 31 32 33 34 36 38 40 41 47 48 49 50 52 57 58 59 61
1 23 2 3 6 7 9 11 13 16 17 18 19 20 21 22 23 25 28 30 31 34 36 37 38 39 40 42 43 44 45 47 49 50 51 52 55 56 57 59 60 61
1 34 1 2 5 10 13 14 16 17 21 22 23 27 33 35 36 37 38 40 41 42 43 46 49 50 52 54 56 57 58 61
1 49 0 1 4 5 9 10 11 15 16 17 18 19 21 22 24 26 28 31 32 34 36 40 49 50 51 53 54 58 61
1 3 0 1 8 9 10 11 13 14 16 17 18 20 21 22 25 26 27 28 29 32 35 36 38 39 40 41 42 44 45 46 47 49 51 52 53 55 56 58 59
1 24 0 1 3 4 5 7 9 10 11 12 15 16 19 20 21 23 26 27 29 34 36 40 41 42 43 44 46 52 53 55 57 58 59 60
1 69 0 5 6 9 11 12 15 16 17 22 23 24 26 27 31 32 34 35 40 43 46 47 48 50 51 52 53 54 55 57 58 60
1 33 1 2 3 5 8 12 13 14 15 16 18 19 22 23 24 27 28 29 31 33 34 38 39 43 47 48 49 50 51 53 57 58 60
1 38 0 7 8 9 10 12 13 14 15 16 18 22 23 24 26 28 29 30 31 32 33 35 36 38 39 41 43 45 48 49 50 53 54 55 57 58 59 60
1 70 0 2 4 5 7 9 17 19 22 23 24 27 29 31 33 34 35 36 37 38 39 40 41 43 44 46 47 48 49 50 58
1 31 2 3 4 8 16 17 18 20 23 24 25 27 30 31 32 33 34 35 37 39 42 43 45 48 49 50 52 54 61
1 68 1 5 7 8 9 10 11 14 15 17 18 19 21 23 24 25 27 30 32 36 37 41 42 43 45 48 50 52 53 54 55 56 58 60
1 6 0 1 5 7 10 11 14 16 17 20 24 27 28 34 36 37 40 41 42 45 46 49 51 55 56 57 59 60
1 67 0 5 6 7 9 11 14 15 19 20 25 26 27 29 30 31 34 36 38 41 45 46 47 49 53 57 58 60 61
1 39 1 2 3 7 10 11 12 15 17 18 20 21 22 26 27 28 31 32 33 34 37 39 41 43 48 50 55 56 57 58 60 61
1 53 0 1 3 4 6 7 10 14 17 20 23 26 29 34 35 36 41 43 47 51 53 55 56 57 58 60 61
1 65 0 1 4 7 9 11 14 15 19 20 21 22 23 25 26 27 29 30 31 32 35 36 37 38 39 40 41 42 43 44 46 47 49 50 51 53 54 56 57 59 61
1 4 0 1 2 3 5 7 9 11 15 17 18 19 20 21 22 23 24 26 31 32 33 35 36 37 38 39 42 46 48 49 50 52 53 54 55 56 57 58 61
1 40 0 1 2 4 6 8 11 13 14 15 16 18 19 20 21 22 23 24 27 28 32 36 37 38 39 47 48 49 53 57 58 59 61
1 51 0 3 6 12 15 21 23 25 27 29 30 33 34 35 39 44 46 47 48 49 51 54 58 59 60
1 5 3 4 5 7 9 11 14 15 17 19 21 23 25 26 27 31 35 37 43 45 46 47 52 54 59
1 28 2 4 6 8 9 13 15 17 19 23 24 26 27 29 31 36 42 44 46 47 52 53 54 55 57 60 61
1 9 0 4 5 6 7 8 9 12 15 16 17 18 20 22 23 24 27 29 30 31 32 33 41 42 45 46 50 53 54 55 57 59 60
1 13 0 4 6 8 9 10 11 12 13 14 15 16 17 19 21 25 26 30 31 34 35 38 40 43 44 48 52 53 56 58 60
1 32 1 4 5 9 11 12 13 15 17 18 22 25 27 28 29 30 32 33 37 41 46 48 50 51 52 55 60
1 47 1 6 7 10 12 16 19 21 23 24 25 26 28 31 33 34 39 40 41 43 44 48 50 51 52 54 55 57 58 61
1 35 2 4 5 7 9 10 13 14 16 17 18 19 27 28 29 30 31 36 37 40 42 43 44 47 48 51 56 58 60 61
1 21 1 4 5 6 7 8 9 11 15 17 18 19 20 21 27 28 29 31 32 33 38 45 46 47 51 54 55 58 59
1 58 0 1 4 6 10 14 16 17 18 19 20 21 22 24 26 27 29 30 31 33 36 37 48 55 57 58 59 61
1 59 0 1 2 3 5 6 9 12 14 17 18 21 22 23 24 29 32 33 34 35 37 38 40 41 44 46 48 50 51 52 56 60 61
1 18 0 2 3 4 5 6 8 9 11 12 13 14 15 18 20 25 28 29 31 32 38 39 43 45 46 48 49 53 57 58 60
1 56 0 6 7 9 12 16 21 23 25 28 29 32 35 36 37 38 40 42 45 47 48 49 51 55 56 60 61
1 41 1 3 4 5 6 12 13 14 16 18 19 20 25 29 30 34 35 41 43 47 48 49 53 55 57
1 8 0 2 8 11 12 14 15 18 19 22 23 24 25 27 28 33 35 37 38 39 41 43 45 50 51 54 59 60
1 57 0 1 3 4 5 6 8 10 11 12 13 15 19 21 22 23 24 25 27 29 30 35 36 37 38 39 40 42 43 48 49 50 51 52 55 56 60 61
1 30 0 1 2 5 6 9 12 13 14 17 18 20 26 28 34 37 38 40 42 45 49 51 55 58 61
1 15 0 2 5 6 7 8 9 10 11 13 20 21 22 23 28 29 30 31 32 34 36 38 39 40 41 43 46 49 52 53 55 56 59 61
1 42 1 2 5 8 9 13 14 17 18 20 22 25 30 31 33 38 39 40 43 45 47 48 49 53 55 56 57 59 60 61
1 19 7 9 10 12 16 18 19 24 25 26 30 33 37 38 39 40 45 48 50 52 54 56 57 58 59 60 61
1 54 2 3 6 9 14 15 16 18 19 23 26 31 32 38 39 40 44 45 47 51 55 56 58 59
1 71 2 3 4 5 6 7 9 10 11 14 15 16 19 21 26 27 29 30 32 33 35 38 42 46 51 52 53 55 56 57 59 60 61
1 43 0 2 4 5 6 7 8 9 11 13 16 19 21 22 24 25 26 29 33 35 37 38 41 42 44 48 50 51 53 56 57 59
1 29 3 5 8 9 12 14 16 17 20 22 23 25 29 30 33 35 36 38 39 40 42 46 47 48 52 53 54 56 57
1 10 1 2 5 10 11 13 15 16 18 19 20 21 23 24 25 30 31 33 34 37 39 42 44 45 46 48 49 53 54 58 59
1 14 0 1 2 3 4 8 11 12 13 14 15 16 21 23 24 25 33 37 38 42 44 46 47 49 53 54 58 59
1 44 0 1 2 3 4 5 6 8 10 12 13 16 18 20 22 24 25 31 32 33 34 36 37 40 46 52 55 56 60 61
1 20 0 1 3 5 9 11 13 15 16 17 19 21 22 23 25 26 28 29 30 32 34 35 36 38 39 42 43 44 45 49 52 54 58 61
1 48 3 5 6 8 9 11 12 13 14 15 16 20 21 22 23 24 25 26 28 31 32 33 34 39 41 42 44 47 51 52 53 59
1 55 0 2 4 7 9 12 13 14 15 18 20 23 24 25 32 33 35 36 38 39 40 41 45 47 48 49 52 54 56 57 59
1 61 0 1 4 6 7 8 9 12 13 14 15 16 17 18 19 21 22 25 27 28 30 32 34 35 37 39 42 44 47 51 56 58
1 60 2 4 6 9 11 13 22 23 26 29 30 31 32 33 34 38 39 40 41 47 48 51 53 57 58 59 61
1 2 2 3 5 6 7 8 13 16 18 19 20 21 23 25 29 32 33 34 35 38 39 40 41 42 43 48 50 51 53 56
1 17 1 2 5 8 9 11 12 15 17 18 21 22 23 25 26 28 30 31 33 35 37 38 41 42 46 50 52 53 54 56 57 59 60
1 46 1 2 6 9 11 12 13 14 15 18 20 21 23 25 26 28 30 36 37 38 39 40 45 46 49 50 52 56 58 59
0 72 8 37 51 67 70
0 73 66
0 74 27 42 47 69
0 75 34 41 80 81 94
0 76 4 18 60 63 80 85 86 91
0 77 23 30 33 37 54 76 85 93 98
0 78 1 8 15
0 79 21 32 36 45 70 84 85 92
0 80 30 34 36 37 50 62 82 83 90
0 81 12 14 17 37 68 92 95
0 82 2 26 52 58 89 90 98
0 83 32 52
0 84 23 55 77 98
0 85 21 33 39 79
0 86 93 96
0 87 26 56 90 95
0 88 14 33 69 78 94 98
0 89 14 22 27 91 95
0 90 10 22 25 79
0 91 0 34 42 44 84
0 92 3 11 29 38 61 66 74 92
0 93 8
0 94 10 19 20 21 29 70 75 98
0 95 2 22 28 32 59 68 74 82 83
0 96 19 40 54 70 85 88 96
0 97 27 31 47 94
0 98 1 37 65
0 99 12 25 35 44 57 72 86
0 100 21 29 50 72 73 74 81 92 94
0 101 13 20 48 62 94
0 102 19 57 60 62
0 103 21 83 85
0 104 18 29 66
0 105 1 23 24 26 37 47 64
0 106 61 74 93
0 107 46 66 68 86
0 108 15 26 40 70 74
0 109 22 39 58 64 75 76 86
0 110 7 8 14 21 34 58 60 66 91
0 111 7 47 66 68 88 95
0 112 18
0 113 11 21 26 34 40 62 67 97
0 114 8 30 59 63 66 68 71
1 44 0 1 2 4 5 7 9 10 13 14 15 16 19 20 22 24 25 26 28 29 31 32 34 36 39 40 43 46 48 49 52 55 56 58 60 62 64 73 96
1 43 1 5 9 10 12 15 16 19 25 27 28 29 32 34 36 39 40 41 42 43 44 45 47 49 50 52 54 57 58 59 60 61 64 66 74 96
1 55 1 4 7 10 12 13 15 18 19 24 27 29 31 32 34 39 40 43 44 47 48 53 54 58 59 61 62 64 67 88 93
1 60 0 2 9 16 17 18 19 20 21 25 28 29 32 35 37 41 44 46 47 48 49 53 54 58 59 60 65 66
1 19 1 2 10 11 12 13 14 15 17 24 26 28 31 32 34 37 39 40 41 43 44 47 48 49 51 55 56 60 63 93 96 103
1 45 1 3 5 7 8 13 15 21 24 26 29 30 36 38 39 40 41 43 44 47 49 51 55 56 57 62 64 65 66 104 107
1 10 1 3 7 9 12 14 15 16 18 20 22 24 25 26 29 31 32 33 36 37 38 41 42 44 47 48 49 52 54 55 59 60 62 63 64 72 80 103 104
1 49 2 4 5 11 13 14 16 20 22 25 27 28 29 30 31 32 34 39 41 42 43 44 47 48 52 54 56 57 58 60 61 66 67 77 80 97
1 27 0 3 4 5 9 10 11 14 15 16 18 19 20 21 22 26 27 28 29 33 34 35 36 40 41 44 45 46 47 48 52 55 57 65 102
1 11 1 2 4 8 11 13 19 20 23 24 27 28 32 39 41 42 44 48 49 52 53 54 55 57 60 63 64 81 94 103
1 41 4 5 7 8 9 10 13 14 15 20 21 24 28 34 37 42 43 44 47 48 49 50 51 54 57 58 62 64 66 69 73 76
1 4 0 3 4 5 9 11 12 15 20 21 24 25 26 28 34 35 36 37 39 40 41 43 44 48 49 50 51 52 56 57 58 60 62 64 71 78 104
1 42 0 2 3 4 7 9 10 11 13 14 16 17 18 21 22 24 25 28 29 31 34 35 37 39 41 43 47 48 49 50 51 55 57 58 60 69 74 84 94
1 1 0 2 4 5 6 14 15 17 18 19 20 21 22 25 26 27 28 29 30 32 33 35 36 39 40 41 46 47 53 54 55 58 59 60 62 65 72 93
1 46 1 2 5 6 7 9 10 11 12 14 15 16 17 20 21 22 28 29 32 33 36 38 39 40 42 43 44 47 52 53 55 56 58 62 65 72 92 95 104
1 26 0 1 5 6 7 9 12 13 16 18 21 22 23 25 26 27 28 29 30 31 32 33 38 40 41 46 47 48 49 50 54 55 56 57 58 62 64 65
1 57 0 2 4 6 8 9 11 12 13 14 15 16 22 24 26 27 33 34 35 36 39 41 44 45 47 48 49 50 51 52 54 55 56 57 62 65 67 68 76 88 98
1 61 0 1 4 5 7 10 11 12 14 15 16 17 20 21 22 23 24 25 26 27 28 29 34 35 36 37 38 41 44 46 48 50 52 54 56 57 58 61 62 65 80 82 96 98
1 50 1 2 6 7 8 10 11 12 13 17 19 21 23 25 26 27 28 29 31 32 34 35 37 40 41 42 45 46 48 49 50 53 54 55 56 57 59 61 62 65 76 89 92
1 47 2 3 4 6 8 9 10 11 12 13 15 17 19 20 21 28 30 33 36 37 39 40 42 44 45 46 48 50 53 54 56 57 59 60 62 63 64 65 70 86 88
1 31 0 3 4 8 9 10 11 12 16 17 24 26 27 34 35 38 41 43 44 46 49 52 53 54 56 60 61 64 72 88 89 100 104
1 36 1 2 3 5 7 9 10 11 12 13 19 24 26 30 32 37 41 43 46 47 51 52 53 55 56 57 60 63 65 75 78 82 87 88 103
1 54 1 2 4 5 6 7 8 9 10 11 14 15 19 22 23 28 31 32 34 35 37 39 40 42 43 46 48 49 51 52 53 56 57 59 60 63 65 89 96
1 29 3 4 5 7 9 13 14 16 17 22 24 25 27 29 31 32 34 38 41 46 47 52 53 54 55 57 59 60 61 66 67
1 20 2 3 6 7 10 13 15 18 19 20 22 25 26 29 31 32 34 36 37 38 40 42 43 47 48 49 51 52 53 55 56 58 61 63 65 66 85 102
1 48 0 4 7 9 13 15 18 20 21 23 24 25 28 31 33 34 35 39 41 42 44 47 48 54 56 57 58 62 64 66 67 74 94 100
1 8 2 4 5 7 9 11 13 16 20 21 23 24 26 27 28 29 35 38 39 40 41 42 43 46 47 52 55 56 60 61 64 67 82
1 17 0 1 2 5 6 7 8 10 14 15 17 18 19 22 23 24 25 26 28 29 30 33 35 36 37 38 39 41 44 45 46 47 48 49 50 53 54 56 58 59 64 65 66 90 96
1 22 1 4 8 9 10 12 14 18 19 20 21 23 25 28 29 31 35 36 41 43 45 46 48 49 51 55 59 60 61 70 80 81 100
1 56 1 2 4 5 6 8 13 14 15 17 21 24 27 28 29 33 34 35 37 38 40 41 42 43 46 48 49 50 51 52 53 55 56 57 58 59 60 64 65 67 70 73 92
1 52 2 3 4 6 7 10 11 12 15 18 19 20 24 26 27 29 30 33 34 35 37 38 39 40 41 47 48 51 52 53 54 57 58 59 60 61 62 64 95 100 104 106
1 3 0 4 5 7 10 11 13 14 15 16 17 20 21 22 24 26 27 28 29 30 31 32 33 37 38 39 40 41 42 43 48 50 52 53 54 57 59 61 63 73 76
1 34 1 7 8 9 10 11 13 15 17 18 19 20 21 23 24 25 27 29 31 33 34 35 36 40 42 43 45 46 47 49 51 53 55 56 63 67 76
1 28 4 5 7 8 11 12 14 16 21 22 26 29 30 31 32 33 34 36 38 40 41 42 43 46 48 51 52 53 54 55 57 62 63 65 67 92
1 24 2 3 6 10 11 13 14 17 18 24 25 27 30 32 34 35 38 41 45 46 47 48 51 58 60 61 65 66 67 69 79 93
1 14 6 8 9 10 11 12 16 17 21 25 26 28 29 30 31 35 38 39 43 44 45 48 49 50 51 52 57 58 59 60 63 64 68 92 101 103 106
1 38 1 5 6 8 9 11 15 16 17 18 19 20 22 26 27 28 29 30 31 36 37 39 40 41 42 43 44 49 53 56 60 61 62 64 65 66 67 79
1 15 0 1 4 7 9 10 11 14 16 17 20 22 26 27 28 31 34 35 36 37 38 39 46 47 48 50 51 52 56 59 62 63 65 66 71 77 88 101 103
1 51 0 3 4 7 8 11 12 14 15 16 17 18 21 22 24 25 27 28 30 31 32 35 36 37 38 42 44 45 47 48 50 51 53 55 56 57 58 59 67 72
1 40 0 2 3 6 7 8 9 10 11 13 14 16 17 18 22 25 27 34 35 36 37 38 40 43 45 47 49 50 51 52 53 57 58 61 62 64 65 67 88
1 58 0 8 9 10 12 14 18 19 20 21 22 27 30 31 32 35 36 37 42 44 45 48 49 52 56 61 63 66 67 105
1 21 0 1 2 3 9 10 12 13 14 15 16 17 18 19 21 25 33 36 37 39 42 45 46 52 53 55 56 57 59 60 61 66 76 99
1 32 0 3 4 7 9 10 11 13 15 16 17 18 20 23 26 27 33 35 36 39 42 43 44 45 51 53 54 57 58 59 60 62 64 91
1 0 0 4 5 7 9 10 14 16 17 18 21 23 24 25 26 28 37 38 39 41 45 46 48 50 52 53 55 56 57 60 61 64 66 84 91 93
1 7 4 5 6 7 10 11 17 18 19 20 21 23 27 28 31 33 35 37 38 39 42 44 45 51 53 54 55 56 57 58 59 62 67 69 71
1 5 2 3 4 5 6 8 11 14 17 18 19 20 21 22 23 27 30 32 34 36 37 39 44 45 48 50 51 52 53 56 59 64 65
1 23 3 4 5 6 7 9 10 11 14 15 17 18 21 23 25 28 29 30 33 37 41 43 48 51 55 56 57 60 61 62
1 9 1 2 3 4 5 7 10 11 14 15 23 29 30 32 33 34 36 39 42 44 46 47 51 52 53 54 55 59 61 63 65 67 83 85 86 89 92 93 94
1 39 0 3 5 6 7 8 10 11 12 13 17 18 19 21 22 23 25 26 34 36 38 41 42 44 47 54 55 56 57 58 60 61 63 64 66
1 30 3 5 6 7 12 13 14 18 19 21 22 23 24 27 31 33 34 35 36 37 39 40 41 42 43 44 45 47 48 49 50 51 53 54 55 56 58 59 60 62 64 66 67 91 100
1 59 4 5 6 7 9 10 13 14 16 17 19 23 24 25 26 27 28 30 31 33 35 38 39 41 46 47 50 52 58 59 61 64 66 67 100
1 37 0 4 7 10 11 12 13 14 15 16 18 19 20 21 23 24 30 31 33 34 35 36 37 38 42 43 45 46 47 49 50 51 52 53 54 56 57 59 66 99 100
1 16 0 3 4 5 6 7 13 15 17 18 21 22 26 29 30 31 33 34 36 41 42 46 47 48 49 52 60 61 63 65 97
1 35 0 4 5 7 9 10 11 15 16 18 20 21 23 24 25 26 30 31 32 33 34 35 36 37 39 42 45 48 49 50 51 54 56 57 59 61 62 63 65 66 67 73 91 96
1 53 0 4 6 7 8 10 12 13 17 19 20 23 24 25 26 27 28 30 33 34 37 38 40 42 45 46 49 50 51 52 54 58 61 62 66 67 87 89 100 104
1 33 1 4 5 7 9 10 11 12 14 18 21 22 23 29 32 34 35 37 38 39 40 41 42 43 45 46 48 52 53 54 57 58 59 60 61 62 65 66 67 72 75
1 18 3 4 5 9 13 14 15 18 21 22 31 33 35 40 41 48 58 59 60 61 65 69 84 97 99
1 25 0 1 5 8 11 12 16 18 21 22 23 26 27 28 30 31 34 38 39 41 44 45 46 48 49 52 53 54 57 60 63 66 67 70 80
1 2 2 3 4 5 6 7 9 10 11 12 14 18 19 20 21 22 23 25 27 29 30 33 34 43 46 47 48 49 50 51 52 54 60 62 65 66 67 79 95
1 12 1 3 4 5 6 7 8 9 10 12 14 18 20 21 22 23 26 29 30 34 37 41 43 45 48 50 52 53 55 59 60 61 64 66 85
1 6 0 3 4 6 7 9 10 11 12 15 16 17 19 21 22 23 27 28 29 33 39 41 42 46 47 50 53 56 58 59 60 61 66 67 74 77 85 97 104
1 13 2 5 7 8 9 12 13 18 22 23 26 27 31 37 38 39 41 45 49 50 52 53 54 59 63 65 67 90 94 95
0 62 5 12 14 21 46 72 78 98
0 63 36 69
0 64 1 20 62 76 77 81 91 92 107
0 65 4 5 34 61 72
0 66 2 30 46 51 57 63 72 103
0 67 12 19 29 54 55 56 72 76 91 98 105 106
0 68 16 17 48 70
0 69 14 24 35 37 38 55 62 72 74 76 79 82 94 96
0 70 53 56 74 83 85 97
0 71 10 12 28 54 79 83 84 103
0 72 73 92 97
0 73 1 3 17 49 62 67 85 86 87 92
0 74 0 37 45 64 68 81 84 95 104 106
0 75 8 71
0 76 71 82 89 97
0 77 35 55 71 85 88 96 106
0 78 19 22 66 82 93 96 99
0 79 0 43 95
0 80 69 73 81 91 100 107
0 81 15 41 47 60 78 82 85 106
0 82 21 83 93 99
0 83 9 17 18 19 21 29 46 84 97 103 106
0 84 60 93 97 100 103
0 85 27 28 29 41 48 80 84 95 96 103 104 107
0 86 70 95 98
0 87 21 28 42 65 70 78 88 99 106
0 88 3 11 15 22 30 39 50 65 69 89 96
0 89 34 47 73 97 100
0 90 34 37 81 89 92 94 98 100
0 91 10 27 37 49 55 72 76 79 86 106
0 92 0 8 18 59 67 81 85 87 89
0 93 3 22 56 66 68 72 78 94
0 94 67 77 107
0 95 3 11 27 35 43 44 70 82 86 97 103
0 96 2 3 24 35 55 58 60 69 77 83 85 92
0 97 15 32 42 70 91 106
0 98 5 21 48 70 97
1 32
1 44
1 40
1 1
1 28
1 2
1 24
1 29
1 55
1 47
1 64
1 15
1 43
1 49
1 25
1 20
1 62
1 58
1 16
1 57
1 13
1 48
1 41
1 56
1 36
1 39
1 54
1 26
1 19
1 34
1 60
1 9
1 65
1 35
1 14
1 31
1 27
1 11
1 0
1 52
1 46
1 10
1 4
1 12
1 8
1 17
1 37
1 51
1 42
1 5
1 22
1 53
1 63
1 21
1 7
1 38
1 3
1 50
1 59
1 33
1 6
1 61
1 18
1 30
1 66
1 45
1 67
1 23
0 68
0 69
0 70
0 71
0 72
0 73
0 74
0 75
0 76
0 77
0 78
0 79
0 80
0 81
0 82
0 83
0 84
0 85
0 86
0 87
0 88
0 89
0 90
0 91
0 92
0 93
0 94
0 95
0 96
0 97
0 98
0 99
0 100
0 101
0 102
0 103
0 104
0 105
0 106
0 107
